>anchorPlateId 301
>reconstructionTime 73
>DeformingMeshPoints.gpml lat_lon_velocity_domain_28_32.gpml
>MeshNode <identity>GPlates-b7a3af0e-8119-4abb-9ae6-39bb7e5702ce</identity> <revision>GPlates-7b04c5e6-7801-49f1-bcc4-23d6f4e5417f</revision>
> reconstructionPlateId 0
> validTime TimePeriod <begin> TimeInstant <timePosition>http://gplates.org/times/distantPast</timePosition></begin> <end> TimeInstant <timePosition>http://gplates.org/times/distantFuture</timePosition></end>
  27.498333      71.010893      -0.0000000000000000       0.0000000000000000        302
  30.258969      71.199413      -0.0000000000000000       0.0000000000000000        302
  33.043039      71.393610      -0.0000000000000000       0.0000000000000000        302
  35.852012      71.593073      -0.0000000000000000       0.0000000000000000        302
  38.687407      71.797370      -0.0000000000000000       0.0000000000000000        302
  41.550789      72.006044      -0.0000000000000000       0.0000000000000000        302
  44.443767      72.218615      -0.0000000000000000       0.0000000000000000        302
  47.367991      72.434580      -0.0000000000000000       0.0000000000000000        302
  50.325148      72.653410      -0.0000000000000000       0.0000000000000000        302
  53.316955      72.874553      -0.0000000000000000       0.0000000000000000        373
  56.345151      73.097428      -0.0000000000000000       0.0000000000000000        373
  59.411487      73.321432      -0.0000000000000000       0.0000000000000000        372
  62.517715      73.545933      -0.0000000000000000       0.0000000000000000        372
  65.665571      73.770273      -0.0000000000000000       0.0000000000000000        372
  68.856755      73.993768      -0.0000000000000000       0.0000000000000000        372
  72.092916      74.215709      -0.0000000000000000       0.0000000000000000        372
  75.375620      74.435361      -0.0000000000000000       0.0000000000000000        404
  78.706325      74.651964      -0.0000000000000000       0.0000000000000000        404
  82.086346      74.864736      -0.0000000000000000       0.0000000000000000        404
  85.516821      75.072874      -0.0000000000000000       0.0000000000000000        404
  88.998672      75.275559      -0.0000000000000000       0.0000000000000000        404
  92.532556      75.471954      -0.0000000000000000       0.0000000000000000        404
  96.118824      75.661213      -0.0000000000000000       0.0000000000000000        404
  99.757475      75.842486      -0.0000000000000000       0.0000000000000000        404
  103.448104      76.014920      -0.0000000000000000       0.0000000000000000        401
  107.189860      76.177672      -0.0000000000000000       0.0000000000000000        401
  110.981402      76.329912      -0.0000000000000000       0.0000000000000000        401
  114.820865      76.470832      -0.0000000000000000       0.0000000000000000        401
  118.705830      76.599659      -0.0000000000000000       0.0000000000000000        401
  122.633309      76.715660      -0.0000000000000000       0.0000000000000000        401
  126.599743      76.818153      -0.0000000000000000       0.0000000000000000          0
  130.601012      76.906520      -0.0000000000000000       0.0000000000000000          0
  134.632469      76.980212      -0.0000000000000000       0.0000000000000000          0
  28.939559      68.451814      -0.0000000000000000       0.0000000000000000        302
  31.758556      68.643401      -0.0000000000000000       0.0000000000000000        302
  34.599237      68.840533      -0.0000000000000000       0.0000000000000000        302
  37.462865      69.042769      -0.0000000000000000       0.0000000000000000        302
  40.350728      69.249642      -0.0000000000000000       0.0000000000000000        302
  43.264138      69.460667      -0.0000000000000000       0.0000000000000000        302
  46.204426      69.675331      -0.0000000000000000       0.0000000000000000        302
  49.172939      69.893101      -0.0000000000000000       0.0000000000000000        302
  52.171032      70.113421      -0.0000000000000000       0.0000000000000000        302
  55.200064      70.335709      -0.0000000000000000       0.0000000000000000        302
  58.261385      70.559362      -0.0000000000000000       0.0000000000000000        302
  61.356329      70.783753      -0.0000000000000000       0.0000000000000000        372
  64.486204      71.008232      -0.0000000000000000       0.0000000000000000        372
  67.652270      71.232125      -0.0000000000000000       0.0000000000000000        372
  70.855733      71.454739      -0.0000000000000000       0.0000000000000000        372
  74.097718      71.675359      -0.0000000000000000       0.0000000000000000        401
  77.379257      71.893249      -0.0000000000000000       0.0000000000000000        401
  80.701258      72.107658      -0.0000000000000000       0.0000000000000000        401
  84.064489      72.317817      -0.0000000000000000       0.0000000000000000        401
  87.469544      72.522945      -0.0000000000000000       0.0000000000000000        401
  90.916823      72.722252      -0.0000000000000000       0.0000000000000000        401
  94.406495      72.914939      -0.0000000000000000       0.0000000000000000        401
  97.938475      73.100206      -0.0000000000000000       0.0000000000000000        401
  101.512394      73.277258      -0.0000000000000000       0.0000000000000000        401
  105.127569      73.445306      -0.0000000000000000       0.0000000000000000        401
  108.782980      73.603574      -0.0000000000000000       0.0000000000000000        401
  112.477248      73.751309      -0.0000000000000000       0.0000000000000000        401
  116.208618      73.887787      -0.0000000000000000       0.0000000000000000          0
  119.974950      74.012315      -0.0000000000000000       0.0000000000000000          0
  123.773715      74.124247      -0.0000000000000000       0.0000000000000000          0
  127.602002      74.222987      -0.0000000000000000       0.0000000000000000          0
  131.456533      74.307995      -0.0000000000000000       0.0000000000000000          0
  135.333687      74.378798      -0.0000000000000000       0.0000000000000000          0
  30.087225      65.882872      -0.0000000000000000       0.0000000000000000        302
  32.950283      66.076808      -0.0000000000000000       0.0000000000000000        302
  35.833317      66.276171      -0.0000000000000000       0.0000000000000000        302
  38.737417      66.480493      -0.0000000000000000       0.0000000000000000        302
  41.663682      66.689284      -0.0000000000000000       0.0000000000000000        302
  44.613224      66.902032      -0.0000000000000000       0.0000000000000000        302
  47.587155      67.118204      -0.0000000000000000       0.0000000000000000        302
  50.586590      67.337243      -0.0000000000000000       0.0000000000000000        302
  53.612634      67.558571      -0.0000000000000000       0.0000000000000000        302
  56.666379      67.781590      -0.0000000000000000       0.0000000000000000        302
  59.748895      68.005678      -0.0000000000000000       0.0000000000000000        302
  62.861219      68.230193      -0.0000000000000000       0.0000000000000000        302
  66.004346      68.454475      -0.0000000000000000       0.0000000000000000        302
  69.179218      68.677843      -0.0000000000000000       0.0000000000000000        372
  72.386707      68.899599      -0.0000000000000000       0.0000000000000000        401
  75.627601      69.119026      -0.0000000000000000       0.0000000000000000        401
  78.902592      69.335396      -0.0000000000000000       0.0000000000000000        401
  82.212254      69.547965      -0.0000000000000000       0.0000000000000000        401
  85.557026      69.755981      -0.0000000000000000       0.0000000000000000        401
  88.937194      69.958683      -0.0000000000000000       0.0000000000000000        401
  92.352870      70.155306      -0.0000000000000000       0.0000000000000000        401
  95.803972      70.345084      -0.0000000000000000       0.0000000000000000        401
  99.290208      70.527256      -0.0000000000000000       0.0000000000000000        401
  102.811053      70.701067      -0.0000000000000000       0.0000000000000000        401
  106.365734      70.865776      -0.0000000000000000       0.0000000000000000        401
  109.953217      71.020662      -0.0000000000000000       0.0000000000000000        401
  113.572193      71.165027      -0.0000000000000000       0.0000000000000000        401
  117.221073      71.298202      -0.0000000000000000       0.0000000000000000        401
  120.897984      71.419556      -0.0000000000000000       0.0000000000000000        401
  124.600771      71.528503      -0.0000000000000000       0.0000000000000000        401
  128.327004      71.624501      -0.0000000000000000       0.0000000000000000          0
  132.073997      71.707068      -0.0000000000000000       0.0000000000000000          0
  135.838820      71.775781      -0.0000000000000000       0.0000000000000000          0
  31.025558      63.306919      -0.0000000000000000       0.0000000000000000        302
  33.923000      63.502715      -0.0000000000000000       0.0000000000000000        302
  36.838818      63.703830      -0.0000000000000000       0.0000000000000000        302
  39.773960      63.909778      -0.0000000000000000       0.0000000000000000        302
  42.729376      64.120049      -0.0000000000000000       0.0000000000000000        302
  45.706014      64.334111      -0.0000000000000000       0.0000000000000000        302
  48.704817      64.551413      -0.0000000000000000       0.0000000000000000        302
  51.726717      64.771381      -0.0000000000000000       0.0000000000000000        302
  54.772630      64.993422      -0.0000000000000000       0.0000000000000000        302
  57.843448      65.216924      -0.0000000000000000       0.0000000000000000        302
  60.940033      65.441252      -0.0000000000000000       0.0000000000000000        302
  64.063207      65.665758      -0.0000000000000000       0.0000000000000000        390
  67.213745      65.889771      -0.0000000000000000       0.0000000000000000        468
  70.392362      66.112608      -0.0000000000000000       0.0000000000000000        401
  73.599703      66.333570      -0.0000000000000000       0.0000000000000000        401
  76.836331      66.551943      -0.0000000000000000       0.0000000000000000        401
  80.102715      66.767005      -0.0000000000000000       0.0000000000000000        401
  83.399215      66.978022      -0.0000000000000000       0.0000000000000000        401
  86.726069      67.184257      -0.0000000000000000       0.0000000000000000        401
  90.083379      67.384967      -0.0000000000000000       0.0000000000000000        401
  93.471095      67.579409      -0.0000000000000000       0.0000000000000000        401
  96.889004      67.766846      -0.0000000000000000       0.0000000000000000        401
  100.336713      67.946544      -0.0000000000000000       0.0000000000000000        401
  103.813641      68.117786      -0.0000000000000000       0.0000000000000000        401
  107.319004      68.279867      -0.0000000000000000       0.0000000000000000        401
  110.851813      68.432106      -0.0000000000000000       0.0000000000000000        401
  114.410858      68.573846      -0.0000000000000000       0.0000000000000000        401
  117.994714      68.704464      -0.0000000000000000       0.0000000000000000        401
  121.601739      68.823373      -0.0000000000000000       0.0000000000000000        401
  125.230075      68.930028      -0.0000000000000000       0.0000000000000000        401
  128.877657      69.023931      -0.0000000000000000       0.0000000000000000      43101
  132.542231      69.104639      -0.0000000000000000       0.0000000000000000      43101
  136.221363      69.171762       0.0593192515916456       0.1235245569986930      43202
  31.809626      60.725812      -0.0000000000000000       0.0000000000000000        302
  34.734638      60.923119      -0.0000000000000000       0.0000000000000000        302
  37.676556      61.125651      -0.0000000000000000       0.0000000000000000        302
  40.636209      61.332902      -0.0000000000000000       0.0000000000000000        302
  43.614423      61.544349      -0.0000000000000000       0.0000000000000000        302
  46.612019      61.759443      -0.0000000000000000       0.0000000000000000        302
  49.629801      61.977620      -0.0000000000000000       0.0000000000000000        302
  52.668562      62.198292      -0.0000000000000000       0.0000000000000000        302
  55.729068      62.420854      -0.0000000000000000       0.0000000000000000        302
  58.812061      62.644683      -0.0000000000000000       0.0000000000000000        302
  61.918245      62.869138      -0.0000000000000000       0.0000000000000000        390
  65.048283      63.093562      -0.0000000000000000       0.0000000000000000        390
  68.202788      63.317282      -0.0000000000000000       0.0000000000000000        468
  71.382314      63.539611      -0.0000000000000000       0.0000000000000000        401
  74.587347      63.759853      -0.0000000000000000       0.0000000000000000        401
  77.818294      63.977297      -0.0000000000000000       0.0000000000000000        401
  81.075474      64.191227      -0.0000000000000000       0.0000000000000000        401
  84.359106      64.400921      -0.0000000000000000       0.0000000000000000        401
  87.669302      64.605653      -0.0000000000000000       0.0000000000000000        401
  91.006050      64.804698      -0.0000000000000000       0.0000000000000000        401
  94.369210      64.997332      -0.0000000000000000       0.0000000000000000        401
  97.758497      65.182839      -0.0000000000000000       0.0000000000000000        401
  101.173479      65.360514      -0.0000000000000000       0.0000000000000000        401
  104.613564      65.529664      -0.0000000000000000       0.0000000000000000        401
  108.077992      65.689616      -0.0000000000000000       0.0000000000000000        401
  111.565836      65.839720      -0.0000000000000000       0.0000000000000000        401
  115.075993      65.979355      -0.0000000000000000       0.0000000000000000        401
  118.607185      66.107929      -0.0000000000000000       0.0000000000000000        401
  122.157961      66.224889      -0.0000000000000000       0.0000000000000000        401
  125.726703      66.329724      -0.0000000000000000       0.0000000000000000      43102
  129.311631      66.421967      -0.0000000000000000       0.0000000000000000      43101
  132.910818      66.501205      -0.0000000000000000       0.0000000000000000      43101
  136.522198      66.567075       0.0648180292642038       0.0039822913032794      43202
  32.476898      58.140811      -0.0000000000000000       0.0000000000000000        302
  35.424527      58.339372      -0.0000000000000000       0.0000000000000000        302
  38.387714      58.543074      -0.0000000000000000       0.0000000000000000        302
  41.367194      58.751396      -0.0000000000000000       0.0000000000000000        302
  44.363691      58.963800      -0.0000000000000000       0.0000000000000000        302
  47.377919      59.179727      -0.0000000000000000       0.0000000000000000        302
  50.410574      59.398599      -0.0000000000000000       0.0000000000000000        302
  53.462334      59.619819      -0.0000000000000000       0.0000000000000000        302
  56.533851      59.842772      -0.0000000000000000       0.0000000000000000        302
  59.625748      60.066829      -0.0000000000000000       0.0000000000000000        302
  62.738609      60.291340      -0.0000000000000000       0.0000000000000000        390
  65.872978      60.515644      -0.0000000000000000       0.0000000000000000        468
  69.029346      60.739067      -0.0000000000000000       0.0000000000000000        468
  72.208150      60.960922      -0.0000000000000000       0.0000000000000000        401
  75.409760      61.180513      -0.0000000000000000       0.0000000000000000        401
  78.634474      61.397135      -0.0000000000000000       0.0000000000000000        401
  81.882507      61.610078      -0.0000000000000000       0.0000000000000000        401
  85.153985      61.818630      -0.0000000000000000       0.0000000000000000        401
  88.448937      62.022077      -0.0000000000000000       0.0000000000000000        401
  91.767282      62.219706      -0.0000000000000000       0.0000000000000000        401
  95.108828      62.410813      -0.0000000000000000       0.0000000000000000        401
  98.473259      62.594700      -0.0000000000000000       0.0000000000000000        401
  101.860128      62.770683      -0.0000000000000000       0.0000000000000000        401
  105.268858      62.938092      -0.0000000000000000       0.0000000000000000        401
  108.698728      63.096280      -0.0000000000000000       0.0000000000000000        401
  112.148879      63.244622      -0.0000000000000000       0.0000000000000000        401
  115.618306      63.382523      -0.0000000000000000       0.0000000000000000        401
  119.105860      63.509419      -0.0000000000000000       0.0000000000000000        401
  122.610255      63.624784      -0.0000000000000000       0.0000000000000000        401
  126.130065      63.728133      -0.0000000000000000       0.0000000000000000        401
  129.663739      63.819025      -0.0000000000000000       0.0000000000000000        401
  133.209603      63.897068      -0.0000000000000000       0.0000000000000000      43101
  136.765876      63.961922      -0.0000000000000000       0.0000000000000000      43101
  33.053738      55.552797      -0.0000000000000000       0.0000000000000000        302
  36.020279      55.752421      -0.0000000000000000       0.0000000000000000        302
  39.001150      55.957107      -0.0000000000000000       0.0000000000000000        302
  41.997000      56.166325      -0.0000000000000000       0.0000000000000000        302
  45.008471      56.379526      -0.0000000000000000       0.0000000000000000        302
  48.036188      56.596138      -0.0000000000000000       0.0000000000000000        302
  51.080760      56.815576      -0.0000000000000000       0.0000000000000000        302
  54.142772      57.037233      -0.0000000000000000       0.0000000000000000        302
  57.222785      57.260487      -0.0000000000000000       0.0000000000000000        302
  60.321328      57.484702      -0.0000000000000000       0.0000000000000000        390
  63.438892      57.709225      -0.0000000000000000       0.0000000000000000        390
  66.575928      57.933391      -0.0000000000000000       0.0000000000000000        468
  69.732837      58.156525      -0.0000000000000000       0.0000000000000000        468
  72.909966      58.377940      -0.0000000000000000       0.0000000000000000        401
  76.107601      58.596943      -0.0000000000000000       0.0000000000000000        401
  79.325961      58.812833      -0.0000000000000000       0.0000000000000000        401
  82.565190      59.024908      -0.0000000000000000       0.0000000000000000        401
  85.825350      59.232462      -0.0000000000000000       0.0000000000000000        401
  89.106415      59.434794      -0.0000000000000000       0.0000000000000000        401
  92.408265      59.631203      -0.0000000000000000       0.0000000000000000        401
  95.730677      59.821000      -0.0000000000000000       0.0000000000000000        401
  99.073323      60.003502      -0.0000000000000000       0.0000000000000000        401
  102.435763      60.178045      -0.0000000000000000       0.0000000000000000        401
  105.817443      60.343978      -0.0000000000000000       0.0000000000000000        401
  109.217688      60.500675      -0.0000000000000000       0.0000000000000000        401
  112.635705      60.647532      -0.0000000000000000       0.0000000000000000        401
  116.070578      60.783976      -0.0000000000000000       0.0000000000000000        401
  119.521274      60.909466      -0.0000000000000000       0.0000000000000000        401
  122.986642      61.023497      -0.0000000000000000       0.0000000000000000        401
  126.465418      61.125606      -0.0000000000000000       0.0000000000000000        401
  129.956234      61.215372      -0.0000000000000000       0.0000000000000000        401
  133.457624      61.292421      -0.0000000000000000       0.0000000000000000        401
  136.968031      61.356429      -0.0000000000000000       0.0000000000000000      43101
  33.559224      52.962410      -0.0000000000000000       0.0000000000000000        302
  36.541847      53.162946      -0.0000000000000000       0.0000000000000000        302
  39.537671      53.368476      -0.0000000000000000       0.0000000000000000        302
  42.547278      53.578457      -0.0000000000000000       0.0000000000000000        302
  45.571237      53.792331      -0.0000000000000000       0.0000000000000000        302
  48.610101      54.009519      -0.0000000000000000       0.0000000000000000        302
  51.664405      54.229426      -0.0000000000000000       0.0000000000000000        302
  54.734661      54.451438      -0.0000000000000000       0.0000000000000000        302
  57.821354      54.674928      -0.0000000000000000       0.0000000000000000        302
  60.924938      54.899254      -0.0000000000000000       0.0000000000000000        390
  64.045831      55.123760      -0.0000000000000000       0.0000000000000000        468
  67.184412      55.347779      -0.0000000000000000       0.0000000000000000        468
  70.341011      55.570636      -0.0000000000000000       0.0000000000000000        468
  73.515908      55.791644      -0.0000000000000000       0.0000000000000000        468
  76.709328      56.010113      -0.0000000000000000       0.0000000000000000        401
  79.921430      56.225347      -0.0000000000000000       0.0000000000000000        401
  83.152309      56.436650      -0.0730011172444394       0.0391317114868918          0
  86.401981      56.643324      -0.0680160368198353       0.0403525027820069          0
  89.670387      56.844677      -0.0258654330087335       0.0169304193857688          0
  92.957382      57.040020      -0.0000000000000000       0.0000000000000000        401
  96.262731      57.228676      -0.0000000000000000       0.0000000000000000        401
  99.586105      57.409979      -0.0000000000000000       0.0000000000000000        401
  102.927081      57.583277      -0.0000000000000000       0.0000000000000000        401
  106.285131      57.747939      -0.0000000000000000       0.0000000000000000        401
  109.659628      57.903354      -0.0000000000000000       0.0000000000000000        401
  113.049842      58.048938      -0.0000000000000000       0.0000000000000000          0
  116.454939      58.184136      -0.0000000000000000       0.0000000000000000          0
  119.873984      58.308426      -0.0067078824559449       0.0032333087704317          0
  123.305944      58.421321      -0.0079740711637276       0.0042678317004441          0
  126.749690      58.522375      -0.0003649381745676       0.0002152808749473          0
  130.204008      58.611185      -0.0000000000000000       0.0000000000000000        401
  133.667598      58.687390      -0.0000000000000000       0.0000000000000000        401
  137.139090      58.750683      -0.0000000000000000       0.0000000000000000      43101
  34.007507      50.370121      -0.0000000000000000       0.0000000000000000        302
  37.004003      50.571453      -0.0000000000000000       0.0000000000000000        302
  40.012662      50.777715      -0.0000000000000000       0.0000000000000000        302
  43.034006      50.988356      -0.0000000000000000       0.0000000000000000        302
  46.068545      51.202809      -0.0000000000000000       0.0000000000000000        302
  49.116770      51.420487      -0.0000000000000000       0.0000000000000000        302
  52.179155      51.640789      -0.0000000000000000       0.0000000000000000        302
  55.256150      51.863094      -0.0000000000000000       0.0000000000000000        302
  58.348179      52.086772      -0.0000000000000000       0.0000000000000000        302
  61.455635      52.311175      -0.0000000000000000       0.0000000000000000        390
  64.578878      52.535646      -0.0000000000000000       0.0000000000000000        465
  67.718229      52.759516      -0.0000000000000000       0.0000000000000000        458
  70.873963      52.982108      -0.0000000000000000       0.0000000000000000        459
  74.046309      53.202740      -0.0000000000000000       0.0000000000000000        468
  77.235445      53.420722      -0.3505444245427515       0.1530876439270657          0
  80.441488      53.635364      -0.6657127602670822       0.3248690703844234          0
  83.664494      53.845974      -0.8135241588475703       0.4408656015113227          0
  86.904453      54.051863      -0.8171111770097831       0.4894310341387422          0
  90.161282      54.252347      -0.6957501457538087       0.4588597110078290          0
  93.434823      54.446748      -0.4784293369647506       0.3464016305175665          0
  96.724839      54.634400      -0.1853362073266711       0.1469914144659522          0
  100.031008      54.814649      -0.0000000000000000       0.0000000000000000        401
  103.352926      54.986857      -0.0000000000000000       0.0000000000000000        401
  106.690097      55.150408      -0.0000000000000000       0.0000000000000000        401
  110.041941      55.304706      -0.0139610232321691       0.0046589343047991          0
  113.407784      55.449183      -0.1058091593354998       0.0403000552187947          0
  116.786867      55.583299      -0.1645218359193081       0.0706262350219832          0
  120.178341      55.706549      -0.1963112552370879       0.0935584625724660          0
  123.581275      55.818461      -0.2162261980322681       0.1054173277351491          0
  126.994658      55.918603      -0.2296220156318807       0.1075581100585487          0
  130.417401      56.006587      -0.2372473399072981       0.0999359388763711          0
  133.848348      56.082066      -0.2458074239030577       0.0888341475552643          0
  137.286280      56.144741      -0.2567230454193175       0.0813899730950213          0
  34.409302      47.776287      -0.0000000000000000       0.0000000000000000        302
  37.417919      47.978322      -0.0000000000000000       0.0000000000000000        302
  40.437740      48.185228      -0.0000000000000000       0.0000000000000000        302
  43.469235      48.396446      -0.0000000000000000       0.0000000000000000        302
  46.512862      48.611403      -0.0000000000000000       0.0000000000000000        302
  49.569061      48.829505      -0.0000000000000000       0.0000000000000000        302
  52.638252      49.050144      -0.0000000000000000       0.0000000000000000        302
  55.720836      49.272697      -0.0000000000000000       0.0000000000000000        302
  58.817185      49.496526      -0.0000000000000000       0.0000000000000000        302
  61.927644      49.720981      -0.0000000000000000       0.0000000000000000        467
  65.052523      49.945404      -0.0000000000000000       0.0000000000000000        458
  68.192097      50.169125      -0.0000000000000000       0.0000000000000000        458
  71.346600      50.391467      -0.0000000000000000       0.0000000000000000        460
  74.516221      50.611749      -0.6419767079577319       0.2553134457498126          0
  77.701100      50.829285      -1.1632910998793826       0.5173826740242608          0
  80.901324      51.043387      -1.4970692081406856       0.7408732201225710          0
  84.116924      51.253371      -1.6386058512708108       0.8981110502962706          0
  87.347868      51.458554      -1.6021420497793493       0.9687295006171741          0
  90.594062      51.658259      -1.4199962214804782       0.9438918579791392          0
  93.855341      51.851819      -1.1256516996762236       0.8201327061478073          0
  97.131472      52.038576      -0.7528369317717059       0.5997426347803859          0
  100.422147      52.217888      -0.3438265585677239       0.2985724497903963          0
  103.726980      52.389131      -0.0852452916603368       0.0591847859072475          0
  107.045512      52.551699      -0.1254119502986413       0.0371373374133436          0
  110.377202      52.705011      -0.2413602974204157       0.0816469688655604          0
  113.721434      52.848512      -0.3326147367327530       0.1274599898711724          0
  117.077512      52.981677      -0.3863623666762211       0.1661057869664536          0
  120.444667      53.104013      -0.4194177852214924       0.1931454346042667          0
  123.822056      53.215062      -0.4436217095604066       0.2078802409099350          0
  127.208766      53.314406      -0.4651697641767784       0.2130884039561168          0
  130.603821      53.401667      -0.4869884400297745       0.2102598736055085          0
  134.006184      53.476511      -0.5161937661660440       0.2029752058940544          0
  137.414766      53.538647      -0.5631059660100751       0.2025670072136503          0
  34.772881      45.181185      -0.0000000000000000       0.0000000000000000        302
  37.792210      45.383846      -0.0000000000000000       0.0000000000000000        301
  40.821851      45.591324      -0.0000000000000000       0.0000000000000000        301
  43.862230      45.803055      -0.0000000000000000       0.0000000000000000        301
  46.913759      46.018455      -0.0000000000000000       0.0000000000000000        301
  49.976834      46.236928      -0.0000000000000000       0.0000000000000000        302
  53.051833      46.457860      -0.0000000000000000       0.0000000000000000        302
  56.139110      46.680622      -0.0000000000000000       0.0000000000000000        302
  59.238997      46.904574      -0.0000000000000000       0.0000000000000000        302
  62.351797      47.129064      -0.0000000000000000       0.0000000000000000        467
  65.477782      47.353431      -0.0000000000000000       0.0000000000000000        458
  68.617189      47.577005      -0.0000000000000000       0.0000000000000000        459
  71.770218      47.799110      -0.6693385616429809       0.2157791937742843          0
  74.937026      48.019065      -1.5204008199887191       0.6131873620119311          0
  78.117727      48.236189      -2.0929618961033425       0.9467890409223090          0
  81.312385      48.449798      -2.4208088555001295       1.2142081155438849          0
  84.521011      48.659211      -2.5358614175198313       1.4056375339862528          0
  87.743561      48.863753      -2.4250300478325575       1.4809089535832525          0
  90.979935      49.062754      -2.1684037595691450       1.4540997677030749          0
  94.229968      49.255554      -1.7982881338744179       1.3198909470273341          0
  97.493433      49.441506      -1.3809902660499183       1.0881646801832150          0
  100.770037      49.619977      -0.9910186248263124       0.7609768555116472          0
  104.059420      49.790355      -0.6908273455598355       0.4377404703689902          0
  107.361152      49.952044      -0.5348675516315624       0.2266179964217236          0
  110.674735      50.104476      -0.5362391324764722       0.1837052747298037          0
  113.999601      50.247108      -0.5961639688190896       0.2297661765379654          0
  117.335117      50.379427      -0.6324431181125551       0.2721636174433589          0
  120.680581      50.500950      -0.6563909431860775       0.3025948184291906          0
  124.035228      50.611234      -0.6758448733441225       0.3197280766721450          0
  127.398234      50.709870      -0.6959317301822316       0.3255985694854725          0
  130.768718      50.796491      -0.7218515645067687       0.3223144368834242          0
  134.145746      50.870772      -0.7611853578844978       0.3132307146428381          0
  137.528341      50.932431      -0.8290943010765746       0.3120901101956961          0
  35.104734      42.585030      -0.0000000000000000       0.0000000000000000        551
  38.133625      42.788255      -0.0000000000000000       0.0000000000000000        551
  41.171996      42.996247      -0.0000000000000000       0.0000000000000000        551
  44.220233      43.208435      -2.4504641405775640      -0.1184159412530752        503
  47.278709      43.424232      -0.0000000000000000       0.0000000000000000        301
  50.347782      43.643032      -0.0000000000000000       0.0000000000000000        301
  53.427791      43.864220      -0.0000000000000000       0.0000000000000000        301
  56.519054      44.087162      -0.0000000000000000       0.0000000000000000        301
  59.621866      44.311216      -0.0000000000000000       0.0000000000000000        390
  62.736497      44.535727      -0.0000000000000000       0.0000000000000000        467
  65.863187      44.760032      -0.0000000000000000       0.0000000000000000        466
  69.002141      44.983463      -0.4487098376335850       0.0420641751639397          0
  72.153534      45.205342      -1.8399043064265053       0.3393481440468968          0
  75.317498      45.424993      -2.6613078344398495       0.9111538281149527          0
  78.494124      45.641734      -2.8826866617055487       1.3254838706080985        580
  81.683461      45.854887      -2.8311975147302624       1.4390753471224389        580
  84.885507      46.063777      -2.7706806510425652       1.5516687593539169        580
  88.100211      46.267731      -2.7012221232653841       1.6628315501070707        580
  91.327470      46.466089      -2.6229415386729027       1.7721209468950314        580
  94.567122      46.658198      -2.4738015607709425       1.8315209160081629          0
  97.818952      46.843420      -2.0545108417869353       1.5070611438993893          0
  101.082682      47.021130      -1.6593172827000211       1.1278097963447364          0
  104.357976      47.190725      -1.2755915631327222       0.7484030134880637          0
  107.644435      47.351621      -0.9773383244732968       0.4406820062618756          0
  110.941600      47.503260      -0.8623697331090716       0.3083653053412442          0
  114.248951      47.645109      -0.8795278354605014       0.3410384291115139          0
  117.565907      47.776667      -0.8917979611470697       0.3859484390186683          0
  120.891830      47.897461      -0.8975856040161083       0.4214362615507902          0
  124.226024      48.007058      -0.9044562347029206       0.4418871276152632          0
  127.567743      48.105059      -0.9149938326036960       0.4471678065110107          0
  130.916189      48.191107      -0.9363796935654869       0.4386762285256238          0
  134.270520      48.264884      -0.9786619265444646       0.4199375638907780          0
  137.629855      48.326117      -1.0537649122673542       0.4037770349160579          0
  35.410030      39.987994      -0.0000000000000000       0.0000000000000000        525
  38.447537      40.191732      -0.0000000000000000       0.0000000000000000        526
  41.493742      40.400190      -0.0000000000000000       0.0000000000000000        526
  44.548997      40.612791      -0.0000000000000000       0.0000000000000000        526
  47.613641      40.828943      -2.6275016750203148       0.1499168587811760        503
  50.687997      41.048037      -0.0000000000000000       0.0000000000000000        301
  53.772372      41.269450      -0.0000000000000000       0.0000000000000000        301
  56.867052      41.492549      -0.0000000000000000       0.0000000000000000        301
  59.972303      41.716687      -0.0000000000000000       0.0000000000000000        301
  63.088365      41.941209      -0.0000000000000000       0.0000000000000000        467
  66.215450      42.165449      -0.0000000000000000       0.0000000000000000        466
  69.353742      42.388739      -1.5784832451212294       0.2112348197131553          0
  72.503390      42.610404      -3.3109210335364683       0.5104242629238831          0
  75.664510      42.829768      -4.1551179949864485      -0.5695253015438715        590
  78.837175      43.046152      -2.8775743911679190       1.3425328328285240        580
  82.021422      43.258883      -2.8252244562033564       1.4508751579588841        580
  85.217242      43.467287      -2.7639129930345594       1.5582588861418945        580
  88.424580      43.670701      -2.6937376012617196       1.6642695685639570        580
  91.643332      43.868468      -2.6568739848692804       1.7664602529083786          0
  94.873345      44.059944      -2.8174189933495191       1.8550075964764348          0
  98.114414      44.244496      -2.7312629285570988       1.7398386609126508          0
  101.366279      44.421511      -2.3782811216611206       1.4290966717183209          0
  104.628628      44.590392      -1.9225760667098020       1.0444536103125512          0
  107.901092      44.750566      -1.4531417081343694       0.6390350975689553          0
  111.183248      44.901483      -1.1949264065735654       0.4194068005154756          0
  114.474620      45.042622      -1.1731818646948455       0.4580601422778383          0
  117.774677      45.173488      -1.1571399118186663       0.5032596835277294          0
  121.082836      45.293622      -1.1366798239065250       0.5454326220359589          0
  124.398466      45.402596      -1.1222364685563972       0.5741730822895574          0
  127.720888      45.500023      -1.1161537135781172       0.5821384503876901          0
  131.049380      45.585552      -1.1254524802368380       0.5660293945807391          0
  134.383180      45.658874      -1.1608857600245541       0.5242554078285021          0
  137.721491      45.719722      -1.2335497437111114       0.4648150643147802          0
  35.692946      37.390215      -1.1944204328786363       0.1105679927729370        715
  38.738280      37.594423      -2.1465922645485569       0.1481776010417463        503
  41.791576      37.803307      -2.3184455008137093       0.2055933215622018        503
  44.853154      38.016284      -0.0000000000000000       0.0000000000000000        505
  47.923322      38.232758      -0.0000000000000000       0.0000000000000000        505
  51.002374      38.452116      -2.7951007293371148       0.4145717538798814        503
  54.090588      38.673732      -0.0000000000000000       0.0000000000000000        301
  57.188225      38.896969      -0.0000000000000000       0.0000000000000000        301
  60.295521      39.121177      -0.0000000000000000       0.0000000000000000        301
  63.412695      39.345700      -0.0000000000000000       0.0000000000000000        301
  66.539936      39.569873      -0.3491382940548352       0.0592685958847997          0
  69.677406      39.793027      -2.6228340256242877       0.4862652273740561          0
  72.825238      40.014487      -3.4663475190616611       0.7178974654981863        501
  75.983532      40.233580      -3.5979108530863666       0.8289777297648459        501
  79.152351      40.449629      -3.7189280196707286       0.9463255878735687        501
  82.331722      40.661964      -3.4584507927691464       1.2349005610399237          0
  85.521630      40.869918      -3.2121765545876029       1.4728528715809739          0
  88.722020      41.072830      -3.2467056598506998       1.5974912426086811          0
  91.932792      41.270050      -3.2407156150016232       1.7280213800911854          0
  95.153801      41.460940      -3.3308447954132365       1.8335780931518531          0
  98.384855      41.644875      -3.4222014533537104       1.8702391174624122          0
  101.625711      41.821249      -3.1764774921883583       1.6941249290292550          0
  104.876081      41.989475      -2.6522527643956404       1.3275565829080480          0
  108.135626      42.148986      -1.9859875564613731       0.8479874665322120          0
  111.403957      42.299241      -1.4535833883948328       0.4810728226170454          0
  114.680637      42.439728      -1.4200890876969132       0.5332251548768932          0
  117.965182      42.569962      -1.4073744259363927       0.6050358034165291          0
  121.257061      42.689492      -1.3736795230039209       0.6642661812190585          0
  124.555699      42.797898      -1.3231823204040811       0.7037115360902135          0
  127.860480      42.894801      -1.2861193964631352       0.7364887299917909          0
  131.170748      42.979857      -1.2741455136957940       0.7400284794687864          0
  134.485813      43.052763      -1.2850512176794615       0.6357999808392673          0
  137.804953      43.113261      -1.1966183092320368       0.9211913687028164        454
  35.956897      34.791808      -2.4541614258024138       0.3615786429646850        508
  39.009397      34.996450      -2.1621057915978961       0.3468872121110292        503
  42.069161      35.205725      -2.3337500114422638       0.4006272479552821        503
  45.136481      35.419048      -2.4991390422274420       0.4601944775167414        503
  48.211637      35.635816      -0.0000000000000000       0.0000000000000000        505
  51.294898      35.855414      -0.0000000000000000       0.0000000000000000        505
  54.386517      36.077212      -0.0000000000000000       0.0000000000000000        505
  57.486729      36.300570      -0.0000000000000000       0.0000000000000000        505
  60.595751      36.524837      -0.0000000000000000       0.0000000000000000        301
  63.713779      36.749356      -0.0000000000000000       0.0000000000000000        301
  66.840983      36.973460      -0.0000000000000000       0.0000000000000000        301
  69.977511      37.196481      -3.3386818044779600       0.8038240986576111        501
  73.123480      37.417745      -3.4792279198777498       0.9023635918997628        501
  76.278978      37.636580      -3.6096649677138579       1.0070971735791048        501
  79.444060      37.852314      -3.7295020815190032       1.1177932565395807        501
  82.618746      38.064278      -3.8382726783885768       1.2341837269017633        501
  85.803020      38.271809      -3.9355370862659065       1.3559635401263348        501
  88.996828      38.474252      -3.8795363247758634       1.5302485454809591          0
  92.200076      38.670962      -3.7984689266245804       1.7002183705506555          0
  95.412627      38.861307      -3.8428253554082366       1.8281817779080476          0
  98.634303      39.044670      -4.0028954428272030       1.9319058761530929          0
  101.864880      39.220450      -4.1405034800194276       1.9939170351213495          0
  105.104093      39.388068      -3.0071269113915937       1.3608042234034676          0
  108.351630      39.546965      -2.0420148881401023       0.7528651762680843          0
  111.607135      39.696609      -1.5124444138714601       0.4111684181697017          0
  114.870209      39.836495      -1.3957425617208790       0.3887551624545022          0
  118.140410      39.966147      -1.3893678705980395       0.4675862887715552          0
  121.417255      40.085119      -1.3763430789863527       0.5438875548281109          0
  124.700221      40.193002      -1.3571809006623470       0.6027964717253954          0
  127.988748      40.289422      -1.3346469043828626       0.6392539460348325          0
  131.282240      40.374043      -1.3124922821288307       0.6350238278829122          0
  134.580073      40.446569      -1.2997145824454930       0.5451669548866380          0
  137.881592      40.506743      -0.0000000000000000       0.0000000000000000          0
  36.204709      32.192866      -1.9993431775535779       0.4995247374237269        503
  39.263818      32.397910      -2.1766199001258886       0.5438675953308365        503
  42.329525      32.607549      -2.3480552374365598       0.5937053414683190        503
  45.402097      32.821191      -2.5131307454485969       0.6490400785621252        503
  48.481792      33.038230      -2.6713378643568975       0.7098546772131771        503
  51.568853      33.258048      -0.0000000000000000       0.0000000000000000        505
  54.663513      33.480011      -0.0000000000000000       0.0000000000000000        505
  57.765985      33.703477      -0.0000000000000000       0.0000000000000000        505
  60.876467      33.927794      -0.0000000000000000       0.0000000000000000        506
  63.995138      34.152303      -0.0000000000000000       0.0000000000000000        506
  67.122152      34.376337      -0.0000000000000000       0.0000000000000000        506
  70.257644      34.599228      -0.0000000000000000       0.0000000000000000      50601
  73.401717      34.820304      -3.4911593703211272       1.0830631940829001        501
  76.554453      35.038894      -3.6205380872144781       1.1811672967256073        501
  79.715899      35.254328      -3.7392688875249296       1.2849297625273624        501
  82.886072      35.465941      -3.8468983911980490       1.3940984110310033        501
  86.064957      35.673074      -3.9430008872681142       1.5083856044163544        501
  89.252502      35.875077      -4.0271808714005441       1.6274682316864866        501
  92.448618      36.071309      -4.0990756135494593       1.7509880380510452        501
  95.653181      36.261144      -4.1583577318561264       1.8785523192023181        501
  98.866026      36.443971      -4.2047377453970363       2.0097349963329783        501
  102.086948      36.619197      -3.3035466224008472       1.4068099827687133          0
  105.315703      36.786248      -2.6025653891509566       0.9787665116329958          0
  108.552008      36.944574      -1.8265169913490309       0.4724546895159302          0
  111.795536      37.093649      -1.4341588569153063       0.2244958362623342          0
  115.045925      37.232976      -1.3760883339441818       0.2496777506334946          0
  118.302771      37.362086      -1.3753794563549502       0.3335514445011921          0
  121.565636      37.480542      -1.3672859632682748       0.4053869246709297          0
  124.834044      37.587940      -1.3537514142725564       0.4512213183355438          0
  128.107487      37.683913      -1.3384182892707361       0.4678910198990807          0
  131.385425      37.768131      -1.3265169879168375       0.4355203949395539          0
  134.667291      37.840303      -0.0000000000000000       0.0000000000000000          0
  137.952494      37.900179      -0.0000000000000000       0.0000000000000000          0
  36.438750      29.593467      -0.0000000000000000       0.0000000000000000          0
  39.503993      29.798889      -2.1902819698460636       0.7387884215202346        503
  42.575197      30.008866      -2.3615088374548687       0.7845159505563700        503
  45.652608      30.222805      -2.5262772591744063       0.8354003598980573        503
  48.736460      30.440096      -2.6840811183539879       0.8914335703661729        503
  51.826977      30.660116      -2.8344267168603645       0.9525874043433257        503
  54.924371      30.882230      -0.0000000000000000       0.0000000000000000        505
  58.028838      31.105793      -0.0000000000000000       0.0000000000000000        505
  61.140559      31.330152      -0.0000000000000000       0.0000000000000000      50601
  64.259697      31.554646      -0.0000000000000000       0.0000000000000000      50601
  67.386395      31.778610      -0.0000000000000000       0.0000000000000000      50601
  70.520774      32.001374      -3.3636831134189915       1.1741336410421872        501
  73.662931      32.222268      -3.5022858974054198       1.2597919397480981        501
  76.812939      32.440623      -3.6306645305557543       1.3510060626982872        501
  79.970841      32.655772      -3.7483521228591972       1.4475748618649766        501
  83.136653      32.867052      -3.8549077590456529       1.5492634262145963        501
  86.310362      33.073808      -3.9499188509054153       1.6558027918346674        501
  89.491919      33.275394      -4.0330035236877455       1.7668899664159305        501
  92.681245      33.471175      -4.1038130174466438       1.8821882881647760        501
  95.878224      33.660530      -4.1620340810310035       2.0013281360342137        501
  99.082708      33.842853      -4.4043588476056499       2.3080958614466436        607
  102.294509      34.017558      -2.4451355658569991       0.7838283508469612          0
  105.513406      34.184077      -1.8810256320510241       0.3831791090008658          0
  108.739139      34.341868      -1.4147836905867255       0.0382190433669370          0
  111.971415      34.490411      -1.3479726113527475       0.0248975879961041          0
  115.209901      34.629215      -1.3610631493821945       0.1127910668506200          0
  118.454234      34.757819      -1.3658883718303152       0.2052820728588939          0
  121.704014      34.875792      -1.3626948481450833       0.2770155804830797          0
  124.958810      34.982737      -1.3538962621335966       0.3173817928844651          0
  128.218161      35.078292      -1.3435096961808779       0.3333497690692721          0
  131.481580      35.162135      -1.3363076027405423       0.3106689960987791          0
  134.748552      35.233977      -0.0000000000000000       0.0000000000000000          0
  138.018541      35.293575      -0.0000000000000000       0.0000000000000000          0
  36.661025      26.993679      -1.2016584700602064       0.2327863367087413        715
  39.731996      27.199455      -0.0000000000000000       0.0000000000000000          0
  42.808318      27.409750      -2.3742349293571836       0.9727375678313736        503
  45.890213      27.623967      -2.5387018939441637       1.0189719471584167        503
  48.977898      27.841493      -2.6961133994584507       1.0700160573711548        503
  52.071577      28.061700      -2.8459793583865238       1.1258526662075534        503
  55.171445      28.283953      -2.9878246266479156       1.1864437156694443        503
  58.277682      28.507604      -0.0000000000000000       0.0000000000000000        505
  61.390454      28.731998      -0.0000000000000000       0.0000000000000000        505
  64.509913      28.956474      -0.0000000000000000       0.0000000000000000      50601
  67.636188      29.180367      -0.0000000000000000       0.0000000000000000          0
  70.769393      29.403007      -0.0000000000000000       0.0000000000000000          0
  73.909618      29.623725      -3.5127268160042067       1.4323247631550720        501
  77.056929      29.841855      -3.6401553369845234       1.5164096334306052        501
  80.211370      30.056730      -3.7568538077841360       1.6055456222228572        501
  83.372955      30.267692      -3.8623931390669122       1.6995162696313093        501
  86.541672      30.474089      -3.9563731421307349       1.7980724054128945        501
  89.717480      30.675280      -4.0384247713117567       1.9009321992151504        501
  92.900308      30.870633      -4.1082123684320724       2.0077815350370574        501
  96.090053      31.059532      -0.0000000000000000       0.0000000000000000          0
  99.286578      31.241379      -4.4021368178414502       2.3503900017514976        607
  102.489716      31.415591      -1.7700637438640416       0.2647184464683560          0
  105.699267      31.581609      -1.3113901420844489      -0.0721622258952809          0
  108.914997      31.738895      -1.3292234126045299      -0.0351050939352070          0
  112.136638      31.886936      -1.3424717561261095       0.0067161818662019          0
  115.363892      32.025248      -1.3531557943366188       0.0495424680932520          0
  118.596428      32.153376      -1.3614547706883093       0.0913667707427951          0
  121.833886      32.270894      -1.3626844755279170       0.1635541641551262          0
  125.075876      32.377414      -1.3570860314157840       0.2071635839973806          0
  128.321981      32.472578      -1.3492328641044389       0.2345468696343598          0
  131.571761      32.556067      -1.3418699005884913       0.2556869120628269          0
  134.824750      32.627601      -0.0000000000000000       0.0000000000000000          0
  138.080465      32.686938      -0.0000000000000000       0.0000000000000000          0
  36.873250      24.393558      -1.2031994369202441       0.2610593000209041        715
  39.949602      24.599669      -0.0000000000000000       0.0000000000000000          0
  43.030715      24.810265      -0.0000000000000000       0.0000000000000000          0
  46.116792      25.024744      -2.5505092697250458       1.1994436842739828        503
  49.208031      25.242489      -2.7075377311536739       1.2453087613719729        503
  52.304621      25.462872      -2.8569379351214303       1.2956319329288875        503
  55.406739      25.685253      -2.9982393843733757       1.3503879571274744        503
  58.514554      25.908983      -0.0000000000000000       0.0000000000000000      50602
  61.628218      26.133407      -0.0000000000000000       0.0000000000000000      50602
  64.747870      26.357862      -0.0000000000000000       0.0000000000000000      50602
  67.873634      26.581683      -0.0000000000000000       0.0000000000000000          0
  71.005613      26.804201      -0.0000000000000000       0.0000000000000000          0
  74.143892      27.024749      -0.0000000000000000       0.0000000000000000          0
  77.288536      27.242660      -3.6491033352780358       1.6771585488196612        501
  80.439585      27.457272      -3.7648590452779138       1.7586428845408622        501
  83.597057      27.667930      -3.8694313919546590       1.8446777772705332        501
  86.760943      27.873983      -3.9624319617368942       1.9350348411173359        501
  89.931208      28.074796      -0.0000000000000000       0.0000000000000000          0
  93.107790      28.269741      -0.0000000000000000       0.0000000000000000          0
  96.290598      28.458207      -0.0000000000000000       0.0000000000000000          0
  99.479511      28.639600      -1.1954070331156030      -0.2317777462943542        603
  102.674380      28.813345      -1.3380839466100407      -0.0844687374729353          0
  105.875024      28.978886      -1.3121919275170970      -0.0738628934279598          0
  109.081234      29.135693      -1.3305094086463944      -0.0275489990032178          0
  112.292770      29.283259      -1.3420167916614103       0.0158465222768966          0
  115.509363      29.421105      -1.3507038032040701       0.0578651332103846          0
  118.730716      29.548782      -1.3572154470523179       0.0985615015492174          0
  121.956504      29.665872      -1.3610026305463516       0.1365304875695293          0
  125.186376      29.771989      -1.3583117832820539       0.1744858389832977          0
  128.419957      29.866782      -1.3519247847614921       0.2126785986773712          0
  131.656848      29.949939      -6.4073670277694559       3.3609010974648963        678
  134.896633      30.021181      -0.0000000000000000       0.0000000000000000          0
  138.138873      30.080272      -0.0000000000000000       0.0000000000000000          0
  37.076910      21.793152      -1.2046626917617167       0.2883647092299190        715
  40.158345      21.999583      -0.0000000000000000       0.0000000000000000          0
  43.243968      22.210464      -0.0000000000000000       0.0000000000000000          0
  46.333966      22.425191      -0.0000000000000000       0.0000000000000000          0
  49.428520      22.643144      -2.7184423210215454       1.4170125435841938        503
  52.527803      22.863691      -2.8673884945244472       1.4616436507085426        503
  55.631980      23.086191      -3.0081617733267612       1.5103813177331360        503
  58.741206      23.309995      -0.0000000000000000       0.0000000000000000      50602
  61.855623      23.534443      -0.0000000000000000       0.0000000000000000      50602
  64.975360      23.758874      -0.0000000000000000       0.0000000000000000          0
  68.100533      23.982623      -0.0000000000000000       0.0000000000000000          0
  71.231240      24.205021      -0.0000000000000000       0.0000000000000000          0
  74.367562      24.425402      -0.0000000000000000       0.0000000000000000          0
  77.509562      24.643102      -0.0000000000000000       0.0000000000000000          0
  80.657280      24.857460      -3.7724396016005324       1.9066563372033618        501
  83.810736      25.067823      -3.8760871815219056       1.9845573682528352        501
  86.969927      25.273547      -0.0000000000000000       0.0000000000000000          0
  90.134824      25.473996      -0.0000000000000000       0.0000000000000000          0
  93.305376      25.668550      -0.0000000000000000       0.0000000000000000          0
  96.481503      25.856602      -0.0000000000000000       0.0000000000000000          0
  99.663100      26.037562      -1.1974278604048769      -0.2028801933202483        603
  102.850035      26.210859      -1.2790412860970184      -0.1341084557011587          0
  106.042148      26.375946      -1.3193878599640880      -0.0683437481504017          0
  109.239254      26.532296      -1.3354412775437552      -0.0185924205618352          0
  112.441137      26.679409      -1.3444365999146966       0.0256864013424444          0
  115.647559      26.816812      -1.3511354292899385       0.0666896924870760          0
  118.858252      26.944060      -1.3562921221138182       0.1054336556535085          0
  122.072927      27.060742      -1.3600727505064798       0.1405019364430812          0
  125.291269      27.166476      -1.3587202874429725       0.1754416339898396          0
  128.512941      27.260919      -0.0000000000000000       0.0000000000000000          0
  131.737587      27.343759      -0.0000000000000000       0.0000000000000000          0
  134.964830      27.414724      -6.4343626185944567       3.6473307713305743        678
  138.194280      27.473581      -0.0000000000000000       0.0000000000000000          0
  37.273304      19.192507      -1.2060593336683818       0.3146693578514921        715
  40.359565      19.399242      -1.2261358610423199       0.3344861468866712        715
  43.449457      19.610396      -0.0000000000000000       0.0000000000000000          0
  46.543151      19.825358      -0.0000000000000000       0.0000000000000000          0
  49.640813      20.043508      -2.7289035133887314       1.5848250655860350        503
  52.742602      20.264211      -0.0000000000000000       0.0000000000000000          0
  55.848670      20.486823      -0.0000000000000000       0.0000000000000000          0
  58.959162      20.710692      -0.0000000000000000       0.0000000000000000          0
  62.074210      20.935161      -0.0000000000000000       0.0000000000000000          0
  65.193936      21.159567      -0.0000000000000000       0.0000000000000000          0
  68.318449      21.383242      -0.0000000000000000       0.0000000000000000          0
  71.447843      21.605522      -0.0000000000000000       0.0000000000000000          0
  74.582195      21.825740      -0.0000000000000000       0.0000000000000000          0
  77.721569      22.043234      -0.0000000000000000       0.0000000000000000          0
  80.866005      22.257345      -3.7796566440807817       2.0493685556241950        501
  84.015527      22.467424      -3.8824154909950619       2.1189572014463152        501
  87.170136      22.672828      -0.0000000000000000       0.0000000000000000          0
  90.329814      22.872928      -0.0000000000000000       0.0000000000000000          0
  93.494518      23.067105      -0.0000000000000000       0.0000000000000000          0
  96.664181      23.254757      -1.1628932395009408      -0.1978726026741197        603
  99.838713      23.435301      -1.1993493956754322      -0.1739385199727519        603
  103.018001      23.608170      -1.2843938367788126      -0.0995223593060325      60401
  106.201903      23.772821      -1.3344143019474408      -0.0589601004866022          0
  109.390257      23.928733      -1.3447778365898269      -0.0067655044164507          0
  112.582874      24.075412      -1.3492501499999137       0.0375107186136181          0
  115.779541      24.212390      -1.3535640897818948       0.0770189775273475          0
  118.980023      24.339229      -1.3580942841521646       0.1126466562359173          0
  122.184061      24.455520      -1.3623455170992456       0.1442283794255773          0
  125.391374      24.560890      -0.0000000000000000       0.0000000000000000          0
  128.601664      24.654996      -0.0000000000000000       0.0000000000000000          0
  131.814612      24.737534      -0.0000000000000000       0.0000000000000000          0
  135.029882      24.808235      -6.4346786892809318       3.7471024022980433        678
  138.247125      24.866869      -0.0000000000000000       0.0000000000000000          0
  37.463585      16.591658      -1.2073989824029403       0.3399381297502792        715
  40.554451      16.798687      -1.2272847828888738       0.3570406224735507        715
  43.648403      17.010102      -1.3522581015952670       1.0398766484965902        710
  46.745598      17.225290      -0.0000000000000000       0.0000000000000000          0
  49.846186      17.443627      -0.0000000000000000       0.0000000000000000          0
  52.950317      17.664477      -0.0000000000000000       0.0000000000000000          0
  56.058131      17.887194      -0.0000000000000000       0.0000000000000000          0
  59.169761      18.111125      -0.0000000000000000       0.0000000000000000          0
  62.285334      18.335611      -0.0000000000000000       0.0000000000000000          0
  65.404963      18.559988      -0.0000000000000000       0.0000000000000000          0
  68.528752      18.783590      -0.0000000000000000       0.0000000000000000          0
  71.656793      19.005753      -0.0000000000000000       0.0000000000000000          0
  74.789162      19.225811      -0.0000000000000000       0.0000000000000000          0
  77.925920      19.443103      -0.0000000000000000       0.0000000000000000          0
  81.067112      19.656974      -3.7865628621902294       2.1865582580248537        501
  84.212766      19.866776      -3.8884635674197834       2.2476755101874795        501
  87.362889      20.071870      -0.0000000000000000       0.0000000000000000          0
  90.517471      20.271630      -0.0000000000000000       0.0000000000000000          0
  93.676479      20.465443      -0.0000000000000000       0.0000000000000000          0
  96.839861      20.652710      -1.1650051052374248      -0.1661483573829422        603
  100.007541      20.832851      -1.2265944890876002      -0.0686054256964804      60301
  103.179422      21.005307      -1.2873942897180033      -0.0472245280864173        604
  106.355385      21.169538      -1.3443201604288355      -0.0240895336398220      60406
  109.535288      21.325029      -1.3570605893755332       0.0113101664435034          0
  112.718966      21.471290      -1.3540007175618585       0.0533949866864323          0
  115.906233      21.607860      -1.3562260429902724       0.0899236804275167          0
  119.096883      21.734304      -1.3622542026963180       0.1192086175715149        612
  122.290688      21.850221      -0.0000000000000000       0.0000000000000000          0
  125.487401      21.955239      -0.0000000000000000       0.0000000000000000          0
  128.686756      22.049024      -0.0000000000000000       0.0000000000000000          0
  131.888473      22.131272      -0.0000000000000000       0.0000000000000000          0
  135.092252      22.201720      -0.0000000000000000       0.0000000000000000          0
  138.297785      22.260140      -0.0000000000000000       0.0000000000000000          0
  37.648784      13.990642      -1.2086900636779059       0.3641346126106589        715
  40.744064      14.197953      -1.2283889944245374       0.3784717985983234        715
  43.841896      14.409620      -1.3775717234989524       1.4101437348790213        710
  46.942422      14.625025      -1.7808567141657705       1.4012678686047222        710
  50.045782      14.843542      -0.0000000000000000       0.0000000000000000          0
  53.152111      15.064532      -0.0000000000000000       0.0000000000000000          0
  56.261542      15.287348      -0.0000000000000000       0.0000000000000000          0
  59.374198      15.511336      -0.0000000000000000       0.0000000000000000          0
  62.490198      15.735835      -0.0000000000000000       0.0000000000000000          0
  65.609652      15.960181      -0.0000000000000000       0.0000000000000000          0
  68.732659      16.183710      -0.0000000000000000       0.0000000000000000          0
  71.859308      16.405756      -0.0000000000000000       0.0000000000000000          0
  74.989675      16.625656      -0.0000000000000000       0.0000000000000000          0
  78.123822      16.842750      -0.0000000000000000       0.0000000000000000          0
  81.261798      17.056386      -3.7932041320470029       2.3180029576802199        501
  84.403635      17.265918      -0.0000000000000000       0.0000000000000000          0
  87.549347      17.470710      -3.9837368203746397       2.4263007262227005        502
  90.698933      17.670140      -0.0000000000000000       0.0000000000000000          0
  93.852372      17.863598      -0.0000000000000000       0.0000000000000000          0
  97.009623      18.050491      -1.1670354310138502      -0.1344180416407160      60302
  100.170628      18.230242      -1.2298138845041009      -0.0135900310921241      60301
  103.335305      18.402297      -1.2902820914639117       0.0048297230734661        604
  106.503555      18.566121      -1.3468764443752352       0.0248531514991723        604
  109.675258      18.721204      -1.3994083959680697       0.0464164948287338      60405
  112.850273      18.867062      -0.0000000000000000       0.0000000000000000          0
  116.028440      19.003237      -0.0000000000000000       0.0000000000000000          0
  119.209580      19.129301      -0.0000000000000000       0.0000000000000000          0
  122.393494      19.244855      -0.0000000000000000       0.0000000000000000          0
  125.579968      19.349536      -0.0000000000000000       0.0000000000000000          0
  128.768768      19.443009      -0.0000000000000000       0.0000000000000000          0
  131.959648      19.524978      -0.0000000000000000       0.0000000000000000          0
  135.152347      19.595181      -0.0000000000000000       0.0000000000000000          0
  138.346592      19.653395      -6.4532327851959428       4.4271784106058494        679
  37.829838      11.389488      -1.2099400378204821       0.3872215958568829        715
  40.929369      11.597074      -0.0000000000000000       0.0000000000000000          0
  44.030925      11.808984      -1.2176653910739772       0.9632485542522281        709
  47.134636      12.024599      -1.1987918959890151       0.9773357636011797        709
  50.240630      12.243289      -1.1763837970254425       0.9916768841359673        709
  53.349032      12.464413      -1.1504981243527395       1.0062246497933194        709
  56.459965      12.687323      -0.0000000000000000       0.0000000000000000          0
  59.573546      12.911363      -0.0000000000000000       0.0000000000000000          0
  62.689887      13.135872      -0.0000000000000000       0.0000000000000000          0
  65.809093      13.360187      -0.0000000000000000       0.0000000000000000          0
  68.931262      13.583641      -0.0000000000000000       0.0000000000000000          0
  72.056479      13.805570      -0.0000000000000000       0.0000000000000000          0
  75.184823      14.025314      -0.0000000000000000       0.0000000000000000          0
  78.316357      14.242213      -0.0000000000000000       0.0000000000000000          0
  81.451133      14.455617      -0.0000000000000000       0.0000000000000000          0
  84.589189      14.664884      -0.0000000000000000       0.0000000000000000          0
  87.730548      14.869381      -0.0000000000000000       0.0000000000000000          0
  90.875217      15.068488      -0.0000000000000000       0.0000000000000000          0
  94.023187      15.261600      -0.0000000000000000       0.0000000000000000          0
  97.174430      15.448127      -1.1689966882385852      -0.1027324087859812      60302
  100.328903      15.627499      -1.2046532950200071      -0.0872458098055850        603
  103.486542      15.799163      -1.2930747071240785       0.0565477816089617        604
  106.647268      15.962592      -1.3493472159655586       0.0734198481707164        604
  109.810980      16.117279      -1.4015617582560460       0.0916905878506265        604
  112.977561      16.262744      -1.3484507990300085       0.0884381053365252        612
  116.146877      16.398536      -0.0000000000000000       0.0000000000000000          0
  119.318775      16.524231      -0.0000000000000000       0.0000000000000000          0
  122.493085      16.639434      -0.0000000000000000       0.0000000000000000          0
  125.669622      16.743786      -0.0000000000000000       0.0000000000000000          0
  128.848186      16.836958      -0.0000000000000000       0.0000000000000000          0
  132.028563      16.918657      -0.0000000000000000       0.0000000000000000          0
  135.210525      16.988624      -0.0000000000000000       0.0000000000000000          0
  138.393837      17.046638      -6.4547168809062683       4.5831161842234813        679
  38.007607       8.788225      -1.2111555854635205       0.4091614752204794        715
  41.111250       8.996079      -1.2321598513436218       0.9463861710309030        709
  44.216398       9.208225      -1.2166373997341047       0.9573951069514406        709
  47.323167       9.424044      -1.1975315367601407       0.9687427727914464        709
  50.431675       9.642901      -1.1748919499843058       0.9803950453183135        709
  53.542039       9.864155      -0.0000000000000000       0.0000000000000000          0
  56.654372      10.087154      -0.0000000000000000       0.0000000000000000          0
  59.768786      10.311243      -0.0000000000000000       0.0000000000000000          0
  62.885388      10.535759      -0.0000000000000000       0.0000000000000000          0
  66.004279      10.760039      -0.0000000000000000       0.0000000000000000          0
  69.125553      10.983418      -0.0000000000000000       0.0000000000000000          0
  72.249299      11.205231      -0.0000000000000000       0.0000000000000000          0
  75.375592      11.424819      -0.0000000000000000       0.0000000000000000          0
  78.504502      11.641525      -0.0000000000000000       0.0000000000000000          0
  81.636084      11.854701      -0.0000000000000000       0.0000000000000000          0
  84.770383      12.063707      -0.0000000000000000       0.0000000000000000          0
  87.907429      12.267913      -0.0000000000000000       0.0000000000000000          0
  91.047240      12.466704      -0.0000000000000000       0.0000000000000000          0
  94.189817      12.659476      -0.0000000000000000       0.0000000000000000          0
  97.335148      12.845646      -1.1708999723111824      -0.0711448692976839      60302
  100.483203      13.024645      -1.2682462923785505       0.0381059859241338        647
  103.633938      13.195928      -1.2957877142833751       0.1078349462283658      60402
  106.787290      13.358970      -1.3517463741549149       0.1215226115137547        604
  109.943180      13.513270      -1.4036516960158998       0.1364681831418835        604
  113.101516      13.658353      -0.0000000000000000       0.0000000000000000          0
  116.262185      13.793771      -0.0000000000000000       0.0000000000000000          0
  119.425062      13.919105      -0.0000000000000000       0.0000000000000000          0
  122.590004      14.033967      -0.0000000000000000       0.0000000000000000          0
  125.756855      14.137999      -0.0000000000000000       0.0000000000000000          0
  128.925446      14.230878      -0.0000000000000000       0.0000000000000000          0
  132.095595      14.312313      -0.0000000000000000       0.0000000000000000          0
  135.267107      14.382050      -6.4454653997224289       1.0621324542460915      61502
  138.439781      14.439870      -0.0000000000000000       0.0000000000000000          0
  38.182897       6.186880      -0.0000000000000000       0.0000000000000000          0
  41.290534       6.394996      -1.2313616522375128       0.9410077825253622        709
  44.399159       6.607374      -1.2156119666224017       0.9492090485145062        709
  47.508877       6.823390      -1.1962773622080438       0.9577935148381638        709
  50.619795       7.042409      -0.0000000000000000       0.0000000000000000          0
  53.732021       7.263788      -0.0000000000000000       0.0000000000000000          0
  56.845663       7.486873      -0.0000000000000000       0.0000000000000000          0
  59.960826       7.711007      -0.0000000000000000       0.0000000000000000          0
  63.077614       7.935528      -0.0000000000000000       0.0000000000000000          0
  66.196123       8.159772      -0.0000000000000000       0.0000000000000000          0
  69.316450       8.383073      -0.0000000000000000       0.0000000000000000          0
  72.438679       8.604770      -0.0000000000000000       0.0000000000000000          0
  75.562892       8.824203      -0.0000000000000000       0.0000000000000000          0
  78.689159       9.040717      -0.0000000000000000       0.0000000000000000          0
  81.817542       9.253667      -0.0000000000000000       0.0000000000000000          0
  84.948093       9.462415      -0.0000000000000000       0.0000000000000000          0
  88.080850       9.666334      -0.0000000000000000       0.0000000000000000          0
  91.215841       9.864812      -0.0000000000000000       0.0000000000000000          0
  94.353080      10.057251      -0.0000000000000000       0.0000000000000000          0
  97.492569      10.243068      -1.1727552748425576      -0.0397110640385759      60302
  100.634293      10.421702      -1.2695473107131929       0.0621479518258262        647
  103.778224      10.592610      -1.2984351802182335       0.1585949442950982      60402
  106.924320      10.755272      -1.3540864530057479       0.1690719781563877      60402
  110.072522      10.909193      -0.0000000000000000       0.0000000000000000          0
  113.222760      11.053901      -1.3493010546654012       0.1105839927900547        613
  116.374946      11.188953      -1.3580259020999603       0.1245173428980210        613
  119.528978      11.313935      -0.0000000000000000       0.0000000000000000          0
  122.684742      11.428462      -0.6991679838463250       0.7836947353103730        677
  125.842110      11.532182      -0.0000000000000000       0.0000000000000000          0
  129.000942      11.624773      -0.0000000000000000       0.0000000000000000          0
  132.161087      11.705951      -5.4798982317747376       1.8586109069140719      61502
  135.322384      11.775463      -7.3099653792472887       1.5748392364852932        684
  138.484660      11.833094      -0.0000000000000000       0.0000000000000000          0
  38.356468       3.585479      -1.2429032779878455       0.9284067966825960        709
  41.468002       3.793851      -1.2305596663199463       0.9333397600157871        709
  44.580007       4.006456      -1.2145850932705686       0.9387143360652493        709
  47.692578       4.222666      -0.0000000000000000       0.0000000000000000          0
  50.805815       4.441843      -0.0000000000000000       0.0000000000000000          0
  53.919816       4.663343      -0.0000000000000000       0.0000000000000000          0
  57.034684       4.886510      -0.0000000000000000       0.0000000000000000          0
  60.150519       5.110687      -0.0000000000000000       0.0000000000000000          0
  63.267421       5.335210      -0.0000000000000000       0.0000000000000000          0
  66.385486       5.559415      -0.0000000000000000       0.0000000000000000          0
  69.504808       5.782639      -0.0000000000000000       0.0000000000000000          0
  72.625474       6.004218      -0.0000000000000000       0.0000000000000000          0
  75.747568       6.223495      -0.0000000000000000       0.0000000000000000          0
  78.871166       6.439819      -0.0000000000000000       0.0000000000000000          0
  81.996334       6.652543      -0.0000000000000000       0.0000000000000000          0
  85.123131       6.861035      -0.0000000000000000       0.0000000000000000          0
  88.251606       7.064670      -0.0000000000000000       0.0000000000000000          0
  91.381798       7.262838      -0.0000000000000000       0.0000000000000000          0
  94.513732       7.454946      -0.0000000000000000       0.0000000000000000          0
  97.647424       7.640416      -1.2422017539292023       0.0781819448128081      67301
  100.782876       7.818689      -1.2708181425823162       0.0857562858461105        647
  103.920077       7.989228      -1.2956425118492827       0.0940215309362482      64701
  107.059003       8.151516      -1.3563789035589593       0.2159774057143415      60402
  110.199617       8.305063      -1.3370972382355224       0.1108207066838328        613
  113.341868       8.449401      -1.3497051604182320       0.1209289784792320        613
  116.485695       8.584094      -0.0000000000000000       0.0000000000000000          0
  119.631019       8.708729      -1.0384239710255991       0.4741211691759720        738
  122.777753       8.822927      -0.0000000000000000       0.0000000000000000          0
  125.925797       8.926340      -0.0000000000000000       0.0000000000000000          0
  129.075038       9.018650      -7.2952708420809040       1.4509003275393701        684
  132.225356       9.099574      -7.3135460954716676       1.5133438973291611        684
  135.376621       9.168866      -7.3097123038390457       1.5769836016661947        801
  138.528692       9.226310      -7.2837627913563061       1.6413807913537264        801
  38.529054       0.984044      -1.2423143293423999       0.9213480870325874        709
  41.644404       1.192671      -1.2297507982992961       0.9234024349899888        709
  44.759708       1.405498      -0.0000000000000000       0.0000000000000000          0
  47.875052       1.621898      -0.0000000000000000       0.0000000000000000          0
  50.990527       1.841231      -0.0000000000000000       0.0000000000000000          0
  54.106225       2.062848      -0.0000000000000000       0.0000000000000000          0
  57.222244       2.286095      -0.0000000000000000       0.0000000000000000          0
  60.338678       2.510312      -0.0000000000000000       0.0000000000000000          0
  63.455625       2.734834      -0.0000000000000000       0.0000000000000000          0
  66.573182       2.958999      -0.0000000000000000       0.0000000000000000          0
  69.691441       3.182142      -0.0000000000000000       0.0000000000000000          0
  72.810493       3.403603      -0.0000000000000000       0.0000000000000000          0
  75.930424       3.622724      -0.0000000000000000       0.0000000000000000          0
  79.051315       3.838856      -0.0000000000000000       0.0000000000000000          0
  82.173240       4.051356      -0.0000000000000000       0.0000000000000000          0
  85.296266       4.259592      -0.0000000000000000       0.0000000000000000          0
  88.420451       4.462944      -0.0000000000000000       0.0000000000000000          0
  91.545844       4.660805      -0.0000000000000000       0.0000000000000000          0
  94.672485       4.852585      -0.0000000000000000       0.0000000000000000          0
  97.800403       5.037710      -1.2436849851918201       0.1043972989835163      67352
  100.929616       5.215625      -1.2720648180773859       0.1088882634707343        647
  104.060131       5.385798      -1.2966606998569072       0.1139997025938878      64701
  107.191942       5.547716      -0.0000000000000000       0.0000000000000000          0
  110.325034       5.700893      -1.3376777884675548       0.1239773763825400      61404
  113.459378       5.844867      -0.0000000000000000       0.0000000000000000          0
  116.594933       5.979203      -0.0000000000000000       0.0000000000000000          0
  119.731648       6.103496      -0.0000000000000000       0.0000000000000000          0
  122.869460       6.217370      -0.0000000000000000       0.0000000000000000          0
  126.008295       6.320479      -7.2562998490115662       1.4426616124660083        684
  129.148071       6.412511      -7.2959445090365520       1.4854553301040414        801
  132.288695       6.493187      -7.3136869209578039       1.5297680131553069        801
  135.430066       6.562260      -7.3094565131199811       1.5752317680330510        801
  138.572076       6.619521      -7.2832516085601684       1.6214648676073904        801
  38.701371      -1.617399      -1.2157877431964119       0.4847006612620373        713
  41.820472      -1.408521      -1.2289318352110343       0.9112187105509890        709
  44.939008      -1.195473      -0.0000000000000000       0.0000000000000000          0
  48.057057      -0.978885      -0.0000000000000000       0.0000000000000000          0
  51.174700      -0.759400      -0.0000000000000000       0.0000000000000000          0
  54.292026      -0.537668      -0.0000000000000000       0.0000000000000000          0
  57.409124      -0.314344      -0.0000000000000000       0.0000000000000000          0
  60.526088      -0.090091      -0.0000000000000000       0.0000000000000000          0
  63.643015       0.134429      -0.0000000000000000       0.0000000000000000          0
  66.759998       0.358551      -0.0000000000000000       0.0000000000000000          0
  69.877134       0.581613      -0.0000000000000000       0.0000000000000000          0
  72.994515       0.802953      -0.0000000000000000       0.0000000000000000          0
  76.112232       1.021917      -0.0000000000000000       0.0000000000000000          0
  79.230370       1.237856      -0.0000000000000000       0.0000000000000000          0
  82.349012       1.450130      -0.0000000000000000       0.0000000000000000          0
  85.468233       1.658111      -0.0000000000000000       0.0000000000000000          0
  88.588101       1.861179      -0.0000000000000000       0.0000000000000000          0
  91.708678       2.058734      -0.0000000000000000       0.0000000000000000          0
  94.830017       2.250186      -0.0000000000000000       0.0000000000000000          0
  97.952160       2.434968      -0.0000000000000000       0.0000000000000000          0
  101.075143       2.612527      -1.2732929483783910       0.1315001782315297      67301
  104.198989       2.782336      -1.2976625468533483       0.1334550259372231      64701
  107.323713       2.943886      -1.3181809062342877       0.1359379588828575      64701
  110.449318       3.096696      -0.0000000000000000       0.0000000000000000          0
  113.575798       3.240308      -0.0000000000000000       0.0000000000000000          0
  116.703135       3.374291      -1.3560436622432352       0.1462329397765919        614
  119.831302       3.498245      -0.0000000000000000       0.0000000000000000          0
  122.960261       3.611797      -1.4444506550049887      -0.3174818421275521        667
  126.089966       3.714606      -7.2576076931060447       1.4913116905560417        801
  129.220361       3.806363      -7.2965996447725665       1.5160910123132920        801
  132.351381       3.886791      -7.3138174946990384       1.5422908480333835        801
  135.482955       3.955649      -7.3091971265753495       1.5695992070934148        801
  138.615005       4.012729      -7.2827416887581373       1.5976906738364152        801
>