>anchorPlateId 301
>reconstructionTime 94
>DeformingMeshPoints.gpml lat_lon_velocity_domain_28_32.gpml
>MeshNode <identity>GPlates-b7a3af0e-8119-4abb-9ae6-39bb7e5702ce</identity> <revision>GPlates-7b04c5e6-7801-49f1-bcc4-23d6f4e5417f</revision>
> reconstructionPlateId 0
> validTime TimePeriod <begin> TimeInstant <timePosition>http://gplates.org/times/distantPast</timePosition></begin> <end> TimeInstant <timePosition>http://gplates.org/times/distantFuture</timePosition></end>
  40.018457      72.656102      -0.0000000000000000       0.0000000000000000        302
  43.083321      72.702825      -0.0000000000000000       0.0000000000000000        302
  46.156141      72.750479      -0.0000000000000000       0.0000000000000000        302
  49.237134      72.798929      -0.0000000000000000       0.0000000000000000        302
  52.326493      72.848035      -0.0000000000000000       0.0000000000000000        373
  55.424397      72.897658      -0.0000000000000000       0.0000000000000000        373
  58.530999      72.947654      -0.0000000000000000       0.0000000000000000        372
  61.646431      72.997875      -0.0000000000000000       0.0000000000000000        372
  64.770801      73.048175      -0.0000000000000000       0.0000000000000000        372
  67.904192      73.098404      -0.0000000000000000       0.0000000000000000        372
  71.046660      73.148411      -0.0000000000000000       0.0000000000000000        372
  74.198235      73.198045      -0.0000000000000000       0.0000000000000000        401
  77.358917      73.247154      -0.0000000000000000       0.0000000000000000        401
  80.528678      73.295588      -0.0000000000000000       0.0000000000000000        401
  83.707456      73.343195      -0.0000000000000000       0.0000000000000000        401
  86.895163      73.389828      -0.0000000000000000       0.0000000000000000        401
  90.091674      73.435339      -0.0000000000000000       0.0000000000000000        401
  93.296834      73.479582      -0.0000000000000000       0.0000000000000000        401
  96.510455      73.522416      -0.0000000000000000       0.0000000000000000        401
  99.732315      73.563703      -0.0000000000000000       0.0000000000000000        401
  102.962160      73.603307      -0.0000000000000000       0.0000000000000000        401
  106.199701      73.641099      -0.0000000000000000       0.0000000000000000        401
  109.444617      73.676954      -0.0000000000000000       0.0000000000000000        401
  112.696557      73.710752      -0.0000000000000000       0.0000000000000000        401
  115.955135      73.742380      -0.0000000000000000       0.0000000000000000          0
  119.219938      73.771732      -0.0000000000000000       0.0000000000000000          0
  122.490523      73.798708      -0.0000000000000000       0.0000000000000000          0
  125.766420      73.823215      -0.0000000000000000       0.0000000000000000          0
  129.047133      73.845171      -0.0000000000000000       0.0000000000000000          0
  132.332143      73.864499      -0.0000000000000000       0.0000000000000000          0
  135.620910      73.881132      -0.0000000000000000       0.0000000000000000          0
  138.912876      73.895014      -0.0000000000000000       0.0000000000000000          0
  142.207464      73.906095       0.1682298410411988       0.3280070043278496      42101
  40.404860      70.051874      -0.0000000000000000       0.0000000000000000        302
  43.478947      70.098723      -0.0000000000000000       0.0000000000000000        302
  46.559934      70.146489      -0.0000000000000000       0.0000000000000000        302
  49.647996      70.195033      -0.0000000000000000       0.0000000000000000        302
  52.743294      70.244217      -0.0000000000000000       0.0000000000000000        302
  55.845969      70.293899      -0.0000000000000000       0.0000000000000000        302
  58.956143      70.343934      -0.0000000000000000       0.0000000000000000        302
  62.073919      70.394175      -0.0000000000000000       0.0000000000000000        372
  65.199377      70.444474      -0.0000000000000000       0.0000000000000000        372
  68.332577      70.494681      -0.0000000000000000       0.0000000000000000        372
  71.473556      70.544646      -0.0000000000000000       0.0000000000000000        372
  74.622326      70.594218      -0.0000000000000000       0.0000000000000000        401
  77.778876      70.643246      -0.0000000000000000       0.0000000000000000        401
  80.943168      70.691579      -0.0000000000000000       0.0000000000000000        401
  84.115140      70.739069      -0.0000000000000000       0.0000000000000000        401
  87.294704      70.785568      -0.0000000000000000       0.0000000000000000        401
  90.481742      70.830930      -0.0000000000000000       0.0000000000000000        401
  93.676113      70.875011      -0.0000000000000000       0.0000000000000000        401
  96.877645      70.917673      -0.0000000000000000       0.0000000000000000        401
  100.086142      70.958778      -0.0000000000000000       0.0000000000000000        401
  103.301379      70.998194      -0.0000000000000000       0.0000000000000000        401
  106.523104      71.035793      -0.0000000000000000       0.0000000000000000        401
  109.751038      71.071454      -0.0000000000000000       0.0000000000000000        401
  112.984878      71.105058      -0.0000000000000000       0.0000000000000000        401
  116.224293      71.136496      -0.0000000000000000       0.0000000000000000        401
  119.468932      71.165663      -0.0000000000000000       0.0000000000000000        401
  122.718416      71.192461      -0.0000000000000000       0.0000000000000000        401
  125.972349      71.216802      -0.0000000000000000       0.0000000000000000        401
  129.230310      71.238604      -0.0000000000000000       0.0000000000000000          0
  132.491864      71.257793      -0.0000000000000000       0.0000000000000000      43101
  135.756557      71.274304      -0.0000000000000000       0.0000000000000000          0
  139.023920      71.288081      -0.0000000000000000       0.0000000000000000          0
  142.293472      71.299078      -0.0000000000000000       0.0000000000000000          0
  40.705193      67.446996      -0.0000000000000000       0.0000000000000000        302
  43.786252      67.493942      -0.0000000000000000       0.0000000000000000        302
  46.873375      67.541792      -0.0000000000000000       0.0000000000000000        302
  49.966712      67.590408      -0.0000000000000000       0.0000000000000000        302
  53.066394      67.639651      -0.0000000000000000       0.0000000000000000        302
  56.172539      67.689376      -0.0000000000000000       0.0000000000000000        302
  59.285247      67.739440      -0.0000000000000000       0.0000000000000000        302
  62.404600      67.789694      -0.0000000000000000       0.0000000000000000        302
  65.530661      67.839991      -0.0000000000000000       0.0000000000000000        302
  68.663473      67.890179      -0.0000000000000000       0.0000000000000000        390
  71.803061      67.940110      -0.0000000000000000       0.0000000000000000        401
  74.949427      67.989632      -0.0000000000000000       0.0000000000000000        401
  78.102554      68.038596      -0.0000000000000000       0.0000000000000000        401
  81.262402      68.086850      -0.0000000000000000       0.0000000000000000        401
  84.428908      68.134248      -0.0000000000000000       0.0000000000000000        401
  87.601988      68.180642      -0.0000000000000000       0.0000000000000000        401
  90.781533      68.225888      -0.0000000000000000       0.0000000000000000        401
  93.967414      68.269844      -0.0000000000000000       0.0000000000000000        401
  97.159476      68.312372      -0.0000000000000000       0.0000000000000000        401
  100.357543      68.353336      -0.0000000000000000       0.0000000000000000        401
  103.561414      68.392607      -0.0000000000000000       0.0000000000000000        401
  106.770868      68.430058      -0.0000000000000000       0.0000000000000000        401
  109.985659      68.465569      -0.0000000000000000       0.0000000000000000        401
  113.205522      68.499024      -0.0000000000000000       0.0000000000000000        401
  116.430170      68.530315      -0.0000000000000000       0.0000000000000000        401
  119.659295      68.559340      -0.0000000000000000       0.0000000000000000        401
  122.892572      68.586003      -0.0000000000000000       0.0000000000000000        401
  126.129657      68.610217      -0.0000000000000000       0.0000000000000000        401
  129.370189      68.631901      -0.0000000000000000       0.0000000000000000      43101
  132.613793      68.650984      -0.0000000000000000       0.0000000000000000      43101
  135.860080      68.667401       0.0527134337799249       0.1007760861821594      43202
  139.108647      68.681099       0.1120045942528049       0.0970517491328557      43202
  142.359084      68.692032       0.1709695631004262       0.0900717700120079      43204
  40.946217      64.841671      -0.0000000000000000       0.0000000000000000        302
  44.032746      64.888694      -0.0000000000000000       0.0000000000000000        302
  47.124661      64.936610      -0.0000000000000000       0.0000000000000000        302
  50.222089      64.985283      -0.0000000000000000       0.0000000000000000        302
  53.325145      65.034571      -0.0000000000000000       0.0000000000000000        302
  56.433926      65.084331      -0.0000000000000000       0.0000000000000000        302
  59.548515      65.134416      -0.0000000000000000       0.0000000000000000        302
  62.668980      65.184680      -0.0000000000000000       0.0000000000000000        390
  65.795372      65.234973      -0.0000000000000000       0.0000000000000000        390
  68.927724      65.285146      -0.0000000000000000       0.0000000000000000        468
  72.066051      65.335048      -0.0000000000000000       0.0000000000000000        401
  75.210350      65.384529      -0.0000000000000000       0.0000000000000000        401
  78.360601      65.433440      -0.0000000000000000       0.0000000000000000        401
  81.516762      65.481630      -0.0000000000000000       0.0000000000000000        401
  84.678774      65.528953      -0.0000000000000000       0.0000000000000000        401
  87.846556      65.575263      -0.0000000000000000       0.0000000000000000        401
  91.020010      65.620416      -0.0000000000000000       0.0000000000000000        401
  94.199016      65.664272      -0.0000000000000000       0.0000000000000000        401
  97.383434      65.706692      -0.0000000000000000       0.0000000000000000        401
  100.573105      65.747544      -0.0000000000000000       0.0000000000000000        401
  103.767851      65.786699      -0.0000000000000000       0.0000000000000000        401
  106.967473      65.824032      -0.0000000000000000       0.0000000000000000        401
  110.171754      65.859423      -0.0000000000000000       0.0000000000000000        401
  113.380459      65.892760      -0.0000000000000000       0.0000000000000000        401
  116.593335      65.923935      -0.0000000000000000       0.0000000000000000        401
  119.810111      65.952848      -0.0000000000000000       0.0000000000000000        401
  123.030502      65.979403      -0.0000000000000000       0.0000000000000000        401
  126.254206      66.003516      -0.0000000000000000       0.0000000000000000      43102
  129.480908      66.025107      -0.0000000000000000       0.0000000000000000      43101
  132.710281      66.044105      -0.0000000000000000       0.0000000000000000      43101
  135.941985      66.060449      -0.0000000000000000       0.0000000000000000      43101
  139.175670      66.074083       0.1132247248161330      -0.0223635266753874      43202
  142.410979      66.084965       0.1719070122177389      -0.0292265956513109      43200
  41.144662      62.236025      -0.0000000000000000       0.0000000000000000        302
  44.235611      62.283110      -0.0000000000000000       0.0000000000000000        302
  47.331382      62.331081      -0.0000000000000000       0.0000000000000000        302
  50.432086      62.379799      -0.0000000000000000       0.0000000000000000        302
  53.537822      62.429124      -0.0000000000000000       0.0000000000000000        302
  56.648673      62.478910      -0.0000000000000000       0.0000000000000000        302
  59.764710      62.529013      -0.0000000000000000       0.0000000000000000        302
  62.885990      62.579283      -0.0000000000000000       0.0000000000000000        390
  66.012555      62.629573      -0.0000000000000000       0.0000000000000000        468
  69.144428      62.679732      -0.0000000000000000       0.0000000000000000        468
  72.281622      62.729610      -0.0000000000000000       0.0000000000000000        401
  75.424129      62.779057      -0.0000000000000000       0.0000000000000000        401
  78.571926      62.827924      -0.0000000000000000       0.0000000000000000        401
  81.724974      62.876062      -0.0000000000000000       0.0000000000000000        401
  84.883215      62.923323      -0.0000000000000000       0.0000000000000000        401
  88.046575      62.969563      -0.0000000000000000       0.0000000000000000        401
  91.214963      63.014639      -0.0000000000000000       0.0000000000000000        401
  94.388269      63.058412      -0.0000000000000000       0.0000000000000000        401
  97.566366      63.100744      -0.0000000000000000       0.0000000000000000        401
  100.749110      63.141505      -0.0000000000000000       0.0000000000000000        401
  103.936341      63.180564      -0.0000000000000000       0.0000000000000000        401
  107.127880      63.217800      -0.0000000000000000       0.0000000000000000        401
  110.323533      63.253094      -0.0000000000000000       0.0000000000000000        401
  113.523090      63.286334      -0.0000000000000000       0.0000000000000000        401
  116.726327      63.317414      -0.0000000000000000       0.0000000000000000        401
  119.933002      63.346234      -0.0000000000000000       0.0000000000000000        401
  123.142863      63.372702      -0.0000000000000000       0.0000000000000000        401
  126.355642      63.396732      -0.0000000000000000       0.0000000000000000        401
  129.571061      63.418247      -0.0000000000000000       0.0000000000000000        401
  132.788831      63.437177      -0.0000000000000000       0.0000000000000000        401
  136.008653      63.453460      -0.0000000000000000       0.0000000000000000      43101
  139.230217      63.467044      -0.0000000000000000       0.0000000000000000      43101
  142.453210      63.477884      -0.0000000000000000       0.0000000000000000      43101
  41.311526      59.630140      -0.0000000000000000       0.0000000000000000        302
  44.406132      59.677277      -0.0000000000000000       0.0000000000000000        302
  47.505084      59.725293      -0.0000000000000000       0.0000000000000000        302
  50.608477      59.774050      -0.0000000000000000       0.0000000000000000        302
  53.716399      59.823405      -0.0000000000000000       0.0000000000000000        302
  56.828921      59.873214      -0.0000000000000000       0.0000000000000000        302
  59.946106      59.923330      -0.0000000000000000       0.0000000000000000        390
  63.068001      59.973606      -0.0000000000000000       0.0000000000000000        390
  66.194640      60.023892      -0.0000000000000000       0.0000000000000000        468
  69.326044      60.074039      -0.0000000000000000       0.0000000000000000        468
  72.462219      60.123896      -0.0000000000000000       0.0000000000000000        401
  75.603156      60.173314      -0.0000000000000000       0.0000000000000000        401
  78.748832      60.222143      -0.0000000000000000       0.0000000000000000        401
  81.899208      60.270236      -0.0000000000000000       0.0000000000000000        401
  85.054231      60.317445      -0.0000000000000000       0.0000000000000000        401
  88.213832      60.363627      -0.0000000000000000       0.0000000000000000        401
  91.377925      60.408638      -0.0000000000000000       0.0000000000000000        401
  94.546412      60.452341      -0.0000000000000000       0.0000000000000000        401
  97.719175      60.494600      -0.0000000000000000       0.0000000000000000        401
  100.896085      60.535283      -0.0000000000000000       0.0000000000000000        401
  104.076996      60.574263      -0.0000000000000000       0.0000000000000000        401
  107.261747      60.611418      -0.0000000000000000       0.0000000000000000        401
  110.450164      60.646630      -0.0000000000000000       0.0000000000000000        401
  113.642058      60.679789      -0.0000000000000000       0.0000000000000000        401
  116.837226      60.710790      -0.0000000000000000       0.0000000000000000        401
  120.035454      60.739533      -0.0000000000000000       0.0000000000000000        401
  123.236516      60.765928      -0.0000000000000000       0.0000000000000000        401
  126.440173      60.789889      -0.0000000000000000       0.0000000000000000        401
  129.646176      60.811341      -0.0000000000000000       0.0000000000000000        401
  132.854269      60.830213      -0.0000000000000000       0.0000000000000000        401
  136.064183      60.846446      -0.0000000000000000       0.0000000000000000        401
  139.275647      60.859987      -0.0000000000000000       0.0000000000000000      43101
  142.488378      60.870793      -0.0000000000000000       0.0000000000000000      43400
  41.454337      57.024074      -0.0000000000000000       0.0000000000000000        302
  44.552032      57.071255      -0.0000000000000000       0.0000000000000000        302
  47.653660      57.119310      -0.0000000000000000       0.0000000000000000        302
  50.759308      57.168099      -0.0000000000000000       0.0000000000000000        302
  53.869051      57.217479      -0.0000000000000000       0.0000000000000000        302
  56.982954      57.267306      -0.0000000000000000       0.0000000000000000        302
  60.101070      57.317434      -0.0000000000000000       0.0000000000000000        390
  63.223440      57.367714      -0.0000000000000000       0.0000000000000000        390
  66.350093      57.417997      -0.0000000000000000       0.0000000000000000        468
  69.481046      57.468133      -0.0000000000000000       0.0000000000000000        468
  72.616301      57.517972      -0.0000000000000000       0.0000000000000000        401
  75.755850      57.567364      -0.0000000000000000       0.0000000000000000        401
  78.899669      57.616162      -0.0000000000000000       0.0000000000000000        401
  82.047721      57.664216      -0.0000000000000000       0.0000000000000000        401
  85.199956      57.711380      -0.0000000000000000       0.0000000000000000        401
  88.356309      57.757511      -0.0000000000000000       0.0000000000000000        401
  91.516703      57.802468      -0.0000000000000000       0.0000000000000000        401
  94.681046      57.846111      -0.0000000000000000       0.0000000000000000        401
  97.849232      57.888307      -0.0000000000000000       0.0000000000000000        401
  101.021142      57.928924      -0.0000000000000000       0.0000000000000000        401
  104.196645      57.967836      -0.0000000000000000       0.0000000000000000        401
  107.375593      58.004921      -0.0000000000000000       0.0000000000000000        401
  110.557830      58.040064      -0.0000000000000000       0.0000000000000000        401
  113.743184      58.073154      -0.0000000000000000       0.0000000000000000          0
  116.931475      58.104087       0.0000216418605071       0.0010344210778013          0
  120.122507      58.132765       0.0014787567114973       0.0183521790670291          0
  123.316078      58.159098       0.0047592061802363       0.0318820587031361          0
  126.511973      58.183001       0.0089365698499117       0.0316734586660826          0
  129.709969      58.204398       0.0113636844261307       0.0244851527056317          0
  132.909836      58.223222       0.0057092415649099       0.0100794625015881          0
  136.111333      58.239413      -0.0000000000000000       0.0000000000000000        401
  139.314216      58.252918      -0.0000000000000000       0.0000000000000000      43400
  142.518234      58.263694      -0.0000000000000000       0.0000000000000000          0
  41.578424      54.417867      -0.0000000000000000       0.0000000000000000        302
  44.678770      54.465086      -0.0000000000000000       0.0000000000000000        302
  47.782690      54.513174      -0.0000000000000000       0.0000000000000000        302
  50.890261      54.561990      -0.0000000000000000       0.0000000000000000        302
  54.001550      54.611393      -0.0000000000000000       0.0000000000000000        302
  57.116615      54.661236      -0.0000000000000000       0.0000000000000000        302
  60.235502      54.711373      -0.0000000000000000       0.0000000000000000        390
  63.358248      54.761656      -0.0000000000000000       0.0000000000000000        390
  66.484876      54.811935      -0.0000000000000000       0.0000000000000000        468
  69.615400      54.862062      -0.0000000000000000       0.0000000000000000        468
  72.749822      54.911885      -0.0000000000000000       0.0000000000000000        468
  75.888132      54.961255      -0.0000000000000000       0.0000000000000000        401
  79.030306      55.010025      -0.0165561528102332      -0.0043037075657484          0
  82.176310      55.058045      -0.0475686559894376      -0.0104568268339675          0
  85.326097      55.105170      -0.0631829507780781      -0.0113980896805132          0
  88.479607      55.151258      -0.0653629077747565      -0.0092487957668755          0
  91.636769      55.196166      -0.0543413064733469      -0.0055986735506048          0
  94.797498      55.239758      -0.0284979781109406      -0.0018543982700657          0
  97.961698      55.281899      -0.0000000000000000       0.0000000000000000        401
  101.129260      55.322459      -0.0000000000000000       0.0000000000000000        401
  104.300063      55.361312      -0.0000000000000000       0.0000000000000000        401
  107.473974      55.398337      -0.0000000000000000       0.0000000000000000        401
  110.650852      55.433420      -0.0015385502178282       0.0218561829748385          0
  113.830540      55.466451      -0.0023548534399710       0.1092692809664036          0
  117.012874      55.497325       0.0066233493821875       0.1729317625156847          0
  120.197679      55.525947       0.0248672566878586       0.2167599028748487          0
  123.384771      55.552225       0.0494495290681264       0.2467662248845673          0
  126.573956      55.576078       0.0789910587356654       0.2684051944441376          0
  129.765033      55.597429       0.1110629166531500       0.2791663354641725          0
  132.957793      55.616211       0.1460926993226971       0.2846418254299003          0
  136.152022      55.632364       0.1832721210681091       0.2940684509924909          0
  139.347498      55.645838       0.2159346786213774       0.3091353448256873          0
  142.543995      55.656589       0.2252647879282660       0.2937270934279738          0
  41.687666      51.811548      -0.0000000000000000       0.0000000000000000        302
  44.790321      51.858800      -0.0000000000000000       0.0000000000000000        302
  47.896233      51.906917      -0.0000000000000000       0.0000000000000000        302
  51.005469      51.955757      -0.0000000000000000       0.0000000000000000        302
  54.118092      52.005179      -0.0000000000000000       0.0000000000000000        302
  57.234151      52.055036      -0.0000000000000000       0.0000000000000000        302
  60.353688      52.105181      -0.0000000000000000       0.0000000000000000        390
  63.476735      52.155467      -0.0000000000000000       0.0000000000000000        465
  66.603313      52.205743      -0.0000000000000000       0.0000000000000000        458
  69.733432      52.255861      -0.0000000000000000       0.0000000000000000        458
  72.867094      52.305670      -0.0000000000000000       0.0000000000000000        459
  76.004286      52.355020      -0.0572904438926483      -0.0169666894550645          0
  79.144989      52.403765      -0.1156406230549053      -0.0295970340667794          0
  82.289169      52.451755      -0.1534465322385728      -0.0332075114922625          0
  85.436782      52.498846      -0.1721728566019777      -0.0305607131797190          0
  88.587773      52.544895      -0.1731556677069946      -0.0240970416888859          0
  91.742076      52.589761      -0.1584455412251432      -0.0160646744039733          0
  94.899614      52.633307      -0.1283714588560421      -0.0082470970256710          0
  98.060297      52.675400      -0.0822143666092664       0.0006509142058449          0
  101.224027      52.715910      -0.0207952458349220       0.0082618622585731          0
  104.390693      52.754711      -0.0000000000000000       0.0000000000000000        401
  107.560175      52.791684      -0.0181296444067641       0.1093152083760169          0
  110.732342      52.826714      -0.0210568639870684       0.2297377346255268          0
  113.907054      52.859692      -0.0088600698150448       0.3261384976529961          0
  117.084160      52.890515       0.0165431449662279       0.3949826897908224          0
  120.263502      52.919087       0.0525429735601901       0.4433532352959914          0
  123.444912      52.945319       0.0959963802417483       0.4770258830462981          0
  126.628216      52.969127       0.1452936264088949       0.5012531773526306          0
  129.813230      52.990437       0.1996567604810937       0.5178902227169169          0
  132.999767      53.009183       0.2612515217722548       0.5323816162706478          0
  136.187631      53.025304       0.3337903674069526       0.5551944857270184          0
  139.376622      53.038750       0.4214329311099714       0.6010907202831275          0
  142.566536      53.049479       0.5306159157303337       0.6891437664549484          0
  41.784956      49.205139      -0.0000000000000000       0.0000000000000000        302
  44.889648      49.252421      -0.0000000000000000       0.0000000000000000        302
  47.997313      49.300563      -0.0000000000000000       0.0000000000000000        302
  51.108012      49.349425      -0.0000000000000000       0.0000000000000000        302
  54.221799      49.398863      -0.0000000000000000       0.0000000000000000        302
  57.338721      49.448732      -0.0000000000000000       0.0000000000000000        302
  60.458815      49.498884      -0.0000000000000000       0.0000000000000000        390
  63.582107      49.549172      -0.0000000000000000       0.0000000000000000        465
  66.708617      49.599445      -0.0000000000000000       0.0000000000000000        458
  69.838354      49.649555      -0.0000000000000000       0.0000000000000000        459
  72.971317      49.699351      -0.0640657852506324      -0.0213272782048404          0
  76.107496      49.748684      -0.1586854920558967      -0.0464191797423171          0
  79.246870      49.797406      -0.2287333681707849      -0.0578115958982474          0
  82.389408      49.845370      -0.2733202961426727      -0.0583856845441155          0
  85.535070      49.892430      -0.2945378587232154      -0.0515790414338866          0
  88.683805      49.938445      -0.2940809153155909      -0.0403884160598173          0
  91.835552      49.983273      -0.2756006549834402      -0.0242553034264243          0
  94.990239      50.026779      -0.2456156506413925       0.0236944875576344          0
  98.147786      50.068829      -0.2030328753390371       0.0989454993365784          0
  101.308101      50.109294      -0.1504326927770467       0.1971964490198851          0
  104.471084      50.148049      -0.1051673021837945       0.3227238363829798          0
  107.636624      50.184975      -0.0759450968511052       0.4214678358197044          0
  110.804602      50.219958      -0.0525973409647091       0.5034437413026915          0
  113.974891      50.252890      -0.0200730501919554       0.5795426611106408          0
  117.147353      50.283668       0.0237623332701589       0.6393252606092517          0
  120.321844      50.312196       0.0771514482921177       0.6837101836694063          0
  123.498212      50.338385       0.1379184049929915       0.7128675758452625          0
  126.676299      50.362155       0.2048636546008590       0.7307882742119473          0
  129.855937      50.383429       0.2774100809137998       0.7407546134262295          0
  133.036956      50.402142       0.3583135778942145       0.7483628443982932          0
  136.219178      50.418234       0.4537194042113535       0.7669034448626206          0
  139.402423      50.431656       0.5747569511118503       0.8219552171740110          0
  142.586505      50.442365      -0.0000000000000000       0.0000000000000000          0
  41.872496      46.598656      -0.0000000000000000       0.0000000000000000        301
  44.979006      46.645964      -0.0000000000000000       0.0000000000000000        301
  48.088231      46.694129      -0.0000000000000000       0.0000000000000000        302
  51.200229      46.743010      -0.0000000000000000       0.0000000000000000        302
  54.315047      46.792463      -0.0000000000000000       0.0000000000000000        302
  57.432727      46.842343      -0.0000000000000000       0.0000000000000000        302
  60.553302      46.892502      -0.0000000000000000       0.0000000000000000        390
  63.676797      46.942791      -0.0000000000000000       0.0000000000000000        466
  66.803229      46.993062      -0.0000000000000000       0.0000000000000000        458
  69.932604      47.043164      -0.0277176725684837      -0.0102414559358223          0
  73.064922      47.092948      -0.1634006675815665      -0.0538409525134481          0
  76.200173      47.142266      -0.2749917612599964      -0.0796628882697919          0
  79.338336      47.190967      -0.3570404797540337      -0.0893515997019458          0
  82.479385      47.238907      -0.4078504787118218      -0.0862112759464480          0
  85.623279      47.285940      -0.4296370087756756      -0.0744150049239761          0
  88.769974      47.331923      -0.4248642530014529      -0.0577531350192787          0
  91.919412      47.376718      -0.4034190490010609      -0.0151423430393499          0
  95.071529      47.420187      -0.3724984405807726       0.0846962094854845          0
  98.226249      47.462198      -0.3286762473558664       0.2276052779407263          0
  101.383489      47.502623      -0.2721860297904691       0.4094047707035897          0
  104.543158      47.541337      -0.2090430964840860       0.6005409882353265          0
  107.705154      47.578222      -0.1453720434565640       0.7370289307729320          0
  110.869369      47.613163      -0.0909483275831635       0.7983886858661133          0
  114.035685      47.646053      -0.0356251136691308       0.8529260603972111          0
  117.203979      47.676790       0.0267014955587058       0.8981914211621034          0
  120.374118      47.705278       0.0970636159151326       0.9331112286507377          0
  123.545964      47.731430       0.1738842924047808       0.9519215248001230          0
  126.719371      47.755164       0.2563524510789320       0.9573499073970819          0
  129.894190      47.776406       0.3442460844475829       0.9517244185526015          0
  133.070264      47.795090       0.4392480387595006       0.9361092607922429          0
  136.247432      47.811157       0.5457733146953672       0.9254583914228205          0
  139.425529      47.824557       0.6755229297344428       0.9542663923896619          0
  142.604387      47.835249      -0.0000000000000000       0.0000000000000000          0
  41.951996      43.992113      -0.0000000000000000       0.0000000000000000        301
  45.060143      44.039445      -0.0000000000000000       0.0000000000000000        301
  48.170772      44.087630      -0.0000000000000000       0.0000000000000000        301
  51.283935      44.136528      -0.0000000000000000       0.0000000000000000        301
  54.399674      44.185995      -0.0000000000000000       0.0000000000000000        301
  57.518028      44.235884      -0.0000000000000000       0.0000000000000000        301
  60.639026      44.286048      -0.0000000000000000       0.0000000000000000        390
  63.762690      44.336339      -0.0000000000000000       0.0000000000000000        466
  66.889035      44.386608      -0.0000000000000000       0.0000000000000000        466
  70.018068      44.436703      -0.1224933462751882      -0.0448410081442861          0
  73.149787      44.486477      -0.2814857118146205      -0.0919855960540745          0
  76.284181      44.535779      -0.4094206656351588      -0.1177340693532799          0
  79.421234      44.584463      -0.5018049151167046      -0.1246592367192305          0
  82.560918      44.632380      -0.5579641473829011      -0.1169650406537041          0
  85.703198      44.679388      -0.5756829845707663      -0.0988263439453862          0
  88.848032      44.725343      -0.5615372290928363      -0.0757331524404387          0
  91.995367      44.770107      -0.5320501777743505      -0.0131385739908226          0
  95.145144      44.813543      -0.4986058007777105       0.1449047282829215          0
  98.297294      44.855520      -0.4537129798120921       0.3683251632629598          0
  101.451741      44.895908      -0.3917504694215744       0.6327974238713513          0
  104.608400      44.934585      -0.3115722361194799       0.8943952718531671          0
  107.767180      44.971431      -0.2205500034559935       1.0686019098215744          0
  110.927981      45.006334      -0.1366025163709844       1.1090473487951811          0
  114.090696      45.039186      -0.0557093181268338       1.1367362408281776          0
  117.255212      45.069886       0.0260320230346963       1.1634054992673852          0
  120.421408      45.098339       0.1118783959929258       1.1856461255560786          0
  123.589159      45.124457       0.2036096195311109       1.1951669163937024          0
  126.758331      45.148160       0.3000802635154396       1.1876048977866707          0
  129.928788      45.169372       0.4003266296133545       1.1539413366195559          0
  133.100388      45.188030       0.5035538286631653       1.0920611679522119          0
  136.272983      45.204073       0.6054430842920213       0.9958017445704499          0
  139.446424      45.217454      -0.0000000000000000       0.0000000000000000          0
  142.620557      45.228129      -0.0000000000000000       0.0000000000000000          0
  42.024801      41.385519      -0.0000000000000000       0.0000000000000000        526
  45.134438      41.432873      -0.0000000000000000       0.0000000000000000        526
  48.246341      41.481077      -0.0000000000000000       0.0000000000000000        301
  51.360558      41.529991      -0.0000000000000000       0.0000000000000000        301
  54.477129      41.579469      -0.0000000000000000       0.0000000000000000        301
  57.596087      41.629367      -0.0000000000000000       0.0000000000000000        301
  60.717460      41.679537      -0.0000000000000000       0.0000000000000000        301
  63.841267      41.729829      -0.0000000000000000       0.0000000000000000        467
  66.967521      41.780095      -0.0253858630789472      -0.0054735625299821          0
  70.096229      41.830184      -0.3550638383489508      -0.0448111362219417          0
  73.227387      41.879948      -0.4754336453554358      -0.1185993045352252          0
  76.360987      41.929237      -0.5766576258269366      -0.1649301758405137          0
  79.497012      41.977903      -0.6734264794645436      -0.1665047338758364          0
  82.635438      42.025801      -0.6894593864450676      -0.1440740059362811        580
  85.776232      42.072785      -0.6920405218235182      -0.1186616578470280        580
  88.919354      42.118715      -0.6925422482784682      -0.0931293468053745        580
  92.064758      42.163451      -0.6509250400571007      -0.0422670851970710          0
  95.212388      42.206856      -0.6549568240229405       0.2172818005321468          0
  98.362181      42.248801      -0.6413085113441559       0.5264529130214798          0
  101.514069      42.289156      -0.5489647225015081       0.8321917610969802          0
  104.667972      42.327798      -0.4175628054920287       1.1580973168091928          0
  107.823809      42.364610      -0.2991772234720989       1.4385470065067401          0
  110.981487      42.399478      -0.1914855961612437       1.4370623020506046          0
  114.140910      42.432296      -0.0849664057564723       1.4413375834216189          0
  117.301973      42.462962       0.0210769949085030       1.4364346742276175          0
  120.464567      42.491383       0.1243568252951053       1.4335802682296384          0
  123.628576      42.517470       0.2281965152083236       1.4328651991065033          0
  126.793881      42.541143       0.3369543071654327       1.4295976581479548          0
  129.960356      42.562329       0.4478584945719354       1.3809711972312364          0
  133.127871      42.580962       0.5361848483363154       1.1303737173490713          0
  136.296293      42.596985      -0.0000000000000000       0.0000000000000000          0
  139.465485      42.610347      -0.0000000000000000       0.0000000000000000          0
  142.635308      42.621008       0.5321097801944612       0.6481599894156198        625
  42.091991      38.778883      -2.4087891974410347      -0.0652114437485474        503
  45.202992      38.826256      -0.0000000000000000       0.0000000000000000        526
  48.316062      38.874478      -0.0000000000000000       0.0000000000000000        526
  51.431243      38.923406      -0.0000000000000000       0.0000000000000000        301
  54.548571      38.972896      -0.0000000000000000       0.0000000000000000        301
  57.668076      39.022802      -0.0000000000000000       0.0000000000000000        301
  60.789784      39.072976      -0.0000000000000000       0.0000000000000000        301
  63.913712      39.123269      -0.0000000000000000       0.0000000000000000        301
  67.039872      39.173532      -0.4290359281379421       0.0521582345743912          0
  70.168269      39.223616      -1.2389516335534678       0.1401215372230296          0
  73.298900      39.273370      -1.3711859491768599       0.0818588222328502          0
  76.431758      39.322647      -0.6782884977732928      -0.1928142984515506        580
  79.566827      39.371298      -0.6849370818366590      -0.1691695602630848        580
  82.704083      39.419177      -0.6895379799486374      -0.1452640345928746        580
  85.843499      39.466140      -0.6920730790292966      -0.1211700700825903        580
  88.985037      39.512046      -0.6925305014794377      -0.0969613352088064        580
  92.128653      39.556755      -0.9604230773749785       0.0747321086458505          0
  95.274299      39.600133      -1.1029259953321211       0.4232756708452748          0
  98.421915      39.642048      -1.0191488725680600       0.7176235262590158          0
  101.571439      39.682372      -0.8134611105415016       0.9643900335647425          0
  104.722801      39.720983      -0.5449888889406687       1.1680004305190557          0
  107.875923      39.757763      -0.2924046868323000       1.3025181947307807          0
  111.030722      39.792599      -0.1750798184485488       1.3238899378617737          0
  114.187110      39.825385      -0.0714359508660379       1.3372821933885848          0
  117.344992      39.856020       0.0325137396015424       1.3511161967935286          0
  120.504269      39.884411       0.1373746014896800       1.3599063638999491          0
  123.664834      39.910469       0.2431551861287136       1.3483347837623940          0
  126.826579      39.934116       0.3477982710899052       1.3037540394509377          0
  129.989389      39.955277       0.4479365480678507       1.2215755583377583          0
  133.153147      39.973888       0.5270073156420696       0.9370521123041489          0
  136.317730      39.989891      -0.0000000000000000       0.0000000000000000          0
  139.483014      40.003238      -0.0000000000000000       0.0000000000000000          0
  142.648872      40.013885       0.5313307551566546       0.8779475696960726        625
  42.154439      36.172211      -2.4124030584117335       0.1275355677866081        503
  45.266701      36.219603      -0.0000000000000000       0.0000000000000000        505
  48.380847      36.267841      -0.0000000000000000       0.0000000000000000        505
  51.496914      36.316782      -0.0000000000000000       0.0000000000000000        505
  54.614937      36.366282      -0.0000000000000000       0.0000000000000000        505
  57.734942      36.416195      -0.0000000000000000       0.0000000000000000        505
  60.856952      36.466373      -0.0000000000000000       0.0000000000000000        301
  63.980984      36.516668      -0.0000000000000000       0.0000000000000000        301
  67.107047      36.566929      -1.2349198171502946       0.2810093584417107          0
  70.235147      36.617007      -2.8441490576560442       0.5443454441087146          0
  73.365280      36.666752      -3.6755838436713741       0.7635002728388302        501
  76.497441      36.716017      -1.7352480126945078       0.2062106374917213          0
  79.631613      36.764654      -0.9743178191681917      -0.0451866992915752          0
  82.767777      36.812515      -0.6896100182904578      -0.1462471836393164        580
  85.905906      36.859459      -1.1192769334617549       0.0942730050801003          0
  89.045966      36.905342      -1.4131730878026412       0.2725047907822688          0
  92.187918      36.950028      -1.7790757525029337       0.4959712029572562          0
  95.331715      36.993380      -1.8594961268673869       0.7553122115947163          0
  98.477307      37.035267      -1.6059517020593974       0.9462527069134411          0
  101.624634      37.075563      -1.1670069589547285       1.0569898006172891          0
  104.773633      37.114144      -0.6841413756552772       1.1009461286201883          0
  107.924233      37.150894      -0.2763888290556423       1.0951284222272764          0
  111.076359      37.185701      -0.1408244569836474       1.0989007380725051          0
  114.229931      37.218457      -0.0448039970639047       1.1193977523866820          0
  117.384862      37.249064       0.0519715245107749       1.1406699340989919          0
  120.541060      37.277426       0.1507937481785040       1.1479429239060703          0
  123.698432      37.303459       0.2506203102780282       1.1261135069935193          0
  126.856876      37.327080       0.3486940893155031       1.0713490412478048          0
  130.016289      37.348219       0.4413328399665821       0.9716505729479126          0
  133.176564      37.366809      -0.0000000000000000       0.0000000000000000          0
  136.337589      37.382795      -0.0000000000000000       0.0000000000000000          0
  139.499252      37.396126      -0.0000000000000000       0.0000000000000000          0
  142.661437      37.406761       0.5306090696558844       1.1059322919492713        627
  42.212864      33.565508      -2.4157814887595328       0.3197363314189508        503
  45.326298      33.612918      -2.5920961918441869       0.3916121323916967        503
  48.441443      33.661171      -0.0000000000000000       0.0000000000000000        505
  51.558333      33.710124      -0.0000000000000000       0.0000000000000000        505
  54.676997      33.759634      -0.0000000000000000       0.0000000000000000        505
  57.797462      33.809554      -0.0000000000000000       0.0000000000000000        505
  60.919748      33.859736      -0.0000000000000000       0.0000000000000000        506
  64.043868      33.910031      -0.0000000000000000       0.0000000000000000        506
  67.169833      33.960290      -2.1264253074427968       0.5745371446571213          0
  70.297647      34.010362      -3.5330073683320551       0.8293103144760480        501
  73.427308      34.060100      -3.6783594378415669       0.9362683604080047        501
  76.558809      34.109354      -3.8128149532541236       1.0478931147542516        501
  79.692137      34.157977      -2.8604462701206206       0.7837300704746499          0
  82.827273      34.205822      -2.2333435303709850       0.5928656641077403          0
  85.964193      34.252747      -2.2795368595461953       0.6792401301074333          0
  89.102866      34.298610      -2.4350253987007635       0.8046241577566540          0
  92.243257      34.343273      -2.6965886389523339       0.9758221318664058          0
  95.385324      34.386600      -2.7756625391721372       1.1717688209764145          0
  98.529019      34.428462      -2.3245814534134501       1.2414093653982325          0
  101.674290      34.468731      -1.5396078477299384       1.1668674630401752          0
  104.821078      34.507285      -0.7467284048391186       1.0168126551047605          0
  107.969321      34.544008      -0.2020100523362413       0.8699413724401436          0
  111.118949      34.578786      -0.1072553799292205       0.8727955545308168          0
  114.269889      34.611515      -0.0193927911657330       0.9041550168084372          0
  117.422062      34.642095       0.0701729883254477       0.9355581271567419          0
  120.575387      34.670432       0.1630845209044414       0.9464481240815499          0
  123.729776      34.696439       0.2573841153876320       0.9258532715148355          0
  126.885140      34.720038       0.3500775772339893       0.8793393597453433          0
  130.041382      34.741155       0.4384955016048271       0.7981820167271992          0
  133.198407      34.759726      -0.0000000000000000       0.0000000000000000          0
  136.356113      34.775695      -0.0000000000000000       0.0000000000000000          0
  139.514398      34.789011       0.7732120934682282       1.2482887329999115        629
  142.673157      34.799635       0.5299359311251300       1.3316406362992685        627
  42.267862      30.958780      -2.4189594932603153       0.5110180625237928        503
  45.382394      31.006206      -2.5952042759024545       0.5777899402776761        503
  48.498473      31.054473      -2.7638641298981721       0.6495714207885724        503
  51.616130      31.103438      -2.9244301123076699       0.7261829223537851        503
  54.735392      31.152957      -0.0000000000000000       0.0000000000000000        505
  57.856283      31.202883      -0.0000000000000000       0.0000000000000000        505
  60.978820      31.253068      -0.0000000000000000       0.0000000000000000      50601
  64.103018      31.303364      -0.0000000000000000       0.0000000000000000      50601
  67.228884      31.353621      -3.0466821512288078       0.8711164680957795          0
  70.356423      31.403689      -3.5358355963635013       1.0071549043822523        501
  73.485632      31.453419      -3.6809653495519581       1.1066782360603615        501
  76.616507      31.502662      -3.8151866202258766       1.2105664848333091        501
  79.749034      31.551272      -3.9380804537234528       1.3185262407837044        501
  82.883197      31.599102      -3.6785340957711012       1.2873242123768029          0
  86.018975      31.646009      -3.4467988626826807       1.2706645466199196          0
  89.156339      31.691853      -3.4193526804765781       1.3303917612586669          0
  92.295257      31.736494      -3.5849648764801323       1.4695844311755739          0
  95.435692      31.779799      -3.9167752712839503       1.7007767466523991          0
  98.577601      31.821637      -3.2283886374175257       1.6367683155629171          0
  101.720936      31.861881      -1.8071034933528263       1.2486899471113937          0
  104.865644      31.900409      -0.5122172765339902       0.8097050073460514          0
  108.011668      31.937105      -0.1768221080249430       0.7039954669504920          0
  111.158946      31.971858      -0.0887080207218836       0.7091425829075077          0
  114.307412      32.004561       0.0005177689043906       0.7146637986659039          0
  117.456994      32.035115       0.0863688910112411       0.7400394348838629          0
  120.607618      32.063428       0.1737256147627146       0.7605219686201354          0
  123.759205      32.089412       0.2632227481628903       0.7480366664328745          0
  126.911674      32.112989       0.3516096992990437       0.7201828189952111          0
  130.064939      32.134086       0.4380191199806602       0.6862956410075737          0
  133.218912      32.152640      -0.0000000000000000       0.0000000000000000          0
  136.373502      32.168592      -0.0000000000000000       0.0000000000000000          0
  139.528616      32.181895      -0.0000000000000000       0.0000000000000000          0
  142.684158      32.192508      -0.0000000000000000       0.0000000000000000          0
  42.319936      28.352030      -2.4219664683927693       0.7010055646087242        503
  45.435502      28.399471      -2.5981445090986464       0.7625126458240179        503
  48.552460      28.447751      -2.7667155760678908       0.8286581746781138        503
  51.670837      28.496727      -2.9271717238099235       0.8992784388766891        503
  54.790660      28.546254      -3.0790274289454751       0.9741946752614756        503
  57.911947      28.596186      -0.0000000000000000       0.0000000000000000        505
  61.034717      28.646375      -0.0000000000000000       0.0000000000000000        505
  64.158981      28.696671      -0.0000000000000000       0.0000000000000000      50601
  67.284747      28.746926      -0.0000000000000000       0.0000000000000000          0
  70.412019      28.796989      -3.5385074380292112       1.1825422705104041        501
  73.540796      28.846712      -3.6834265450710175       1.2744120791495899        501
  76.671072      28.895946      -3.8174259723315860       1.3703385363301175        501
  79.802836      28.944543      -3.9400893970042308       1.4700513920538347        501
  82.936074      28.992359      -4.0510334148798037       1.5732650111548718        501
  86.070766      29.039249      -4.1499089010859498       1.6796790771682271        501
  89.206888      29.085074      -4.2364022783609840       1.7889793906427300        501
  92.344409      29.129695      -4.3102366863213923       1.9008387610848991        501
  95.483298      29.172979      -4.3711730453244364       2.0149179908119512        501
  98.623514      29.214794      -2.7701998644172199       1.4467283386733201          0
  101.765015      29.255014      -1.0623904870727183       0.8802304415458295          0
  104.907754      29.293518      -0.2629846960125425       0.6157360194073392          0
  108.051678      29.330190      -0.1784539325540657       0.6253419533128037          0
  111.196733      29.364917      -0.0897100283156135       0.6343236195483885          0
  114.342858      29.397596       0.0002727753920262       0.6416935763891996          0
  117.489990      29.428127       0.0902462817104418       0.6461967886439231          0
  120.638061      29.456416       0.1783222728922614       0.6446480954875893          0
  123.787000      29.482378       0.2657723492385896       0.6391331849314781          0
  126.936734      29.505935       0.3526150363447525       0.6314728148162526          0
  130.087186      29.527013      -0.0000000000000000       0.0000000000000000          0
  133.238276      29.545550      -0.0000000000000000       0.0000000000000000          0
  136.389922      29.561487      -0.0000000000000000       0.0000000000000000          0
  139.542041      29.574778      -0.0000000000000000       0.0000000000000000          0
  142.694546      29.585381      -0.0000000000000000       0.0000000000000000          0
  42.369512      25.745261      -2.4248273788390744       0.8893228156061064        503
  45.486058      25.792717      -2.6009413914675843       0.9454168588991201        503
  48.603847      25.841009      -2.7694274609074214       1.0057693899704918        503
  51.722906      25.889996      -2.9297786025284838       1.0702331433380514        503
  54.843255      25.939531      -3.0815104932038944       1.1386469086768081        503
  57.964915      25.989468      -0.0000000000000000       0.0000000000000000      50602
  61.087900      26.039660      -0.0000000000000000       0.0000000000000000      50602
  64.212222      26.089957      -0.0000000000000000       0.0000000000000000      50602
  67.337888      26.140210      -3.3858424660383797       1.2750967034343215        501
  70.464901      26.190268      -3.5410457240697690       1.3551373006485179        501
  73.593260      26.239984      -3.6857641529903891       1.4391516858612501        501
  76.722962      26.289208      -3.8195523293221481       1.5269084216894986        501
  79.853996      26.337794      -3.9419964370488461       1.6181610975651064        501
  82.986349      26.385596      -4.0527156847782972       1.7126488757187803        501
  86.120004      26.432471      -4.1513636355307693       1.8100971276287519        501
  89.254939      26.478278      -4.2376294428833994       1.9102181610717850        501
  92.391129      26.522880      -4.3112389873122954       2.0127120370589879        501
  95.528543      26.566143      -4.5370637286846023       2.3298167821597828        607
  98.667146      26.607936      -0.3629805078413899       0.4320305850634155        603
  101.806901      26.648134      -0.4346018550943245       0.5324041304113967          0
  104.947765      26.686615      -0.2646520976167771       0.5281068385775316          0
  108.089692      26.723263      -0.1810904126154071       0.5467546701615519          0
  111.232632      26.757967      -0.0913964197257183       0.5601222111904443          0
  114.376532      26.790622      -0.0002145047064103       0.5698670933753843          0
  117.521334      26.821130       0.0907357136827987       0.5762380147618834          0
  120.666978      26.849398       0.1791948132220038       0.5760440783447938          0
  123.813400      26.875339       0.2666203182051022       0.5720124059765355          0
  126.960536      26.898876       0.3535127878484056       0.5658297224029185          0
  130.108314      26.919937      -0.0000000000000000       0.0000000000000000          0
  133.256666      26.938457      -0.0000000000000000       0.0000000000000000          0
  136.405516      26.954381      -0.0000000000000000       0.0000000000000000          0
  139.554789      26.967659      -0.0000000000000000       0.0000000000000000          0
  142.704410      26.978252      -0.0000000000000000       0.0000000000000000          0
  42.416959      23.138476      -2.4275636622020222       1.0755943670179813        503
  45.534438      23.185946      -2.6036159535272505       1.1261397799162702        503
  48.653018      23.234250      -2.7720202502974511       1.1805556589486310        503
  51.772722      23.283246      -2.9322704977193808       1.2387117122757876        503
  54.893572      23.332789      -3.0838835311278308       1.3004648277444684        503
  58.015583      23.382732      -0.0000000000000000       0.0000000000000000      50602
  61.138769      23.432927      -0.0000000000000000       0.0000000000000000      50602
  64.263141      23.483224      -0.0000000000000000       0.0000000000000000      50602
  67.388706      23.533475      -0.0000000000000000       0.0000000000000000          0
  70.515466      23.583529      -3.5434700007822570       1.5246059875057967        501
  73.643422      23.633238      -3.6879962536677082       1.6005801958267247        501
  76.772569      23.682453      -3.8215822152394567       1.6799769195279164        501
  79.902900      23.731028      -3.9438164695423743       1.7625742075045920        501
  83.034403      23.778816      -4.0543207246933131       1.8481366419377139        501
  86.167062      23.825676      -4.1527511130478691       1.9364159047835103        501
  89.300860      23.871466      -4.2387993966491990       2.0271514311724990        501
  92.435773      23.916050      -4.5523677234208657       2.2607177333023807        607
  95.571774      23.959293      -4.5367559970780142       2.3611285593329185       7250
  98.708833      24.001065      -0.3619387794980021       0.3687050464577514        603
  101.846916      24.041242      -0.3296951547679724       0.4092416937672729      60401
  104.985987      24.079700      -0.2709683568467555       0.4463016979463015          0
  108.126003      24.116326      -0.1862327956015970       0.4708166339997805          0
  111.266920      24.151008      -0.0937907444497755       0.4880098841408792          0
  114.408692      24.183641      -0.0004685316764438       0.5000369704506332          0
  117.551267      24.214127       0.0916229133581257       0.5076690796391205          0
  120.694591      24.242374       0.1799751720573114       0.5079343714714185          0
  123.838609      24.268296      -0.0000000000000000       0.0000000000000000          0
  126.983262      24.291814      -0.0000000000000000       0.0000000000000000          0
  130.128488      24.312857      -0.0000000000000000       0.0000000000000000          0
  133.274223      24.331362      -0.0000000000000000       0.0000000000000000          0
  136.420403      24.347272      -0.0000000000000000       0.0000000000000000          0
  139.566961      24.360540      -0.0000000000000000       0.0000000000000000          0
  142.713827      24.371123      -0.0000000000000000       0.0000000000000000          0
  42.462594      20.531677      -2.4301939343240746       1.2594466010926699        503
  45.580966      20.579160      -2.6061864504695680       1.3043204804314903        503
  48.700303      20.627476      -2.7745117020057233       1.3526695094448664        503
  51.820625      20.676482      -2.9346645379457259       1.4043808478471216        503
  54.941950      20.726032      -3.0861629168748150       1.4593299761353946        503
  58.064294      20.775980      -3.2285493983971616       1.5173807155815890        503
  61.187669      20.826177      -0.0000000000000000       0.0000000000000000          0
  64.312085      20.876475      -0.0000000000000000       0.0000000000000000          0
  67.437548      20.926724      -0.0000000000000000       0.0000000000000000          0
  70.564060      20.976774      -0.0000000000000000       0.0000000000000000          0
  73.691624      21.026476      -3.6901384920916405       1.7583835717890368        501
  76.820234      21.075683      -3.8235299209772573       1.8292479047026986        501
  79.949884      21.124246      -3.9455623698657689       1.9030129796858932        501
  83.080566      21.172022      -4.0558599499625378       1.9794693619888224        501
  86.212266      21.218867      -4.1540812620131016       2.0583956070557439        501
  89.344967      21.264641      -0.0000000000000000       0.0000000000000000          0
  92.478649      21.309207      -0.0000000000000000       0.0000000000000000          0
  95.613290      21.352431      -4.5364580396297107       2.3872194838952558        607
  98.748863      21.394184      -0.3609382680047385       0.3045901132256393        603
  101.885338      21.434339      -0.3290686798704621       0.3706805395902723      60401
  105.022683      21.472777      -0.2774402789548894       0.3773362477976208      60406
  108.160862      21.509381      -0.1953492106804727       0.3990559801388372          0
  111.299836      21.544041      -0.0960834109670938       0.4194944540182868          0
  114.439563      21.576653       0.0006584879470727       0.4336053041045913          0
  117.579998      21.607119       0.0927892273066658       0.4403136027710763          0
  120.721095      21.635345       0.1806458419983731       0.4390622052607801        602
  123.862804      21.661248      -0.0000000000000000       0.0000000000000000          0
  127.005073      21.684748      -0.0000000000000000       0.0000000000000000          0
  130.147848      21.705775      -0.0000000000000000       0.0000000000000000          0
  133.291073      21.724266      -0.0000000000000000       0.0000000000000000          0
  136.434690      21.740163      -0.0000000000000000       0.0000000000000000          0
  139.578640      21.753419      -0.0000000000000000       0.0000000000000000          0
  142.722863      21.763994      -0.0000000000000000       0.0000000000000000          0
  42.506700      17.924867      -0.0000000000000000       0.0000000000000000          0
  45.625931      17.972363      -2.6086689105265366       1.4796010622501112        503
  48.745995      18.020690      -2.7769174009029647       1.5217665736189647        503
  51.866909      18.069704      -2.9369757491555548       1.5669104533722682        503
  54.988690      18.119262      -3.0883630078299635       1.6149272194855067        503
  58.111352      18.169214      -0.0000000000000000       0.0000000000000000          0
  61.234905      18.219414      -0.0000000000000000       0.0000000000000000          0
  64.359358      18.269713      -0.0000000000000000       0.0000000000000000          0
  67.484718      18.319959      -0.0000000000000000       0.0000000000000000          0
  70.610988      18.370005      -0.0000000000000000       0.0000000000000000          0
  73.738167      18.419701      -3.6922045601786531       1.9122518895174188        501
  76.866255      18.468899      -3.8254079467182271       1.9744296219151170        501
  79.995245      18.517453      -3.9472453935515115       2.0392043314223725        501
  83.125130      18.565216      -4.0573433333969788       2.1063930699848381        501
  86.255899      18.612047      -0.0000000000000000       0.0000000000000000          0
  89.387537      18.657806      -0.0000000000000000       0.0000000000000000          0
  92.520029      18.702354      -0.0000000000000000       0.0000000000000000          0
  95.653354      18.745560      -4.5361682452667278       2.4080540396973471        607
  98.787490      18.787293      -0.3599726576771834       0.2398200672130855        603
  101.922411      18.827429      -0.3284640675046586       0.3313306850688731      60401
  105.058089      18.865846      -0.2768526038078883       0.3372742125484299      60404
  108.194493      18.902429      -0.2243999080775810       0.3422879333251838      60406
  111.331589      18.937069      -0.0910508852746669       0.3602657717343647          0
  114.469342      18.969660       0.0052668641018863       0.3699022799321002        612
  117.607712      19.000105      -0.0000000000000000       0.0000000000000000          0
  120.746659      19.028313      -0.0000000000000000       0.0000000000000000          0
  123.886140      19.054197      -6.3181583663665064       3.3639722227759021        737
  127.026108      19.077680      -0.0000000000000000       0.0000000000000000          0
  130.166519      19.098691      -0.0000000000000000       0.0000000000000000          0
  133.307322      19.117167      -0.0000000000000000       0.0000000000000000          0
  136.448467      19.133052      -0.0000000000000000       0.0000000000000000          0
  139.589903      19.146297      -0.0000000000000000       0.0000000000000000          0
  142.731577      19.156864      -0.0000000000000000       0.0000000000000000          0
  42.549525      15.318047      -0.0000000000000000       0.0000000000000000          0
  45.669587      15.365555      -2.6110775742391845       1.6516277199797260        503
  48.790352      15.413893      -2.7792511874770116       1.6875066517688189        503
  51.911838      15.462916      -0.0000000000000000       0.0000000000000000          0
  55.034058      15.512480      -0.0000000000000000       0.0000000000000000          0
  58.157023      15.562438      -0.0000000000000000       0.0000000000000000          0
  61.280745      15.612640      -0.0000000000000000       0.0000000000000000          0
  64.405231      15.662939      -0.0000000000000000       0.0000000000000000          0
  67.530488      15.713184      -0.0000000000000000       0.0000000000000000          0
  70.656517      15.763226      -0.0000000000000000       0.0000000000000000          0
  73.783321      15.812916      -0.0000000000000000       0.0000000000000000          0
  76.910897      15.862105      -3.8272273547288882       2.1152358050412690        501
  80.039243      15.910649      -3.9488754953829304       2.1708809328775813        501
  83.168351      15.958400      -0.0000000000000000       0.0000000000000000          0
  86.298214      16.005217      -0.0000000000000000       0.0000000000000000          0
  89.428819      16.050960      -0.0000000000000000       0.0000000000000000          0
  92.560153      16.095493      -0.0000000000000000       0.0000000000000000          0
  95.692199      16.138681      -0.0000000000000000       0.0000000000000000          0
  98.824939      16.180395      -0.3590363466645556       0.1745302848060643        603
  101.958350      16.220511      -0.3278778091717632       0.2912746896923725        604
  105.092410      16.258908      -0.2762828342062765       0.2964976593076740        604
  108.227091      16.295472      -0.2238509388949488       0.3009145589932546      60403
  111.362366      16.330091      -0.0000000000000000       0.0000000000000000          0
  114.498203      16.362662       0.0060782563578778       0.2978278039176431        612
  117.634570      16.393088      -0.0000000000000000       0.0000000000000000          0
  120.771432      16.421276      -0.0000000000000000       0.0000000000000000          0
  123.908752      16.447143      -0.0000000000000000       0.0000000000000000          0
  127.046492      16.470609      -6.3985881463469454       3.5902747928726559        678
  130.184610      16.491605      -0.0000000000000000       0.0000000000000000          0
  133.323066      16.510067      -0.0000000000000000       0.0000000000000000          0
  136.461815      16.525940      -0.0000000000000000       0.0000000000000000          0
  139.600815      16.539175      -0.0000000000000000       0.0000000000000000          0
  142.740020      16.549733      -0.0000000000000000       0.0000000000000000          0
  42.591295      12.711219      -1.2668262978940279       1.2959572568131570        710
  45.712164      12.758740      -0.0000000000000000       0.0000000000000000          0
  48.833611      12.807088      -0.0000000000000000       0.0000000000000000          0
  51.955650      12.856120      -0.0000000000000000       0.0000000000000000          0
  55.078293      12.905690      -0.0000000000000000       0.0000000000000000          0
  58.201551      12.955652      -0.0000000000000000       0.0000000000000000          0
  61.325434      13.005857      -0.0000000000000000       0.0000000000000000          0
  64.449948      13.056156      -0.0000000000000000       0.0000000000000000          0
  67.575099      13.106399      -0.0000000000000000       0.0000000000000000          0
  70.700891      13.156437      -0.0000000000000000       0.0000000000000000          0
  73.827324      13.206121      -0.0000000000000000       0.0000000000000000          0
  76.954399      13.255303      -3.8289980547694147       2.2513866724110145        501
  80.082113      13.303836      -3.9504615873531854       2.2977821730460750        501
  83.210462      13.351575      -0.0000000000000000       0.0000000000000000          0
  86.339438      13.398379      -0.0000000000000000       0.0000000000000000          0
  89.469033      13.444108      -0.0000000000000000       0.0000000000000000          0
  92.599236      13.488624      -0.0000000000000000       0.0000000000000000          0
  95.730034      13.531794      -0.0000000000000000       0.0000000000000000          0
  98.861411      13.573491      -0.3581243047141854       0.1088569945873116      60302
  101.993350      13.613588      -0.3273067544974071       0.2505963830313905      60402
  105.125831      13.651965      -0.2757279027369983       0.2550917412870278        604
  108.258833      13.688509      -0.2233163221432714       0.2589062472816903        604
  111.392332      13.723109      -0.0812047616327664       0.2237435917882867        612
  114.526303      13.755661      -0.0000000000000000       0.0000000000000000          0
  117.660719      13.786067      -0.0000000000000000       0.0000000000000000          0
  120.795550      13.814238      -0.0000000000000000       0.0000000000000000          0
  123.930765      13.840087      -0.0000000000000000       0.0000000000000000          0
  127.066333      13.863537      -6.3990318532903165       3.6961995569466009        678
  130.202220      13.884518      -0.0000000000000000       0.0000000000000000          0
  133.338390      13.902966      -0.0000000000000000       0.0000000000000000          0
  136.474808      13.918827      -0.0000000000000000       0.0000000000000000          0
  139.611436      13.932052      -0.0000000000000000       0.0000000000000000          0
  142.748237      13.942602      -0.0000000000000000       0.0000000000000000          0
  42.632216      10.104384      -1.1833754786979478       0.9415739395233449        709
  45.753872      10.151917      -1.1732431285070914       0.9528822962275276        709
  48.875982      10.200275      -1.1596267301274621       0.9641835491364941        709
  51.998560      10.249316      -0.0000000000000000       0.0000000000000000          0
  55.121615      10.298893      -0.0000000000000000       0.0000000000000000          0
  58.245156      10.348859      -0.0000000000000000       0.0000000000000000          0
  61.369193      10.399066      -0.0000000000000000       0.0000000000000000          0
  64.493731      10.449365      -0.0000000000000000       0.0000000000000000          0
  67.618775      10.499607      -0.0000000000000000       0.0000000000000000          0
  70.744330      10.549641      -0.0000000000000000       0.0000000000000000          0
  73.870398      10.599319      -0.0000000000000000       0.0000000000000000          0
  76.996978      10.648492      -3.8307290386302824       2.3826098197683439        501
  80.124071      10.697016      -0.0000000000000000       0.0000000000000000          0
  83.251672      10.744744      -0.0000000000000000       0.0000000000000000          0
  86.379778      10.791535      -0.0000000000000000       0.0000000000000000          0
  89.508381      10.837248      -0.0000000000000000       0.0000000000000000          0
  92.637475      10.881749      -0.0000000000000000       0.0000000000000000          0
  95.767048      10.924902      -0.0000000000000000       0.0000000000000000          0
  98.897090      10.966581      -0.3572319559266897       0.0429370249494636      60302
  102.027586      11.006659      -0.3267480377822144       0.2093807162101487      60402
  105.158521      11.045018      -0.2751850200945923       0.2131427794502158      60402
  108.289878      11.081542      -0.2227933665351293       0.2163504354208193        604
  111.421639      11.116123      -0.0803818678009942       0.1506814670328250        612
  114.553783      11.148656       0.0076408031391334       0.1519801138281593        613
  117.686289      11.179044       0.0956507882433985       0.1522873889544617        613
  120.819133      11.207196       0.5897997614727083       0.8612204452406670        677
  123.952290      11.233028      -0.0000000000000000       0.0000000000000000          0
  127.085734      11.256463      -0.0000000000000000       0.0000000000000000          0
  130.219438      11.277429      -0.0000000000000000       0.0000000000000000          0
  133.353373      11.295865      -0.0000000000000000       0.0000000000000000          0
  136.487511      11.311714      -0.0000000000000000       0.0000000000000000          0
  139.621820      11.324929      -0.0000000000000000       0.0000000000000000          0
  142.756270      11.335471      -0.0000000000000000       0.0000000000000000          0
  42.672478       7.497545      -1.1832670967209860       0.9412334483786107        709
  45.794905       7.545090      -1.1730866792986991       0.9496926025210435        709
  48.917666       7.593458      -1.1594215498134390       0.9581740502660882        709
  52.040770       7.642506      -0.0000000000000000       0.0000000000000000          0
  55.164226       7.692089      -0.0000000000000000       0.0000000000000000          0
  58.288042       7.742060      -0.0000000000000000       0.0000000000000000          0
  61.412226       7.792270      -0.0000000000000000       0.0000000000000000          0
  64.536784       7.842569      -0.0000000000000000       0.0000000000000000          0
  67.661720       7.892808      -0.0000000000000000       0.0000000000000000          0
  70.787039       7.942838      -0.0000000000000000       0.0000000000000000          0
  73.912743       7.992511      -0.0000000000000000       0.0000000000000000          0
  77.038834       8.041677      -0.0000000000000000       0.0000000000000000          0
  80.165312       8.090190      -0.0000000000000000       0.0000000000000000          0
  83.292176       8.137907      -0.0000000000000000       0.0000000000000000          0
  86.419423       8.184685      -0.0000000000000000       0.0000000000000000          0
  89.547050       8.230384      -0.0000000000000000       0.0000000000000000          0
  92.675050       8.274869      -0.0000000000000000       0.0000000000000000          0
  95.803418       8.318006      -0.0000000000000000       0.0000000000000000          0
  98.932145       8.359667      -0.4238515697568546       0.0653942743892044        647
  102.061221       8.399727      -0.3388121558840165       0.0695232413025202      64701
  105.190635       8.438067      -0.2746516149716828       0.1707380997187347      60402
  108.320375       8.474573      -0.2222795919339887       0.1733356015710752        604
  111.450427       8.509134      -0.0795735466754677       0.0773035046268278        613
  114.580775       8.541649       0.0083996241077011       0.0785089263578927        613
  117.711403       8.572019       0.1557776754333924       0.4966873864138931        738
  120.842294       8.600153      -0.0000000000000000       0.0000000000000000          0
  123.973428       8.625969      -0.0000000000000000       0.0000000000000000          0
  127.104786       8.649387      -0.0000000000000000       0.0000000000000000          0
  130.236346       8.670339      -0.0000000000000000       0.0000000000000000          0
  133.368086       8.688762      -0.0000000000000000       0.0000000000000000          0
  136.499984       8.704600      -0.0000000000000000       0.0000000000000000          0
  139.632016       8.717806      -0.0000000000000000       0.0000000000000000          0
  142.764158       8.728340      -0.0000000000000000       0.0000000000000000          0
  42.712260       4.890702      -1.1831594319775727       0.9388690336337753        709
  45.835446       4.938258      -1.1729315148120678       0.9444606928790092        709
  48.958846       4.986636      -0.0000000000000000       0.0000000000000000          0
  52.082467       5.035693      -0.0000000000000000       0.0000000000000000          0
  55.206316       5.085282      -0.0000000000000000       0.0000000000000000          0
  58.330400       5.135257      -0.0000000000000000       0.0000000000000000          0
  61.454727       5.185469      -0.0000000000000000       0.0000000000000000          0
  64.579300       5.235768      -0.0000000000000000       0.0000000000000000          0
  67.704126       5.286006      -0.0000000000000000       0.0000000000000000          0
  70.829209       5.336032      -0.0000000000000000       0.0000000000000000          0
  73.954551       5.385698      -0.0000000000000000       0.0000000000000000          0
  77.080155       5.434857      -0.0000000000000000       0.0000000000000000          0
  80.206024       5.483361      -0.0000000000000000       0.0000000000000000          0
  83.332156       5.531067      -0.0000000000000000       0.0000000000000000          0
  86.458553       5.577832      -0.0000000000000000       0.0000000000000000          0
  89.585212       5.623517      -0.0000000000000000       0.0000000000000000          0
  92.712131       5.667986      -0.0000000000000000       0.0000000000000000          0
  95.839307       5.711107      -0.5066651191548167      -0.0089542991145091      67352
  98.966734       5.752750      -0.4229179835957618      -0.0052988590260023        647
  102.094406       5.792792      -0.3379043952353834      -0.0021156956988882      64701
  105.222318       5.831114      -0.2518775458643915       0.0005741293519535      64701
  108.350460       5.867601      -0.2217726796431523       0.1299510912908282      60402
  111.478824       5.902144      -0.0787761442760948       0.0037617574815318      61404
  114.607400       5.934639      -0.0000000000000000       0.0000000000000000          0
  117.736175       5.964991       0.2100181026722463       0.0298767040377410      61407
  120.865139       5.993109      -0.0000000000000000       0.0000000000000000          0
  123.994277       6.018908      -0.0000000000000000       0.0000000000000000          0
  127.123576       6.042311      -0.0000000000000000       0.0000000000000000          0
  130.253021       6.063249      -6.4563106177033571       4.4421750313622130        679
  133.382596       6.081659      -0.0000000000000000       0.0000000000000000          0
  136.512285       6.097486      -0.0000000000000000       0.0000000000000000          0
  139.642071       6.110682      -0.0000000000000000       0.0000000000000000          0
  142.771936       6.121209      -0.0000000000000000       0.0000000000000000          0
  42.751734       2.283857      -1.1830520390799502       0.9344867105389549        709
  45.875670       2.331424      -1.1727769859623074       0.9371985436831593        709
  48.999700       2.379812      -0.0000000000000000       0.0000000000000000          0
  52.123830       2.428877      -0.0000000000000000       0.0000000000000000          0
  55.248066       2.478472      -0.0000000000000000       0.0000000000000000          0
  58.372413       2.528451      -0.0000000000000000       0.0000000000000000          0
  61.496877       2.578665      -0.0000000000000000       0.0000000000000000          0
  64.621464       2.628965      -0.0000000000000000       0.0000000000000000          0
  67.746177       2.679200      -0.0000000000000000       0.0000000000000000          0
  70.871021       2.729223      -0.0000000000000000       0.0000000000000000          0
  73.996001       2.778883      -0.0000000000000000       0.0000000000000000          0
  77.121120       2.828034      -0.0000000000000000       0.0000000000000000          0
  80.246381       2.876529      -0.0000000000000000       0.0000000000000000          0
  83.371785       2.924223      -0.0000000000000000       0.0000000000000000          0
  86.497336       2.970976      -0.0000000000000000       0.0000000000000000          0
  89.623034       3.016647      -0.0000000000000000       0.0000000000000000          0
  92.748878       3.061101      -0.0000000000000000       0.0000000000000000          0
  95.874870       3.104205      -0.0000000000000000       0.0000000000000000          0
  99.001007       3.145831      -0.4219927708550457      -0.0760043728051115      67301
  102.127287       3.185856      -0.3370048702800232      -0.0737681716318438        647
  105.253708       3.224159      -0.2510099962562962      -0.0718133293355009      64701
  108.380266       3.260627      -0.2212704288709071       0.0862869398435576      60402
  111.506956       3.295151      -0.0000000000000000       0.0000000000000000          0
  114.633774       3.327629      -0.0000000000000000       0.0000000000000000          0
  117.760713       3.357963      -0.0000000000000000       0.0000000000000000          0
  120.887766       3.386064      -0.0000000000000000       0.0000000000000000          0
  124.014926       3.411846      -0.0000000000000000       0.0000000000000000          0
  127.142186       3.435234      -0.0000000000000000       0.0000000000000000          0
  130.269535       3.456158      -6.4571779905369864       4.5968480462706287        679
  133.396965       3.474555      -6.6116886883740698       4.6174127065628294        680
  136.524466       3.490371      -0.0000000000000000       0.0000000000000000          0
  139.652028       3.503558      -0.0000000000000000       0.0000000000000000          0
  142.779639       3.514077      -0.0000000000000000       0.0000000000000000          0
  42.791065      -0.322989      -1.1829444770005741       0.9280961951892769        709
  45.915745      -0.275411      -0.0000000000000000       0.0000000000000000          0
  49.040401      -0.227013      -0.0000000000000000       0.0000000000000000          0
  52.165035      -0.177941      -0.0000000000000000       0.0000000000000000          0
  55.289652      -0.128339      -0.0000000000000000       0.0000000000000000          0
  58.414258      -0.078356      -0.0000000000000000       0.0000000000000000          0
  61.538856      -0.028140      -0.0000000000000000       0.0000000000000000          0
  64.663451       0.022160      -0.0000000000000000       0.0000000000000000          0
  67.788048       0.072393      -0.0000000000000000       0.0000000000000000          0
  70.912653       0.122412      -0.0000000000000000       0.0000000000000000          0
  74.037269       0.172067      -0.0000000000000000       0.0000000000000000          0
  77.161901       0.221210      -0.0000000000000000       0.0000000000000000          0
  80.286553       0.269695      -0.0000000000000000       0.0000000000000000          0
  83.411231       0.317379      -0.0000000000000000       0.0000000000000000          0
  86.535936       0.364118      -0.0000000000000000       0.0000000000000000          0
  89.660674       0.409775      -0.0000000000000000       0.0000000000000000          0
  92.785447       0.454214      -0.0000000000000000       0.0000000000000000          0
  95.910258       0.497302      -0.0000000000000000       0.0000000000000000          0
  99.035109       0.538911      -0.4210720271664546      -0.1465755707518412      67350
  102.160001       0.578918      -0.3361097829960001      -0.1452855907504752      67301
  105.284937       0.617203      -0.2501468107834906      -0.1440646932627465      64701
  108.409917       0.653653      -0.1634387001883981      -0.1429273926386027        614
  111.534941       0.688159      -0.0762432887618578      -0.1418872101125499        735
  114.660008       0.720618      -0.0000000000000000       0.0000000000000000          0
  117.785119       0.750935       0.0985714473374365      -0.1401463675147568      61405
  120.910272       0.779018      -0.0000000000000000       0.0000000000000000          0
  124.035464       0.804784      -1.7001432447381342      -0.5417261858299943        667
  127.160694       0.828157      -0.0000000000000000       0.0000000000000000          0
  130.285959       0.849067      -5.9207676246999972       0.9717339950610802      61502
  133.411256       0.867452      -6.9303492767217447       0.9710425388140644      61501
  136.536580       0.883256      -0.0000000000000000       0.0000000000000000          0
  139.661930       0.896434      -7.3785779989665743       1.6129738113003547        698
  142.787299       0.906945      -0.0000000000000000       0.0000000000000000          0
>