>anchorPlateId 301
>reconstructionTime 75
>DeformingMeshPoints.gpml lat_lon_velocity_domain_28_32.gpml
>MeshNode <identity>GPlates-b7a3af0e-8119-4abb-9ae6-39bb7e5702ce</identity> <revision>GPlates-7b04c5e6-7801-49f1-bcc4-23d6f4e5417f</revision>
> reconstructionPlateId 0
> validTime TimePeriod <begin> TimeInstant <timePosition>http://gplates.org/times/distantPast</timePosition></begin> <end> TimeInstant <timePosition>http://gplates.org/times/distantFuture</timePosition></end>
  28.591676      71.193423      -0.0000000000000000       0.0000000000000000        302
  31.384988      71.370020      -0.0000000000000000       0.0000000000000000        302
  34.201087      71.551791      -0.0000000000000000       0.0000000000000000        302
  37.041339      71.738336      -0.0000000000000000       0.0000000000000000        302
  39.907144      71.929238      -0.0000000000000000       0.0000000000000000        302
  42.799935      72.124057      -0.0000000000000000       0.0000000000000000        302
  45.721175      72.322331      -0.0000000000000000       0.0000000000000000        302
  48.672351      72.523578      -0.0000000000000000       0.0000000000000000        302
  51.654973      72.727291      -0.0000000000000000       0.0000000000000000        302
  54.670561      72.932942      -0.0000000000000000       0.0000000000000000        373
  57.720640      73.139980      -0.0000000000000000       0.0000000000000000        372
  60.806731      73.347832      -0.0000000000000000       0.0000000000000000        372
  63.930332      73.555900      -0.0000000000000000       0.0000000000000000        372
  67.092911      73.763565      -0.0000000000000000       0.0000000000000000        372
  70.295884      73.970185      -0.0000000000000000       0.0000000000000000        372
  73.540595      74.175097      -0.0000000000000000       0.0000000000000000        401
  76.828295      74.377617      -0.0000000000000000       0.0000000000000000        404
  80.160113      74.577042      -0.0000000000000000       0.0000000000000000        404
  83.537035      74.772651      -0.0000000000000000       0.0000000000000000        404
  86.959862      74.963710      -0.0000000000000000       0.0000000000000000        404
  90.429188      75.149470      -0.0000000000000000       0.0000000000000000        404
  93.945355      75.329174      -0.0000000000000000       0.0000000000000000        404
  97.508425      75.502059      -0.0000000000000000       0.0000000000000000        404
  101.118138      75.667364      -0.0000000000000000       0.0000000000000000        401
  104.773877      75.824329      -0.0000000000000000       0.0000000000000000        401
  108.474638      75.972208      -0.0000000000000000       0.0000000000000000        401
  112.218998      76.110272      -0.0000000000000000       0.0000000000000000        401
  116.005091      76.237815      -0.0000000000000000       0.0000000000000000        401
  119.830596      76.354165      -0.0000000000000000       0.0000000000000000        401
  123.692724      76.458688      -0.0000000000000000       0.0000000000000000          0
  127.588225      76.550802      -0.0000000000000000       0.0000000000000000          0
  131.513406      76.629977      -0.0000000000000000       0.0000000000000000          0
  135.464156      76.695750      -0.0000000000000000       0.0000000000000000          0
  29.952909      68.628379      -0.0000000000000000       0.0000000000000000        302
  32.799542      68.807590      -0.0000000000000000       0.0000000000000000        302
  35.667099      68.991848      -0.0000000000000000       0.0000000000000000        302
  38.556740      69.180728      -0.0000000000000000       0.0000000000000000        302
  41.469644      69.373784      -0.0000000000000000       0.0000000000000000        302
  44.407001      69.570549      -0.0000000000000000       0.0000000000000000        302
  47.370010      69.770536      -0.0000000000000000       0.0000000000000000        302
  50.359876      69.973236      -0.0000000000000000       0.0000000000000000        302
  53.377800      70.178120      -0.0000000000000000       0.0000000000000000        302
  56.424973      70.384637      -0.0000000000000000       0.0000000000000000        302
  59.502570      70.592217      -0.0000000000000000       0.0000000000000000        372
  62.611736      70.800268      -0.0000000000000000       0.0000000000000000        372
  65.753577      71.008180      -0.0000000000000000       0.0000000000000000        372
  68.929146      71.215322      -0.0000000000000000       0.0000000000000000        372
  72.139430      71.421047      -0.0000000000000000       0.0000000000000000        401
  75.385333      71.624690      -0.0000000000000000       0.0000000000000000        401
  78.667655      71.825570      -0.0000000000000000       0.0000000000000000        401
  81.987077      72.022994      -0.0000000000000000       0.0000000000000000        401
  85.344141      72.216256      -0.0000000000000000       0.0000000000000000        401
  88.739221      72.404642      -0.0000000000000000       0.0000000000000000        401
  92.172510      72.587433      -0.0000000000000000       0.0000000000000000        401
  95.643988      72.763905      -0.0000000000000000       0.0000000000000000        401
  99.153406      72.933339      -0.0000000000000000       0.0000000000000000        401
  102.700260      73.095019      -0.0000000000000000       0.0000000000000000        401
  106.283773      73.248241      -0.0000000000000000       0.0000000000000000        401
  109.902874      73.392319      -0.0000000000000000       0.0000000000000000        401
  113.556188      73.526585      -0.0000000000000000       0.0000000000000000        401
  117.242023      73.650402      -0.0000000000000000       0.0000000000000000          0
  120.958365      73.763167      -0.0000000000000000       0.0000000000000000          0
  124.702880      73.864315      -0.0000000000000000       0.0000000000000000          0
  128.472923      73.953330      -0.0000000000000000       0.0000000000000000          0
  132.265553      74.029748      -0.0000000000000000       0.0000000000000000          0
  136.077554      74.093164      -0.0000000000000000       0.0000000000000000          0
  31.034083      66.054617      -0.0000000000000000       0.0000000000000000        302
  33.920882      66.235827      -0.0000000000000000       0.0000000000000000        302
  36.826847      66.421972      -0.0000000000000000       0.0000000000000000        302
  39.752976      66.612607      -0.0000000000000000       0.0000000000000000        302
  42.700268      66.807263      -0.0000000000000000       0.0000000000000000        302
  45.669725      67.005454      -0.0000000000000000       0.0000000000000000        302
  48.662346      67.206672      -0.0000000000000000       0.0000000000000000        302
  51.679118      67.410390      -0.0000000000000000       0.0000000000000000        302
  54.721016      67.616062      -0.0000000000000000       0.0000000000000000        302
  57.788991      67.823122      -0.0000000000000000       0.0000000000000000        302
  60.883967      68.030986      -0.0000000000000000       0.0000000000000000        302
  64.006828      68.239051      -0.0000000000000000       0.0000000000000000        302
  67.158408      68.446700      -0.0000000000000000       0.0000000000000000        302
  70.339485      68.653296      -0.0000000000000000       0.0000000000000000        401
  73.550763      68.858191      -0.0000000000000000       0.0000000000000000        401
  76.792863      69.060721      -0.0000000000000000       0.0000000000000000        401
  80.066306      69.260213      -0.0000000000000000       0.0000000000000000        401
  83.371503      69.455983      -0.0000000000000000       0.0000000000000000        401
  86.708734      69.647340      -0.0000000000000000       0.0000000000000000        401
  90.078137      69.833589      -0.0000000000000000       0.0000000000000000        401
  93.479688      70.014035      -0.0000000000000000       0.0000000000000000        401
  96.913190      70.187985      -0.0000000000000000       0.0000000000000000        401
  100.378253      70.354749      -0.0000000000000000       0.0000000000000000        401
  103.874284      70.513652      -0.0000000000000000       0.0000000000000000        401
  107.400474      70.664030      -0.0000000000000000       0.0000000000000000        401
  110.955788      70.805239      -0.0000000000000000       0.0000000000000000        401
  114.538955      70.936660      -0.0000000000000000       0.0000000000000000        401
  118.148468      71.057703      -0.0000000000000000       0.0000000000000000        401
  121.782581      71.167814      -0.0000000000000000       0.0000000000000000        401
  125.439315      71.266476      -0.0000000000000000       0.0000000000000000        401
  129.116467      71.353219      -0.0000000000000000       0.0000000000000000          0
  132.811619      71.427623      -0.0000000000000000       0.0000000000000000      43101
  136.522163      71.489323      -0.0000000000000000       0.0000000000000000          0
  31.916293      63.474680      -0.0000000000000000       0.0000000000000000        302
  34.834390      63.657470      -0.0000000000000000       0.0000000000000000        302
  37.770045      63.845097      -0.0000000000000000       0.0000000000000000        302
  40.724122      64.037098      -0.0000000000000000       0.0000000000000000        302
  43.697479      64.232988      -0.0000000000000000       0.0000000000000000        302
  46.690970      64.432264      -0.0000000000000000       0.0000000000000000        302
  49.705435      64.634404      -0.0000000000000000       0.0000000000000000        302
  52.741698      64.838866      -0.0000000000000000       0.0000000000000000        302
  55.800562      65.045091      -0.0000000000000000       0.0000000000000000        302
  58.882802      65.252503      -0.0000000000000000       0.0000000000000000        302
  61.989156      65.460508      -0.0000000000000000       0.0000000000000000        302
  65.120322      65.668497      -0.0000000000000000       0.0000000000000000        390
  68.276943      65.875847      -0.0000000000000000       0.0000000000000000        468
  71.459604      66.081921      -0.0000000000000000       0.0000000000000000        401
  74.668820      66.286069      -0.0000000000000000       0.0000000000000000        401
  77.905023      66.487632      -0.0000000000000000       0.0000000000000000        401
  81.168556      66.685944      -0.0000000000000000       0.0000000000000000        401
  84.459657      66.880330      -0.0000000000000000       0.0000000000000000        401
  87.778450      67.070114      -0.0000000000000000       0.0000000000000000        401
  91.124934      67.254619      -0.0000000000000000       0.0000000000000000        401
  94.498969      67.433168      -0.0000000000000000       0.0000000000000000        401
  97.900266      67.605091      -0.0000000000000000       0.0000000000000000        401
  101.328381      67.769728      -0.0000000000000000       0.0000000000000000        401
  104.782699      67.926431      -0.0000000000000000       0.0000000000000000        401
  108.262430      68.074569      -0.0000000000000000       0.0000000000000000        401
  111.766605      68.213532      -0.0000000000000000       0.0000000000000000        401
  115.294070      68.342736      -0.0000000000000000       0.0000000000000000        401
  118.843484      68.461628      -0.0000000000000000       0.0000000000000000        401
  122.413324      68.569688      -0.0000000000000000       0.0000000000000000        401
  126.001889      68.666437      -0.0000000000000000       0.0000000000000000        401
  129.607304      68.751437      -0.0000000000000000       0.0000000000000000      43101
  133.227540      68.824301      -0.0000000000000000       0.0000000000000000      43101
  136.860418      68.884692       0.0709980071893866       0.1097124763182168      43202
  32.652296      60.890214      -0.0000000000000000       0.0000000000000000        302
  35.595467      61.074287      -0.0000000000000000       0.0000000000000000        302
  38.554739      61.263110      -0.0000000000000000       0.0000000000000000        302
  41.530866      61.456206      -0.0000000000000000       0.0000000000000000        302
  44.524593      61.653077      -0.0000000000000000       0.0000000000000000        302
  47.536653      61.853205      -0.0000000000000000       0.0000000000000000        302
  50.567765      62.056058      -0.0000000000000000       0.0000000000000000        302
  53.618623      62.261082      -0.0000000000000000       0.0000000000000000        302
  56.689901      62.467710      -0.0000000000000000       0.0000000000000000        302
  59.782237      62.675355      -0.0000000000000000       0.0000000000000000        302
  62.896234      62.883419      -0.0000000000000000       0.0000000000000000        390
  66.032451      63.091288      -0.0000000000000000       0.0000000000000000        468
  69.191393      63.298335      -0.0000000000000000       0.0000000000000000        468
  72.373509      63.503923      -0.0000000000000000       0.0000000000000000        401
  75.579181      63.707404      -0.0000000000000000       0.0000000000000000        401
  78.808713      63.908125      -0.0000000000000000       0.0000000000000000        401
  82.062328      64.105424      -0.0000000000000000       0.0000000000000000        401
  85.340154      64.298638      -0.0000000000000000       0.0000000000000000        401
  88.642218      64.487102      -0.0000000000000000       0.0000000000000000        401
  91.968435      64.670153      -0.0000000000000000       0.0000000000000000        401
  95.318603      64.847132      -0.0000000000000000       0.0000000000000000        401
  98.692393      65.017390      -0.0000000000000000       0.0000000000000000        401
  102.089341      65.180287      -0.0000000000000000       0.0000000000000000        401
  105.508843      65.335201      -0.0000000000000000       0.0000000000000000        401
  108.950152      65.481524      -0.0000000000000000       0.0000000000000000        401
  112.412372      65.618675      -0.0000000000000000       0.0000000000000000        401
  115.894458      65.746098      -0.0000000000000000       0.0000000000000000        401
  119.395215      65.863267      -0.0000000000000000       0.0000000000000000        401
  122.913302      65.969690      -0.0000000000000000       0.0000000000000000        401
  126.447239      66.064916      -0.0000000000000000       0.0000000000000000      43102
  129.995408      66.148533      -0.0000000000000000       0.0000000000000000      43101
  133.556071      66.220176      -0.0000000000000000       0.0000000000000000      43101
  137.127374      66.279531       0.0758740988578112      -0.0098661979096962      43202
  33.277855      58.302332      -0.0000000000000000       0.0000000000000000        302
  36.241583      58.487470      -0.0000000000000000       0.0000000000000000        302
  39.220094      58.677282      -0.0000000000000000       0.0000000000000000        302
  42.214050      58.871276      -0.0000000000000000       0.0000000000000000        302
  45.224104      59.068945      -0.0000000000000000       0.0000000000000000        302
  48.250893      59.269761      -0.0000000000000000       0.0000000000000000        302
  51.295036      59.473181      -0.0000000000000000       0.0000000000000000        302
  54.357129      59.678642      -0.0000000000000000       0.0000000000000000        302
  57.437740      59.885570      -0.0000000000000000       0.0000000000000000        302
  60.537404      60.093373      -0.0000000000000000       0.0000000000000000        390
  63.656621      60.301446      -0.0000000000000000       0.0000000000000000        390
  66.795844      60.509173      -0.0000000000000000       0.0000000000000000        468
  69.955479      60.715927      -0.0000000000000000       0.0000000000000000        468
  73.135874      60.921069      -0.0000000000000000       0.0000000000000000        401
  76.337315      61.123956      -0.0000000000000000       0.0000000000000000        401
  79.560020      61.323937      -0.0000000000000000       0.0000000000000000        401
  82.804128      61.520359      -0.0000000000000000       0.0000000000000000        401
  86.069694      61.712565      -0.0000000000000000       0.0000000000000000        401
  89.356685      61.899903      -0.0000000000000000       0.0000000000000000        401
  92.664967      62.081721      -0.0000000000000000       0.0000000000000000        401
  95.994306      62.257378      -0.0000000000000000       0.0000000000000000        401
  99.344357      62.426238      -0.0000000000000000       0.0000000000000000        401
  102.714660      62.587682      -0.0000000000000000       0.0000000000000000        401
  106.104636      62.741106      -0.0000000000000000       0.0000000000000000        401
  109.513587      62.885926      -0.0000000000000000       0.0000000000000000        401
  112.940690      63.021580      -0.0000000000000000       0.0000000000000000        401
  116.384997      63.147535      -0.0000000000000000       0.0000000000000000        401
  119.845440      63.263288      -0.0000000000000000       0.0000000000000000        401
  123.320831      63.368370      -0.0000000000000000       0.0000000000000000        401
  126.809865      63.462350      -0.0000000000000000       0.0000000000000000        401
  130.311132      63.544837      -0.0000000000000000       0.0000000000000000        401
  133.823120      63.615486      -0.0000000000000000       0.0000000000000000        401
  137.344227      63.673998      -0.0000000000000000       0.0000000000000000      43101
  33.818051      55.711814      -0.0000000000000000       0.0000000000000000        302
  36.798967      55.897853      -0.0000000000000000       0.0000000000000000        302
  39.793469      56.088496      -0.0000000000000000       0.0000000000000000        302
  42.802144      56.283244      -0.0000000000000000       0.0000000000000000        302
  45.825569      56.481576      -0.0000000000000000       0.0000000000000000        302
  48.864302      56.682959      -0.0000000000000000       0.0000000000000000        302
  51.918881      56.886839      -0.0000000000000000       0.0000000000000000        302
  54.989821      57.092648      -0.0000000000000000       0.0000000000000000        302
  58.077608      57.299805      -0.0000000000000000       0.0000000000000000        302
  61.182698      57.507714      -0.0000000000000000       0.0000000000000000        390
  64.305508      57.715767      -0.0000000000000000       0.0000000000000000        390
  67.446412      57.923345      -0.0000000000000000       0.0000000000000000        468
  70.605739      58.129819      -0.0000000000000000       0.0000000000000000        468
  73.783765      58.334554      -0.0000000000000000       0.0000000000000000        401
  76.980706      58.536908      -0.0000000000000000       0.0000000000000000        401
  80.196715      58.736234      -0.0000000000000000       0.0000000000000000        401
  83.431876      58.931886      -0.0000000000000000       0.0000000000000000        401
  86.686196      59.123216      -0.0000000000000000       0.0000000000000000        401
  89.959603      59.309579      -0.0000000000000000       0.0000000000000000        401
  93.251936      59.490337      -0.0000000000000000       0.0000000000000000        401
  96.562946      59.664860      -0.0000000000000000       0.0000000000000000        401
  99.892287      59.832528      -0.0000000000000000       0.0000000000000000        401
  103.239515      59.992736      -0.0000000000000000       0.0000000000000000        401
  106.604083      60.144897      -0.0000000000000000       0.0000000000000000        401
  109.985341      60.288445      -0.0000000000000000       0.0000000000000000        401
  113.382535      60.422837      -0.0000000000000000       0.0000000000000000        401
  116.794806      60.547558      -0.0000000000000000       0.0000000000000000        401
  120.221194      60.662122      -0.0000000000000000       0.0000000000000000        401
  123.660637      60.766081      -0.0000000000000000       0.0000000000000000        401
  127.111980      60.859019      -0.0000000000000000       0.0000000000000000        401
  130.573977      60.940564      -0.0000000000000000       0.0000000000000000        401
  134.045301      61.010384      -0.0000000000000000       0.0000000000000000        401
  137.524550      61.068194      -0.0000000000000000       0.0000000000000000      43101
  34.290996      53.119220      -0.0000000000000000       0.0000000000000000        302
  37.286525      53.306033      -0.0000000000000000       0.0000000000000000        302
  40.294549      53.497389      -0.0000000000000000       0.0000000000000000        302
  43.315595      53.692777      -0.0000000000000000       0.0000000000000000        302
  46.350172      53.891672      -0.0000000000000000       0.0000000000000000        302
  49.398773      54.093529      -0.0000000000000000       0.0000000000000000        302
  52.461872      54.297791      -0.0000000000000000       0.0000000000000000        302
  55.539917      54.503883      -0.0000000000000000       0.0000000000000000        302
  58.633329      54.711219      -0.0000000000000000       0.0000000000000000        302
  61.742498      54.919199      -0.0000000000000000       0.0000000000000000        390
  64.867776      55.127212      -0.0000000000000000       0.0000000000000000        468
  68.009479      55.334639      -0.0000000000000000       0.0000000000000000        468
  71.167875      55.540850      -0.0000000000000000       0.0000000000000000        468
  74.343184      55.745212      -0.0000000000000000       0.0000000000000000        468
  77.535572      55.947085      -0.0000000000000000       0.0000000000000000        401
  80.745147      56.145828      -0.0403155867451430       0.0199919705450458          0
  83.971952      56.340798      -0.1110061963138598       0.0611302890527501          0
  87.215963      56.531356      -0.1006529404888831       0.0612493522522475          0
  90.477083      56.716866      -0.0359712596968415       0.0241086753702154          0
  93.755139      56.896699      -0.0000000000000000       0.0000000000000000        401
  97.049877      57.070236      -0.0000000000000000       0.0000000000000000        401
  100.360960      57.236870      -0.0000000000000000       0.0000000000000000        401
  103.687963      57.396011      -0.0000000000000000       0.0000000000000000        401
  107.030375      57.547084      -0.0000000000000000       0.0000000000000000        401
  110.387594      57.689539      -0.0000000000000000       0.0000000000000000        401
  113.758929      57.822848      -0.0000000000000000       0.0000000000000000          0
  117.143599      57.946512      -0.0095544563840046       0.0042131914198661          0
  120.540737      58.060062      -0.0249249350549990       0.0122662846236162          0
  123.949391      58.163062      -0.0290420835724836       0.0158384410890582          0
  127.368529      58.255113      -0.0206833427656281       0.0119395280485712          0
  130.797044      58.335856      -0.0083999551070952       0.0029337731438752          0
  134.233759      58.404972      -0.0000000000000000       0.0000000000000000        401
  137.677437      58.462186      -0.0000000000000000       0.0000000000000000      43101
  34.710089      50.524965      -0.0000000000000000       0.0000000000000000        302
  37.718225      50.712454      -0.0000000000000000       0.0000000000000000        302
  40.737858      50.904428      -0.0000000000000000       0.0000000000000000        302
  43.769461      51.100370      -0.0000000000000000       0.0000000000000000        302
  46.813489      51.299748      -0.0000000000000000       0.0000000000000000        302
  49.870380      51.502010      -0.0000000000000000       0.0000000000000000        302
  52.940552      51.706594      -0.0000000000000000       0.0000000000000000        302
  56.024399      51.912920      -0.0000000000000000       0.0000000000000000        302
  59.122289      52.120397      -0.0000000000000000       0.0000000000000000        302
  62.234559      52.328423      -0.0000000000000000       0.0000000000000000        390
  65.361511      52.536385      -0.0000000000000000       0.0000000000000000        465
  68.503411      52.743662      -0.0000000000000000       0.0000000000000000        458
  71.660482      52.949627      -0.0000000000000000       0.0000000000000000        459
  74.832903      53.153646      -0.0109617120359514       0.0043968779148771          0
  78.020801      53.355083      -0.4530761985749053       0.2038453963337171          0
  81.224250      53.553300      -0.7106829068023417       0.3563869340433593          0
  84.443267      53.747660      -0.8156054990034880       0.4532689245289435          0
  87.677806      53.937532      -0.7915596308289943       0.4853194384020813          0
  90.927757      54.122285      -0.6551157042831926       0.4415259640798039          0
  94.192941      54.301301      -0.4334200372857642       0.3201970989526966          0
  97.473107      54.473971      -0.1428573703680299       0.1154442289446861          0
  100.767932      54.639698      -0.0000000000000000       0.0000000000000000        401
  104.077014      54.797903      -0.0000000000000000       0.0000000000000000        401
  107.399877      54.948026      -0.0000000000000000       0.0000000000000000        401
  110.735963      55.089528      -0.0478237753764619       0.0164742315951401          0
  114.084641      55.221895      -0.1356260868413196       0.0530735417561784          0
  117.445199      55.344641      -0.1883517377753769       0.0827722028681454          0
  120.816852      55.457310      -0.2182333639160726       0.1038860831228432          0
  124.198742      55.559480      -0.2390552237392396       0.1139199150724355          0
  127.589942      55.650764      -0.2542770860773889       0.1152729570512155          0
  130.989462      55.730814      -0.2648651476950676       0.1079348966021703          0
  134.396252      55.799321      -0.2776976400565998       0.0982041948246149          0
  137.809212      55.856021      -0.2930962538716625       0.0935054578422631          0
  35.085465      47.929363      -0.0000000000000000       0.0000000000000000        302
  38.104617      48.117447      -0.0000000000000000       0.0000000000000000        302
  41.134349      48.309965      -0.0000000000000000       0.0000000000000000        302
  44.175085      48.506393      -0.0000000000000000       0.0000000000000000        302
  47.227234      48.706191      -0.0000000000000000       0.0000000000000000        302
  50.291187      48.908804      -0.0000000000000000       0.0000000000000000        302
  53.367317      49.113662      -0.0000000000000000       0.0000000000000000        302
  56.455972      49.320184      -0.0000000000000000       0.0000000000000000        302
  59.557475      49.527775      -0.0000000000000000       0.0000000000000000        302
  62.672121      49.735829      -0.0000000000000000       0.0000000000000000        465
  65.800171      49.943733      -0.0000000000000000       0.0000000000000000        458
  68.941852      50.150865      -0.0000000000000000       0.0000000000000000        459
  72.097352      50.356597      -0.1253040954632708       0.0455665972224262          0
  75.266815      50.560300      -0.7670646675059814       0.3138220935732459          0
  78.450342      50.761338      -1.2293915974048866       0.5615376100232687          0
  81.647983      50.959078      -1.5014884692407875       0.7617915888699551          0
  84.859734      51.152889      -1.5907926366560945       0.8924177043334574          0
  88.085537      51.342143      -1.5217005750907877       0.9401590387901221          0
  91.325275      51.526219      -1.3227297834307474       0.8969741960520417          0
  94.578770      51.704506      -1.0270097414452826       0.7621849936670545          0
  97.845777      51.876403      -0.6643936453773334       0.5383637735896882          0
  101.125990      52.041325      -0.3066949835622274       0.2621409235088775          0
  104.419033      52.198702      -0.1193804310510509       0.0638431786896095          0
  107.724460      52.347984      -0.1722469936488283       0.0526398709636152          0
  111.041760      52.488644      -0.2809536965013402       0.0978288018910412          0
  114.370352      52.620181      -0.3610284066093009       0.1418812956438146          0
  117.709589      52.742119      -0.4085015673553012       0.1785357851037104          0
  121.058756      52.854014      -0.4405230726521170       0.2026146797086995          0
  124.417078      52.955455      -0.4651178812362595       0.2155309014674947          0
  127.783720      53.046066      -0.4885456309111907       0.2198849766905330          0
  131.157791      53.125508      -0.5128810383098018       0.2169421889121724          0
  134.538349      53.193483      -0.5472896505003403       0.2111900122406410          0
  137.924410      53.249733      -0.5989103509000386       0.2136091574249116          0
  35.424933      45.332654      -0.0000000000000000       0.0000000000000000        302
  38.453822      45.521270      -0.0000000000000000       0.0000000000000000        301
  41.492441      45.714272      -0.0000000000000000       0.0000000000000000        301
  44.541173      45.911129      -0.0000000000000000       0.0000000000000000        301
  47.600387      46.111298      -0.0000000000000000       0.0000000000000000        301
  50.670434      46.314217      -0.0000000000000000       0.0000000000000000        302
  53.751647      46.519314      -0.0000000000000000       0.0000000000000000        302
  56.844336      46.726003      -0.0000000000000000       0.0000000000000000        302
  59.948788      46.933685      -0.0000000000000000       0.0000000000000000        390
  63.065261      47.141754      -0.0000000000000000       0.0000000000000000        466
  66.193984      47.349595      -0.0000000000000000       0.0000000000000000        458
  69.335153      47.556586      -0.0000000000000000       0.0000000000000000        459
  72.488926      47.762101      -0.8597289749618939       0.3156580435046565          0
  75.655425      47.965510      -1.6199856368973613       0.6749870126792663          0
  78.834726      48.166181      -2.1081013367462784       0.9769910609864585          0
  82.026862      48.363486      -2.3803705506645678       1.2216207102541348          0
  85.231818      48.556796      -2.4294914768312252       1.3761082616106384          0
  88.449528      48.745491      -2.2859043561707368       1.4242548444027638          0
  91.679872      48.928955      -2.0122826763930890       1.3745003792564441          0
  94.922676      49.106585      -1.6463973964377407       1.2289515006959646          0
  98.177707      49.277788      -1.2641025003295270       0.9854970463832009          0
  101.444675      49.441986      -0.9118997913443809       0.6695314928824288          0
  104.723228      49.598621      -0.6561667629610590       0.3779444085576822          0
  108.012955      49.747151      -0.5409427359174517       0.2104419890544075          0
  111.313384      49.887061      -0.5641151394399757       0.1978990806868522          0
  114.623982      50.017857      -0.6176570266987952       0.2437917287626133          0
  117.944158      50.139075      -0.6498055225076366       0.2838633751983200          0
  121.273264      50.250282      -0.6734223840273670       0.3114015946607920          0
  124.610595      50.351076      -0.6935428126933025       0.3263239697008165          0
  127.955397      50.441089      -0.7157969927511385       0.3308695406218410          0
  131.306865      50.519992      -0.7445662918331837       0.3268508438477862          0
  134.664151      50.587495      -0.7890428089762351       0.3186464193677947          0
  138.026370      50.643347      -0.8629603143197233       0.3204730759451248          0
  35.734611      42.735029      -0.0000000000000000       0.0000000000000000        551
  38.772195      42.924123      -0.0000000000000000       0.0000000000000000        551
  41.818718      43.117559      -2.3276134774371533      -0.2007969027185532        503
  44.874526      43.314801      -0.0000000000000000       0.0000000000000000        301
  47.939954      43.515300      -0.0000000000000000       0.0000000000000000        301
  51.015318      43.718491      -0.0000000000000000       0.0000000000000000        301
  54.100917      43.923797      -0.0000000000000000       0.0000000000000000        301
  57.197029      44.130628      -0.0000000000000000       0.0000000000000000        301
  60.303910      44.338385      -0.0000000000000000       0.0000000000000000        390
  63.421789      44.546459      -0.0000000000000000       0.0000000000000000        466
  66.550866      44.754235      -0.0000000000000000       0.0000000000000000        466
  69.691313      44.961090      -0.7492066500708641       0.0998613509172461          0
  72.843266      45.166399      -1.9164673142891058       0.4962830573866609          0
  76.006825      45.369534      -2.6787563139543948       1.1087409804389909          0
  79.182052      45.569867      -2.8723309283366287       1.3503386708830953        580
  82.368968      45.766770      -2.8189795033169989       1.4633547197950814        580
  85.567548      45.959622      -2.7566659198560060       1.5752015438234479        580
  88.777723      46.147805      -2.6854909937494744       1.6854532080934155        580
  91.999374      46.330712      -2.6055886967069326       1.7936755394274162        580
  95.232334      46.507744      -2.2747682552859123       1.6954484126233822          0
  98.476383      46.678316      -1.9002587710968373       1.3626169582888614          0
  101.731248      46.841860      -1.5291768848317160       1.0052301240067922          0
  104.996602      46.997823      -1.1818882183089108       0.6536240011178158          0
  108.272066      47.145675      -0.9389876676794643       0.3935581515574480          0
  111.557204      47.284907      -0.8700361813166843       0.3101556021322942          0
  114.851529      47.415037      -0.8916479827788606       0.3536710307701810          0
  118.154501      47.535608      -0.9013320290807623       0.3971722847291564          0
  121.465529      47.646196      -0.9083167547690758       0.4297092590661361          0
  124.783973      47.746408      -0.9165234212282711       0.4473255718671689          0
  128.109150      47.835886      -0.9297129152112498       0.4503937934694832          0
  131.440330      47.914306      -0.9548417741998041       0.4401094568172002          0
  134.776749      47.981386      -1.0021492490709640       0.4206843524531624          0
  138.117607      48.036882      -1.0833861864109817       0.4062248092342168          0
  36.019369      40.136636      -0.0000000000000000       0.0000000000000000        525
  39.064790      40.326166      -0.0000000000000000       0.0000000000000000        526
  42.118408      40.519995      -0.0000000000000000       0.0000000000000000        526
  45.180540      40.717585      -0.0000000000000000       0.0000000000000000        526
  48.251487      40.918380      -0.0000000000000000       0.0000000000000000        301
  51.331537      41.121814      -0.0000000000000000       0.0000000000000000        301
  54.420960      41.327304      -0.0000000000000000       0.0000000000000000        301
  57.520006      41.534259      -0.0000000000000000       0.0000000000000000        301
  60.628903      41.742078      -0.0000000000000000       0.0000000000000000        301
  63.747857      41.950150      -0.0000000000000000       0.0000000000000000        467
  66.877045      42.157859      -0.0000000000000000       0.0000000000000000        466
  70.016618      42.364583      -1.8853060636209731       0.2604873773584711          0
  73.166694      42.569698      -3.4030307163470477       0.5271757451006022          0
  76.327359      42.772576      -3.3611619350786959       0.8747785581058059          0
  79.498662      42.972593      -2.8674256092241537       1.3652324818449784        580
  82.680615      43.169125      -2.8132913875522059       1.4730072719339078        580
  85.873188      43.361553      -2.7502586796269233       1.5796617728267155        580
  89.076313      43.549265      -2.6784386833413230       1.6847882131156777        580
  92.289874      43.731660      -2.6386946025666767       1.7869838741740864          0
  95.513712      43.908144      -2.8064658718053108       1.8405780491476185          0
  98.747619      44.078139      -2.5691939573065543       1.6197280800053662          0
  101.991343      44.241085      -2.2003324731663496       1.2972266187912529          0
  105.244580      44.396436      -1.7674421479331184       0.9231708568161173          0
  108.506981      44.543669      -1.3568877198381284       0.5578674885532120          0
  111.778145      44.682285      -1.1903863760090592       0.4243017631010985          0
  115.057626      44.811809      -1.1739042860949935       0.4683755487293288          0
  118.344931      44.931792      -1.1576763602366591       0.5133044835572730          0
  121.639521      45.041819      -1.1390890218522780       0.5539081635641443          0
  124.940815      45.141505      -1.1274056059787960       0.5794289372677052          0
  128.248191      45.230497      -1.1245653440675223       0.5837788244653011          0
  131.560989      45.308480      -1.1382892213847486       0.5628880967475795          0
  134.878517      45.375178      -1.1787875078989987       0.5167756605965030          0
  138.200052      45.430351      -1.2565301465441849       0.4522957962154625          0
  36.283136      37.537597      -0.0000000000000000       0.0000000000000000        522
  39.335679      37.727525      -2.1876665530833819       0.1317517925487228        503
  42.395722      37.921714      -2.3595177302359200       0.1920055547920955        503
  45.463554      38.119621      -0.0000000000000000       0.0000000000000000        505
  48.539449      38.320686      -0.0000000000000000       0.0000000000000000        505
  51.623667      38.524338      -2.8351211945657493       0.4094539577715626        503
  54.716453      38.729993      -0.0000000000000000       0.0000000000000000        301
  57.818034      38.937057      -0.0000000000000000       0.0000000000000000        301
  60.928616      39.144927      -0.0000000000000000       0.0000000000000000        301
  64.048382      39.352991      -0.0000000000000000       0.0000000000000000        301
  67.177493      39.560632      -0.8217981881843413       0.1353026731223126          0
  70.316080      39.767230      -3.0172405708295202       0.5555003075685369          0
  73.464249      39.972159      -3.5125451359748263       0.7268501180023452        501
  76.622073      40.174796      -3.6424951654640312       0.8405899516274855        501
  79.789593      40.374517      -3.7617311738699248       0.9604197301909261        501
  82.966815      40.570702      -3.1802240825422396       1.3704313675414934          0
  86.153707      40.762736      -3.1305019712164479       1.5226150642136718          0
  89.350202      40.950013      -3.1645343205178467       1.6420250275442907          0
  92.556190      41.131933      -3.1923645807938548       1.7600524056744156          0
  95.771521      41.307911      -3.3310276675821378       1.8562699743871458          0
  98.996003      41.477375      -3.2738309136876644       1.8007614361785937          0
  102.229400      41.639769      -2.9496427846886331       1.5633904683285267          0
  105.471433      41.794557      -2.4057246744201448       1.1722561136069087          0
  108.721780      41.941223      -1.8112019875115024       0.7230787920488817          0
  111.980074      42.079274      -1.4253317123381102       0.4742495411011845          0
  115.245908      42.208242      -1.4179421669356724       0.5462543405952591          0
  118.518831      42.327688      -1.4044776928165315       0.6189156710147075          0
  121.798351      42.437202      -1.3668308964676259       0.6720691557379012          0
  125.083941      42.536405      -1.3183973852953073       0.7114362217833042          0
  128.375035      42.624954      -1.2864825043203774       0.7422858853229090          0
  131.671035      42.702538      -1.2789797674806986       0.7358363594091137          0
  134.971313      42.768887      -1.2931743734886836       0.5778607511030949          0
  138.275212      42.823766      -0.0000000000000000       0.0000000000000000          0
  36.529121      34.938011      -2.0245540141062346       0.2791429259110862        503
  39.588188      35.128307      -2.2020903570471058       0.3297361994060008        503
  42.654096      35.322828      -2.3737265474265521       0.3861827196715515        503
  45.727107      35.521025      -2.5389412277304833       0.4484591434464494        503
  48.807471      35.722336      -0.0000000000000000       0.0000000000000000        505
  51.895428      35.926186      -0.0000000000000000       0.0000000000000000        505
  54.991198      36.131990      -0.0000000000000000       0.0000000000000000        505
  58.094987      36.339151      -0.0000000000000000       0.0000000000000000        505
  61.206982      36.547063      -0.0000000000000000       0.0000000000000000        301
  64.327350      36.755114      -0.0000000000000000       0.0000000000000000        301
  67.456233      36.962688      -0.0000000000000000       0.0000000000000000        301
  70.593752      37.169162      -3.3851527958856114       0.8080718281477782        501
  73.739999      37.373915      -3.5243237056204517       0.9092729179758081        501
  76.895038      37.576324      -3.6532141424509978       1.0165136226535263        501
  80.058905      37.775766      -3.7713436875525739       1.1295453520160919        501
  83.231602      37.971626      -3.8782576338435382       1.2480845318906781        501
  86.413099      38.163292      -3.8360850949340763       1.4209384071803479          0
  89.603328      38.350161      -3.7448367346464719       1.5990572069168183          0
  92.802189      38.531639      -3.7220584740363756       1.7449354986562304          0
  96.009541      38.707147      -3.8149831727841850       1.8580375184231370          0
  99.225207      38.876117      -4.0077039867293358       1.9551171985011131          0
  102.448970      39.038001      -3.7085853697248554       1.7827788077406699          0
  105.680573      39.192268      -2.7050874009926265       1.1828883896591775          0
  108.919721      39.338408      -1.8588502096735438       0.6327084925017656          0
  112.166079      39.475936      -1.4426477887795226       0.3678806489725094          0
  115.419274      39.604392      -1.3949410833370961       0.4031041195510846          0
  118.678895      39.723341      -1.3874553824833045       0.4808824976091303          0
  121.944496      39.832382      -1.3734542895868787       0.5543039857376354          0
  125.215596      39.931142      -1.3537125608349188       0.6089081925107555          0
  128.491681      40.019282      -1.3313417005461334       0.6373363728800856          0
  131.772209      40.096500      -1.3101456203105200       0.6219338146314074          0
  135.056609      40.162527      -1.3153865101370101       0.3991840558430619          0
  138.344288      40.217136      -0.0000000000000000       0.0000000000000000          0
  36.759981      32.337960      -2.0381599192373794       0.4791675592310108        503
  39.825065      32.528598      -2.2155823753556616       0.5260696391963928        503
  42.896364      32.723425      -2.3870058610134661       0.5784844810933081        503
  45.974116      32.921891      -2.5519103686911637       0.6363964929294098        503
  49.058551      33.123429      -2.7097868138068102       0.6997706449673056        503
  52.149885      33.327462      -0.0000000000000000       0.0000000000000000        505
  55.248321      33.533400      -0.0000000000000000       0.0000000000000000        505
  58.354047      33.740646      -0.0000000000000000       0.0000000000000000        505
  61.467232      33.948593      -0.0000000000000000       0.0000000000000000        506
  64.588028      34.156629      -0.0000000000000000       0.0000000000000000        506
  67.716565      34.364135      -0.0000000000000000       0.0000000000000000      50601
  70.852951      34.570491      -3.3970098485689202       0.9932907546155458        501
  73.997270      34.775075      -3.5352393995143041       1.0880266266284933        501
  77.149581      34.977265      -3.6631349871563783       1.1884881928183790        501
  80.309913      35.176444      -3.7802278434592367       1.2944424870861651        501
  83.478268      35.371997      -3.8860756940813057       1.4056229445760222        501
  86.654616      35.563316      -3.9802651598010685       1.5217292565978726        501
  89.838896      35.749802      -4.0624141856378406       1.6424275338249623        501
  93.031014      35.930867      -4.1321744776422058       1.7673507966815278        501
  96.230840      36.105934      -4.1892339242954257       1.8960998086460510        501
  99.438213      36.274443      -4.2333189765688806       2.0282442644079732        501
  102.652933      36.435850      -3.3037819001164688       1.4164154700029066          0
  105.874765      36.589631      -2.4207860042351754       0.8692778515865838          0
  109.103441      36.735282      -1.6910400647750170       0.3834946063399106          0
  112.338654      36.872324      -1.3904651286196505       0.2008024476197629          0
  115.580065      37.000303      -1.3763397339923680       0.2643598803812245          0
  118.827301      37.118791      -1.3744256158866150       0.3469483160007588          0
  122.079955      37.227393      -1.3653124538420451       0.4136172181550956          0
  125.337590      37.325741      -1.3514014466902819       0.4544710073563778          0
  128.599741      37.413502      -1.3364462685881695       0.4630406997441094          0
  131.865914      37.490380      -1.3262009973526330       0.4180775789518435          0
  135.135594      37.556110      -0.0000000000000000       0.0000000000000000          0
  138.408242      37.610468      -0.0000000000000000       0.0000000000000000          0
  36.977936      29.737512      -0.0000000000000000       0.0000000000000000          0
  40.048609      29.928470      -2.2282801999563624       0.7204212424365049        503
  43.124897      30.123584      -2.3994931936777948       0.7685982517549382        503
  46.207019      30.322299      -2.5640954066481103       0.8219299906443877        503
  49.295185      30.524048      -2.7215802945852756       0.8803911024627316        503
  52.389593      30.728248      -2.8714547516048436       0.9439361354762469        503
  55.490428      30.934310      -0.0000000000000000       0.0000000000000000        505
  58.597861      31.141633      -0.0000000000000000       0.0000000000000000        505
  61.712049      31.349609      -0.0000000000000000       0.0000000000000000      50601
  64.833130      31.557625      -0.0000000000000000       0.0000000000000000      50601
  67.961223      31.765064      -0.0000000000000000       0.0000000000000000      50601
  71.096427      31.971304      -3.4080843359978639       1.1748884081853108        501
  74.238819      32.175726      -3.5454231175931898       1.2629017582226698        501
  77.388453      32.377709      -3.6723792876657568       1.3563257216763656        501
  80.545355      32.576637      -3.7884951111934466       1.4549442624990923        501
  83.709527      32.771899      -3.8933400368672761       1.5585090791146603        501
  86.880943      32.962890      -3.9865129684348526       1.6667394912307361        501
  90.059547      33.149014      -4.0676445497340161       1.7793226264294977        501
  93.245253      33.329688      -4.1363994446285570       1.8959139230972859        501
  96.437943      33.504341      -4.1924785904078332       2.0161379630676692        501
  99.637470      33.672416      -4.4087673862345476       2.3409994244141274        607
  102.843653      33.833375      -2.4095919469806164       0.7634592019021619          0
  106.056279      33.986700      -1.8000976478160913       0.3245165243495956          0
  109.275102      34.131892      -1.3651576047722584       0.0052750188486216          0
  112.499845      34.268479      -1.3504424168991078       0.0381941508531707          0
  115.730200      34.396011      -1.3623993374224819       0.1289397633702182          0
  118.965828      34.514068      -1.3658427729738973       0.2189034324236628          0
  122.206361      34.622259      -1.3615368304170206       0.2839741299803509          0
  125.451402      34.720222      -1.3523660080870963       0.3200913705332076          0
  128.700529      34.807631      -1.3422778226068455       0.3299174759394721          0
  131.953297      34.884190      -1.3363196015570904       0.2991779202509008          0
  135.209237      34.949643      -0.0000000000000000       0.0000000000000000          0
  138.467862      35.003767      -0.0000000000000000       0.0000000000000000          0
  37.184867      27.136724      -0.0000000000000000       0.0000000000000000          0
  40.260761      27.327983      -0.0000000000000000       0.0000000000000000          0
  43.341696      27.523367      -2.4113040977512497       0.9562017738440648        503
  46.427872      27.722317      -2.5756108632784303       1.0047551757321456        503
  49.519480      27.924261      -2.7327159702006680       1.0580973033628216        503
  52.616702      28.128618      -2.8821299155356623       1.1161942917639887        503
  55.719709      28.334793      -3.0233791268610659       1.1789916582700095        503
  58.828657      28.542185      -0.0000000000000000       0.0000000000000000        505
  61.943690      28.750185      -0.0000000000000000       0.0000000000000000        505
  65.064935      28.958180      -0.0000000000000000       0.0000000000000000      50601
  68.192503      29.165551      -0.0000000000000000       0.0000000000000000          0
  71.326485      29.371678      -0.0000000000000000       0.0000000000000000          0
  74.466952      29.575943      -3.5549833529103307       1.4336693910143481        501
  77.613954      29.777727      -3.6810476194998736       1.5198179584272471        501
  80.767519      29.976415      -3.7962375012935845       1.6108627993347711        501
  83.927648      30.171399      -3.9001335573738389       1.7065749890516806        501
  87.094319      30.362078      -3.9923462894366128       1.8066945290279823        501
  90.267482      30.547859      -4.0725182900247976       1.9109305441025115        501
  93.447061      30.728163      -4.1403263748310248       2.0189617859218743        501
  96.632950      30.902423      -1.1629125211028271      -0.2856679290302240        603
  99.825016      31.070087      -4.4065578977832205       2.3804108473789420        607
  103.023095      31.230623      -1.6905818554409615       0.2089817871962472          0
  106.226996      31.383518      -1.3147891593750392      -0.0651114194482513          0
  109.436497      31.528277      -1.3316081537031095      -0.0271669244957232          0
  112.651347      31.664435      -1.3443228670829153       0.0146055082907471          0
  115.871267      31.791547      -1.3545939906924467       0.0571311337408419          0
  119.095951      31.909199      -1.3620154676086793       0.1028551379815830          0
  122.325067      32.017003      -1.3622907956744887       0.1701453431633146          0
  125.558255      32.114605      -1.3559474936805418       0.2112624531854223          0
  128.795135      32.201681      -1.3483069401089249       0.2354757455640647          0
  132.035304      32.277943      -1.2898246467319070       0.8098058892333317        601
  135.278338      32.343135      -0.0000000000000000       0.0000000000000000          0
  138.523798      32.397040      -0.0000000000000000       0.0000000000000000          0
  37.382381      24.535648      -1.2035956947355999       0.2588001366093454        715
  40.463183      24.727191      -0.0000000000000000       0.0000000000000000          0
  43.548471      24.922829      -2.4225367341585269       1.1409662439168935        503
  46.638429      25.122000      -2.5865538771370971       1.1845600577130131        503
  49.733233      25.324128      -2.7432892600206813       1.2325947604408420        503
  52.833048      25.528630      -2.8922569943502303       1.2850490513139665        503
  55.938032      25.734910      -3.0329880480603566       1.3418819147779728        503
  59.048329      25.942365      -0.0000000000000000       0.0000000000000000      50602
  62.164072      26.150386      -0.0000000000000000       0.0000000000000000      50602
  65.285378      26.358356      -0.0000000000000000       0.0000000000000000      50602
  68.412351      26.565660      -0.0000000000000000       0.0000000000000000          0
  71.545077      26.771678      -0.0000000000000000       0.0000000000000000          0
  74.683622      26.975790      -3.5640110389237880       1.6000867883572611        501
  77.828034      27.177382      -3.6892241167886759       1.6787422329849453        501
  80.978341      27.375839      -3.8035318237862463       1.7619953428430384        501
  84.134546      27.570557      -3.9065253006000624       1.8496375600901513        501
  87.296633      27.760937      -3.9978260566139214       1.9414305036047850        501
  90.464558      27.946391      -0.0000000000000000       0.0000000000000000          0
  93.638254      28.126342      -0.0000000000000000       0.0000000000000000          0
  96.817629      28.300228      -0.0000000000000000       0.0000000000000000          0
  100.002563      28.467502      -4.4044226978586662       2.4134228573058127        607
  103.192910      28.627636      -1.3075445545738009      -0.1017478462088359          0
  106.388499      28.780122      -1.3159909431207111      -0.0645861017019525          0
  109.589131      28.924471      -1.3326297140982546      -0.0192687559287089          0
  112.794580      29.060222      -1.3435197444540858       0.0235628654454468          0
  116.004597      29.186936      -1.3518584780128311       0.0650770203571061          0
  119.218905      29.304204      -1.3580548231238447       0.1049684463413486          0
  122.437205      29.411643      -1.3609606188310839       0.1424331121817442          0
  125.659174      29.508903      -1.3575142719037583       0.1799908058933004          0
  128.884469      29.595665      -1.3509619484744617       0.2178351001292232          0
  132.112727      29.671645      -0.0000000000000000       0.0000000000000000          0
  135.343567      29.736591      -0.0000000000000000       0.0000000000000000          0
  138.576593      29.790289      -0.0000000000000000       0.0000000000000000          0
  37.571870      21.934324      -1.2049574125362761       0.2860245822858745        715
  40.657308      22.126139      -0.0000000000000000       0.0000000000000000          0
  43.746698      22.322018      -0.0000000000000000       0.0000000000000000          0
  46.840205      22.521397      -2.5970077405555605       1.3610279286796998        503
  49.937991      22.723700      -2.7533818518667577       1.4035835187837571        503
  53.040208      22.928339      -2.9019154736533213       1.4502178268157677        503
  56.147001      23.134717      -3.0421440819002115       1.5009042092932869        503
  59.258505      23.342229      -0.0000000000000000       0.0000000000000000      50602
  62.374840      23.550265      -0.0000000000000000       0.0000000000000000      50602
  65.496120      23.758210      -0.0000000000000000       0.0000000000000000          0
  68.622438      23.965447      -0.0000000000000000       0.0000000000000000          0
  71.753877      24.171356      -0.0000000000000000       0.0000000000000000          0
  74.890501      24.375321      -0.0000000000000000       0.0000000000000000          0
  78.032357      24.576726      -3.6969799301746304       1.8328661049193880        501
  81.179473      24.774962      -3.8104429018042927       1.9081290785048282        501
  84.331857      24.969423      -3.9125734060793751       1.9875034648745649        501
  87.489496      25.159516      -0.0000000000000000       0.0000000000000000          0
  90.652356      25.344656      -0.0000000000000000       0.0000000000000000          0
  93.820379      25.524268      -0.0000000000000000       0.0000000000000000          0
  96.993485      25.697796      -1.1672376323028928      -0.2237680528464175        603
  100.171568      25.864697      -4.4023509310404600       2.4400784856960187        607
  103.354501      26.024448      -1.2873359659356101      -0.1203215899103635          0
  106.542131      26.176543      -1.3228330543039686      -0.0586204548383668          0
  109.734282      26.320501      -1.3371125607196319      -0.0101630983175932          0
  112.930752      26.455865      -1.3455574785653792       0.0331862300002089          0
  116.131319      26.582200      -1.3520268831871394       0.0735219055519707          0
  119.335735      26.699102      -1.3570076969683886       0.1113734995990064          0
  122.543733      26.806193      -1.3602472950668809       0.1458216666038733          0
  125.755024      26.903128      -1.3582152867728770       0.1803958098915832          0
  128.969300      26.989592      -0.0000000000000000       0.0000000000000000          0
  132.186236      27.065304      -6.4197002155941085       3.5031975760420444        678
  135.405490      27.130016      -0.0000000000000000       0.0000000000000000          0
  138.626705      27.183518      -0.0000000000000000       0.0000000000000000          0
  37.754550      19.332791      -1.2062577197631148       0.3122801825443199        715
  40.844393      19.524865      -0.0000000000000000       0.0000000000000000          0
  43.937666      19.720975      -0.0000000000000000       0.0000000000000000          0
  47.034521      19.920553      -2.6070446564573331       1.5338397117280720        503
  50.135105      20.123021      -2.7630644420633312       1.5707606690383906        503
  53.239559      20.327789      -0.0000000000000000       0.0000000000000000          0
  56.348016      20.534258      -0.0000000000000000       0.0000000000000000          0
  59.460601      20.741823      -0.0000000000000000       0.0000000000000000          0
  62.577427      20.949872      -0.0000000000000000       0.0000000000000000          0
  65.698600      21.157790      -0.0000000000000000       0.0000000000000000          0
  68.824210      21.364959      -0.0000000000000000       0.0000000000000000          0
  71.954334      21.570762      -0.0000000000000000       0.0000000000000000          0
  75.089036      21.774583      -0.0000000000000000       0.0000000000000000          0
  78.228363      21.975807      -0.0000000000000000       0.0000000000000000          0
  81.372344      22.173826      -3.8170260303414185       2.0490449690504731        501
  84.520992      22.368040      -3.9183273552410962       2.1199730934518759        501
  87.674300      22.557856      -0.0000000000000000       0.0000000000000000          0
  90.832241      22.742692      -0.0000000000000000       0.0000000000000000          0
  93.994767      22.921979      -0.0000000000000000       0.0000000000000000          0
  97.161812      23.095163      -1.1692411345911715      -0.1926281911941996        603
  100.333284      23.261705      -1.2050843344887565      -0.1685795504919170        603
  103.509073      23.421087      -1.2935197785003711      -0.0941796365702463      60401
  106.689045      23.572808      -1.3372587303705974      -0.0488097635803421          0
  109.873045      23.716392      -1.3455415752683790       0.0016510726935988          0
  113.060896      23.851384      -1.3498688666215783       0.0447439614774847          0
  116.252400      23.977356      -1.3542131133574853       0.0833816934080881          0
  119.447338      24.093908      -1.3589977039606300       0.1177685635890861          0
  122.645473      24.200667      -1.3625789773991859       0.1489768083987308          0
  125.846548      24.297292      -0.0000000000000000       0.0000000000000000          0
  129.050288      24.383471      -0.0000000000000000       0.0000000000000000          0
  132.256403      24.458927      -0.0000000000000000       0.0000000000000000          0
  135.464589      24.523416      -6.4438240101061908       3.7620866416497538        678
  138.674528      24.576730      -0.0000000000000000       0.0000000000000000          0
  37.931496      16.731082      -1.2075055291283374       0.3375308205043350        715
  41.025545      16.923405      -0.0000000000000000       0.0000000000000000          0
  44.122514      17.119736      -1.4206450243940276       0.9934046252843143        710
  47.222543      17.319505      -0.0000000000000000       0.0000000000000000          0
  50.325765      17.522130      -0.0000000000000000       0.0000000000000000          0
  53.432312      17.727020      -0.0000000000000000       0.0000000000000000          0
  56.542305      17.933575      -0.0000000000000000       0.0000000000000000          0
  59.655862      18.141188      -0.0000000000000000       0.0000000000000000          0
  62.773089      18.349247      -0.0000000000000000       0.0000000000000000          0
  65.894085      18.557137      -0.0000000000000000       0.0000000000000000          0
  69.018937      18.764239      -0.0000000000000000       0.0000000000000000          0
  72.147720      18.969937      -0.0000000000000000       0.0000000000000000          0
  75.280496      19.173615      -0.0000000000000000       0.0000000000000000          0
  78.417312      19.374663      -0.0000000000000000       0.0000000000000000          0
  81.558203      19.572472      -3.8233288824485019       2.1845208502342204        501
  84.703185      19.766445      -3.9238297093909318       2.2468437100227030        501
  87.852256      19.955992      -0.0000000000000000       0.0000000000000000          0
  91.005400      20.140535      -0.0000000000000000       0.0000000000000000          0
  94.162579      20.319507      -0.0000000000000000       0.0000000000000000          0
  97.323737      20.492358      -1.1711589165436243      -0.1614194216849979        603
  100.488801      20.658554      -1.2360517027078755      -0.0640666253415586      60301
  103.657674      20.817580      -1.2962557834888004      -0.0424375924126515      60404
  106.830242      20.968941      -1.3525589649854255      -0.0191211039238117      60406
  110.006372      21.112163      -1.3559804053690323       0.0191964598243199          0
  113.185908      21.246798      -1.3540563399362320       0.0601730674679454          0
  116.368678      21.372421      -1.3569476110433452       0.0955384484314476          0
  119.554490      21.488637      -1.3626633862973256       0.1236590104644518        612
  122.743135      21.595077      -0.0000000000000000       0.0000000000000000          0
  125.934386      21.691403      -0.0000000000000000       0.0000000000000000          0
  129.128001      21.777308      -0.0000000000000000       0.0000000000000000          0
  132.323723      21.852519      -0.0000000000000000       0.0000000000000000          0
  135.521283      21.916794      -6.4440558031104072       3.8504996233032531        678
  138.720399      21.969927      -0.0000000000000000       0.0000000000000000          0
  38.103674      14.129226      -1.2087086530868665       0.3617392246001700        715
  41.201756      14.321790      -0.0000000000000000       0.0000000000000000          0
  44.302260      14.518334      -1.4441934144900863       1.3639879464616942        710
  47.405311      14.718286      -0.0000000000000000       0.0000000000000000          0
  50.511034      14.921062      -0.0000000000000000       0.0000000000000000          0
  53.619547      15.126069      -1.1470431466414839       1.0182279513025332        709
  56.730965      15.332705      -0.0000000000000000       0.0000000000000000          0
  59.845397      15.540363      -0.0000000000000000       0.0000000000000000          0
  62.962943      15.748429      -0.0000000000000000       0.0000000000000000          0
  66.083698      15.956288      -0.0000000000000000       0.0000000000000000          0
  69.207745      16.163323      -0.0000000000000000       0.0000000000000000          0
  72.335159      16.368917      -0.0000000000000000       0.0000000000000000          0
  75.466000      16.572456      -0.0000000000000000       0.0000000000000000          0
  78.600319      16.773330      -0.0000000000000000       0.0000000000000000          0
  81.738153      16.970934      -3.8293930062509878       2.3143339560852754        501
  84.879522      17.164672      -0.0000000000000000       0.0000000000000000          0
  88.024435      17.353957      -0.0000000000000000       0.0000000000000000          0
  91.172881      17.538214      -0.0000000000000000       0.0000000000000000          0
  94.324834      17.716880      -0.0000000000000000       0.0000000000000000          0
  97.480252      17.889408      -1.1730037310441663      -0.1301896330814573        603
  100.639075      18.055268      -1.2389935754214645      -0.0095658109715091      60301
  103.801224      18.213950      -1.2988905100154629       0.0090756897571005        604
  106.966602      18.364961      -1.3548871830739015       0.0292566221384040      60404
  110.135096      18.507834      -1.3367960816867166       0.0579862621701227      60201
  113.306575      18.642123      -0.0000000000000000       0.0000000000000000          0
  116.480888      18.767409      -0.0000000000000000       0.0000000000000000          0
  119.657871      18.883300      -0.0000000000000000       0.0000000000000000          0
  122.837340      18.989431      -0.0000000000000000       0.0000000000000000          0
  126.019100      19.085469      -0.0000000000000000       0.0000000000000000          0
  129.202938      19.171110      -0.0000000000000000       0.0000000000000000          0
  132.388630      19.246084      -0.0000000000000000       0.0000000000000000          0
  135.575938      19.310153      -0.0000000000000000       0.0000000000000000          0
  138.764616      19.363113      -0.0000000000000000       0.0000000000000000          0
  38.271957      11.527251      -1.2098740153352756       0.3848674466888102        715
  41.373926      11.720048      -0.0000000000000000       0.0000000000000000          0
  44.477825      11.916798      -1.4671803933505834       1.7313769600550279        710
  47.583769      12.116927      -1.1933574320318963       0.9781320627892707        709
  50.691871      12.319849      -1.1711314411238316       0.9924370885524843        709
  53.802240      12.524967      -0.0000000000000000       0.0000000000000000          0
  56.914983      12.731681      -0.0000000000000000       0.0000000000000000          0
  60.030203      12.939380      -0.0000000000000000       0.0000000000000000          0
  63.147995      13.147451      -0.0000000000000000       0.0000000000000000          0
  66.268449      13.355278      -0.0000000000000000       0.0000000000000000          0
  69.391647      13.562245      -0.0000000000000000       0.0000000000000000          0
  72.517661      13.767736      -0.0000000000000000       0.0000000000000000          0
  75.646555      13.971137      -0.0000000000000000       0.0000000000000000          0
  78.778382      14.171840      -0.0000000000000000       0.0000000000000000          0
  81.913180      14.369242      -0.0000000000000000       0.0000000000000000          0
  85.050979      14.562750      -0.0000000000000000       0.0000000000000000          0
  88.191791      14.751778      -0.0000000000000000       0.0000000000000000          0
  91.335618      14.935756      -0.0000000000000000       0.0000000000000000          0
  94.482445      15.114123      -0.0000000000000000       0.0000000000000000          0
  97.632240      15.286336      -1.1747868076177974      -0.0989896798357995      60302
  100.784960      15.451870      -0.0000000000000000       0.0000000000000000          0
  103.940541      15.610216      -1.3014397540734239       0.0602675727400710        604
  107.098905      15.760887      -1.3571388074420159       0.0772731958378304        604
  110.259960      15.903420      -1.4087571681452080       0.0956145967090302        604
  113.423593      16.037374      -1.3499790597912107       0.0922664876740319        612
  116.589681      16.162332      -0.0000000000000000       0.0000000000000000          0
  119.758082      16.277908      -0.0000000000000000       0.0000000000000000          0
  122.928641      16.383740      -0.0000000000000000       0.0000000000000000          0
  126.101188      16.479498      -0.0000000000000000       0.0000000000000000          0
  129.275540      16.564883      -0.0000000000000000       0.0000000000000000          0
  132.451505      16.639627      -0.0000000000000000       0.0000000000000000          0
  135.628877      16.703496      -0.0000000000000000       0.0000000000000000          0
  138.807441      16.756288      -6.5013744897707371       4.5557759918110650        679
  38.437149       8.925181      -1.2110078226977838       0.4068772515716580        715
  41.542880       9.118205      -1.2264630905593359       0.9473432516505207        709
  44.650055       9.315156      -1.2111164949326327       0.9583860424315405        709
  47.758779       9.515456      -1.1921986509541456       0.9697309138213713        709
  50.869154       9.718518      -1.1697591543956081       0.9813436621950853        709
  53.981282       9.923745      -0.0000000000000000       0.0000000000000000          0
  57.095262      10.130532      -0.0000000000000000       0.0000000000000000          0
  60.211191      10.338269      -0.0000000000000000       0.0000000000000000          0
  63.329160      10.546343      -0.0000000000000000       0.0000000000000000          0
  66.449257      10.754137      -0.0000000000000000       0.0000000000000000          0
  69.571561      10.961036      -0.0000000000000000       0.0000000000000000          0
  72.696145      11.166423      -0.0000000000000000       0.0000000000000000          0
  75.823075      11.369687      -0.0000000000000000       0.0000000000000000          0
  78.952404      11.570221      -0.0000000000000000       0.0000000000000000          0
  82.084179      11.767425      -0.0000000000000000       0.0000000000000000          0
  85.218434      11.960706      -0.0000000000000000       0.0000000000000000          0
  88.355190      12.149482      -0.0000000000000000       0.0000000000000000          0
  91.494457      12.333186      -0.0000000000000000       0.0000000000000000          0
  94.636232      12.511260      -0.0000000000000000       0.0000000000000000          0
  97.780498      12.683165      -1.1765181504625664      -0.0678729011810615      60302
  100.927223      12.848378      -1.2446106932925882       0.0984899531915597      60402
  104.076362      13.006396      -1.3039176232373559       0.1110435038213652      60402
  107.227855      13.156736      -1.3593263951451906       0.1248408114488328        604
  110.381628      13.298937      -1.4106592329416403       0.1398354095209285        604
  113.537591      13.432562      -0.0000000000000000       0.0000000000000000          0
  116.695643      13.557201      -0.0000000000000000       0.0000000000000000          0
  119.855666      13.672469      -0.0000000000000000       0.0000000000000000          0
  123.017530      13.778010      -0.0000000000000000       0.0000000000000000          0
  126.181094      13.873496      -0.0000000000000000       0.0000000000000000          0
  129.346203      13.958632      -0.0000000000000000       0.0000000000000000          0
  132.512693      14.033152      -0.0000000000000000       0.0000000000000000          0
  135.680388      14.096826      -6.6747610630490559       0.7496986453070849      61502
  138.849107      14.149454      -6.5026691522536257       4.6992794455845033        679
  38.600000       6.323038      -1.2376737238765017       0.9343191190913678        709
  41.709387       6.516285      -1.2257317841924324       0.9421853399079796        709
  44.819737       6.713432      -1.2101754225013897       0.9504184204875170        709
  47.931143       6.913900      -1.1910465147575455       0.9589973283392754        709
  51.043699       7.117098      -0.0000000000000000       0.0000000000000000          0
  54.157500       7.322429      -0.0000000000000000       0.0000000000000000          0
  57.272637       7.529286      -0.0000000000000000       0.0000000000000000          0
  60.389204       7.737059      -0.0000000000000000       0.0000000000000000          0
  63.507287       7.945134      -0.0000000000000000       0.0000000000000000          0
  66.626971       8.152893      -0.0000000000000000       0.0000000000000000          0
  69.748336       8.359723      -0.0000000000000000       0.0000000000000000          0
  72.871456       8.565006      -0.0000000000000000       0.0000000000000000          0
  75.996397       8.768134      -0.0000000000000000       0.0000000000000000          0
  79.123219       8.968501      -0.0000000000000000       0.0000000000000000          0
  82.251971       9.165507      -0.0000000000000000       0.0000000000000000          0
  85.382695       9.358564      -0.0000000000000000       0.0000000000000000          0
  88.515421       9.547092      -0.0000000000000000       0.0000000000000000          0
  91.650169       9.730526      -0.0000000000000000       0.0000000000000000          0
  94.786947       9.908311      -0.0000000000000000       0.0000000000000000          0
  97.925751      10.079913      -1.1782067818869448      -0.0368947185096308      60302
  101.066565      10.244812      -1.2734362951392435       0.0652728055873914        647
  104.209359      10.402507      -1.3063368754852949       0.1613075076443124      60402
  107.354092      10.552521      -1.3614612873267340       0.1718703007483108      60402
  110.500707      10.694397      -1.3384801906013968       0.1001188141285163        612
  113.649138      10.827701      -1.3507207167542223       0.1133432916736914        613
  116.799304      10.952027      -1.3588870605500092       0.1270409783732462        613
  119.951112      11.066993      -0.0000000000000000       0.0000000000000000          0
  123.104458      11.172248      -0.6539104198918760       0.7868363913177210        677
  126.259224      11.267468      -0.0000000000000000       0.0000000000000000          0
  129.415284      11.352360      -0.0000000000000000       0.0000000000000000          0
  132.572503      11.426662      -5.7060104709922514       1.5406810018969170      61502
  135.730735      11.490145      -6.6903006070797764       1.5880358978318891      61501
  138.889827      11.542614      -7.2899948069156082       1.6712097878038816        615
  38.761219       3.720846      -1.2371438631193037       0.9297598240052394        709
  41.874175       3.914311      -1.2249978386391971       0.9347604759431634        709
  44.987614       4.111651      -1.2092339186525729       0.9401649659523084        709
  48.101619       4.312282      -0.0000000000000000       0.0000000000000000          0
  51.216276       4.515614      -0.0000000000000000       0.0000000000000000          0
  54.331672       4.721045      -0.0000000000000000       0.0000000000000000          0
  57.447895       4.927970      -0.0000000000000000       0.0000000000000000          0
  60.565032       5.135776      -0.0000000000000000       0.0000000000000000          0
  63.683169       5.343850      -0.0000000000000000       0.0000000000000000          0
  66.802387       5.551573      -0.0000000000000000       0.0000000000000000          0
  69.922767       5.758332      -0.0000000000000000       0.0000000000000000          0
  73.044384       5.963512      -0.0000000000000000       0.0000000000000000          0
  76.167308       6.166504      -0.0000000000000000       0.0000000000000000          0
  79.291601       6.366703      -0.0000000000000000       0.0000000000000000          0
  82.417321       6.563514      -0.0000000000000000       0.0000000000000000          0
  85.544514       6.756348      -0.0000000000000000       0.0000000000000000          0
  88.673222       6.944630      -0.0000000000000000       0.0000000000000000          0
  91.803473       7.127796      -0.0000000000000000       0.0000000000000000          0
  94.935288       7.305297      -0.0000000000000000       0.0000000000000000          0
  98.068676       7.476599      -1.2464767538461896       0.0808499346083502        647
  101.203636       7.641187      -1.2745861487208801       0.0884043478603163        647
  104.340154       7.798565      -0.0000000000000000       0.0000000000000000          0
  107.478207       7.948257      -1.3635538620993857       0.2182715515100687      60402
  110.617758       8.089812      -1.3390078470706426       0.1132673861590039        613
  113.758761       8.222800      -1.3510736295708585       0.1231760025816106        613
  116.901157       8.346818      -0.0000000000000000       0.0000000000000000          0
  120.044875       8.461488      -0.0000000000000000       0.0000000000000000          0
  123.189836       8.566463      -0.0000000000000000       0.0000000000000000          0
  126.335949       8.661421      -0.0000000000000000       0.0000000000000000          0
  129.483115       8.746073      -0.0000000000000000       0.0000000000000000          0
  132.631223       8.820160      -7.3252676566366448       1.5280100816013968        684
  135.780159       8.883456      -7.3184328994756935       1.5898181074499451        684
  138.929797       8.935767      -7.2894892827356825       1.6522725572791406        801
  38.921488       1.118624      -1.2366074166241723       0.9229670429864039        709
  42.037941       1.312305      -1.2242584043348990       0.9250882272384698        709
  45.154397       1.509834      -0.0000000000000000       0.0000000000000000          0
  48.270930       1.710627      -0.0000000000000000       0.0000000000000000          0
  51.387618       1.914089      -0.0000000000000000       0.0000000000000000          0
  54.504543       2.119619      -0.0000000000000000       0.0000000000000000          0
  57.621786       2.326609      -0.0000000000000000       0.0000000000000000          0
  60.739431       2.534446      -0.0000000000000000       0.0000000000000000          0
  63.857562       2.742516      -0.0000000000000000       0.0000000000000000          0
  66.976261       2.950202      -0.0000000000000000       0.0000000000000000          0
  70.095607       3.156889      -0.0000000000000000       0.0000000000000000          0
  73.215679       3.361964      -0.0000000000000000       0.0000000000000000          0
  76.336548       3.564819      -0.0000000000000000       0.0000000000000000          0
  79.458285       3.764852      -0.0000000000000000       0.0000000000000000          0
  82.580950       3.961467      -0.0000000000000000       0.0000000000000000          0
  85.704600       4.154080      -0.0000000000000000       0.0000000000000000          0
  88.829285       4.342116      -0.0000000000000000       0.0000000000000000          0
  91.955044       4.525017      -0.0000000000000000       0.0000000000000000          0
  95.081910       4.702234      -0.0000000000000000       0.0000000000000000          0
  98.209905       4.873239      -1.2478239952066057       0.1066188170449654      67301
  101.339044       5.037519      -1.2757148948849315       0.1110762775715376        647
  104.469330       5.194582      -1.2998098321283842       0.1161102790202734      64701
  107.600756       5.343957      -1.3656137487164088       0.2639538700438087      60402
  110.733305       5.485195      -1.3395232426116910       0.1259327332220739      61404
  113.866952       5.617870      -0.0000000000000000       0.0000000000000000          0
  117.001658       5.741583      -0.0000000000000000       0.0000000000000000          0
  120.137377       5.855961      -0.0000000000000000       0.0000000000000000          0
  123.274052       5.960658      -7.2152905744105214       1.4182448949111222        675
  126.411618       6.055358      -7.2738169224395737       1.4577528295189603        684
  129.550001       6.139773      -7.3105430581170534       1.4989657367115390        801
  132.689120       6.213649      -7.3253416465985355       1.5415528987590950        801
  135.828884       6.276761      -7.3181533730746855       1.5851675496086934        801
  138.969199       6.328917      -7.2889874728272908       1.6294505662232153        801
  39.081472      -1.483607      -0.0000000000000000       0.0000000000000000          0
  42.201367      -1.289711      -0.0000000000000000       0.0000000000000000          0
  45.320781      -1.091995      -0.0000000000000000       0.0000000000000000          0
  48.439782      -0.891044      -0.0000000000000000       0.0000000000000000          0
  51.558441      -0.687454      -0.0000000000000000       0.0000000000000000          0
  54.676832      -0.481827      -0.0000000000000000       0.0000000000000000          0
  57.795035      -0.274774      -0.0000000000000000       0.0000000000000000          0
  60.913130      -0.066908      -0.0000000000000000       0.0000000000000000          0
  64.031198       0.141157      -0.0000000000000000       0.0000000000000000          0
  67.149322       0.348803      -0.0000000000000000       0.0000000000000000          0
  70.267583       0.555417      -0.0000000000000000       0.0000000000000000          0
  73.386061       0.760387      -0.0000000000000000       0.0000000000000000          0
  76.504833       0.963104      -0.0000000000000000       0.0000000000000000          0
  79.623974       1.162968      -0.0000000000000000       0.0000000000000000          0
  82.743552       1.359387      -0.0000000000000000       0.0000000000000000          0
  85.863633       1.551779      -0.0000000000000000       0.0000000000000000          0
  88.984274       1.739571      -0.0000000000000000       0.0000000000000000          0
  92.105528       1.922206      -0.0000000000000000       0.0000000000000000          0
  95.227439       2.099141      -0.0000000000000000       0.0000000000000000          0
  98.350044       2.269850      -1.2491533374407524       0.1318888342582721      67352
  101.473371       2.433824      -1.2768275879746898       0.1332454541569338      67301
  104.597442       2.590574      -1.3007137844552978       0.1351108775508805      64701
  107.722266       2.739633      -1.3207382648632455       0.1374631180261968        614
  110.847847       2.880556      -0.0000000000000000       0.0000000000000000          0
  113.974178       3.012920      -0.0000000000000000       0.0000000000000000          0
  117.101244       3.136331      -1.3570758949357220       0.1471358474537766        614
  120.229019       3.250419      -1.3748035695942533      -0.3407051705561747        667
  123.357471       3.354841      -7.2171274645532639       1.4820376673088869        801
  126.486560       3.449285      -7.2749487561752391       1.5036327647393104        801
  129.616236       3.533466      -7.3110821453500714       1.5267894120253880        801
  132.746445       3.607132      -7.3254075373133185       1.5512321010717551        801
  135.877124       3.670061      -7.3178714184900056       1.5766698200293181        801
  139.008205       3.722064      -7.2884873101582599       1.6027995341003338        801
>