>anchorPlateId 301
>reconstructionTime 33
>DeformingMeshPoints.gpml lat_lon_velocity_domain_28_32.gpml
>MeshNode <identity>GPlates-b7a3af0e-8119-4abb-9ae6-39bb7e5702ce</identity> <revision>GPlates-7b04c5e6-7801-49f1-bcc4-23d6f4e5417f</revision>
> reconstructionPlateId 0
> validTime TimePeriod <begin> TimeInstant <timePosition>http://gplates.org/times/distantPast</timePosition></begin> <end> TimeInstant <timePosition>http://gplates.org/times/distantFuture</timePosition></end>
   9.675222      66.585071      -0.0000000000000000       0.0000000000000000        301
  11.802145      66.946585      -0.0000000000000000       0.0000000000000000        302
  13.944532      67.323043      -0.0000000000000000       0.0000000000000000        302
  16.103965      67.714028      -0.0000000000000000       0.0000000000000000        302
  18.282187      68.119105      -0.0000000000000000       0.0000000000000000        302
  20.481123      68.537814      -0.0000000000000000       0.0000000000000000        302
  22.702906      68.969669      -0.0000000000000000       0.0000000000000000        302
  24.949903      69.414161      -0.0000000000000000       0.0000000000000000        302
  27.224746      69.870751      -0.0000000000000000       0.0000000000000000        302
  29.530373      70.338872      -0.0000000000000000       0.0000000000000000        302
  31.870063      70.817922      -0.0000000000000000       0.0000000000000000        302
  34.247493      71.307266      -0.0000000000000000       0.0000000000000000        302
  36.666791      71.806225      -0.0000000000000000       0.0000000000000000        302
  39.132606      72.314079      -0.0000000000000000       0.0000000000000000        302
  41.650182      72.830056      -0.0000000000000000       0.0000000000000000        302
  44.225456      73.353326      -0.0000000000000000       0.0000000000000000        302
  46.865158      73.882993      -0.0000000000000000       0.0000000000000000        302
  49.576939      74.418084      -0.0000000000000000       0.0000000000000000        302
  52.369511      74.957537      -0.0000000000000000       0.0000000000000000        302
  55.252816      75.500185      -0.0000000000000000       0.0000000000000000        302
  58.238209      76.044736      -0.0000000000000000       0.0000000000000000        302
  61.338671      76.589754      -0.0000000000000000       0.0000000000000000        302
  64.569037      77.133627      -0.0000000000000000       0.0000000000000000        302
  67.946239      77.674536      -0.0000000000000000       0.0000000000000000        302
  71.489539      78.210414      -0.0000000000000000       0.0000000000000000        404
  75.220736      78.738900      -0.0000000000000000       0.0000000000000000        404
  79.164277      79.257282      -0.0000000000000000       0.0000000000000000        404
  83.347211      79.762434      -0.0000000000000000       0.0000000000000000        404
  87.798849      80.250750      -0.0000000000000000       0.0000000000000000        404
  92.549952      80.718079      -0.0000000000000000       0.0000000000000000        404
  97.631207      81.159660      -0.0000000000000000       0.0000000000000000        404
  103.070710      81.570101      -0.0000000000000000       0.0000000000000000          0
  108.890197      81.943392      -0.0000000000000000       0.0000000000000000          0
  11.992285      64.162838      -0.0000000000000000       0.0000000000000000        302
  14.251875      64.540999      -0.0000000000000000       0.0000000000000000        302
  16.529531      64.934403      -0.0000000000000000       0.0000000000000000        302
  18.827016      65.342551      -0.0000000000000000       0.0000000000000000        302
  21.146260      65.764918      -0.0000000000000000       0.0000000000000000        302
  23.489378      66.200948      -0.0000000000000000       0.0000000000000000        302
  25.858692      66.650055      -0.0000000000000000       0.0000000000000000        302
  28.256753      67.111618      -0.0000000000000000       0.0000000000000000        302
  30.686371      67.584981      -0.0000000000000000       0.0000000000000000        302
  33.150644      68.069447      -0.0000000000000000       0.0000000000000000        302
  35.652995      68.564280      -0.0000000000000000       0.0000000000000000        302
  38.197205      69.068693      -0.0000000000000000       0.0000000000000000        302
  40.787463      69.581849      -0.0000000000000000       0.0000000000000000        302
  43.428408      70.102853      -0.0000000000000000       0.0000000000000000        302
  46.125187      70.630747      -0.0000000000000000       0.0000000000000000        302
  48.883514      71.164498      -0.0000000000000000       0.0000000000000000        302
  51.709731      71.702993      -0.0000000000000000       0.0000000000000000        373
  54.610879      72.245025      -0.0000000000000000       0.0000000000000000        373
  57.594768      72.789281      -0.0000000000000000       0.0000000000000000        372
  60.670055      73.334329      -0.0000000000000000       0.0000000000000000        372
  63.846303      73.878595      -0.0000000000000000       0.0000000000000000        372
  67.134050      74.420353      -0.0000000000000000       0.0000000000000000        372
  70.544842      74.957693      -0.0000000000000000       0.0000000000000000        372
  74.091242      75.488502      -0.0000000000000000       0.0000000000000000        404
  77.786778      76.010437      -0.0000000000000000       0.0000000000000000        404
  81.645815      76.520896      -0.0000000000000000       0.0000000000000000        404
  85.683306      77.016990      -0.0000000000000000       0.0000000000000000        404
  89.914381      77.495521      -0.0000000000000000       0.0000000000000000        404
  94.353721      77.952964      -0.0000000000000000       0.0000000000000000        404
  99.014658      78.385460      -0.0000000000000000       0.0000000000000000        404
  103.907969      78.788836      -0.0000000000000000       0.0000000000000000        404
  109.040343      79.158643      -0.0000000000000000       0.0000000000000000        404
  114.412576      79.490246      -0.0000000000000000       0.0000000000000000          0
  13.934937      61.709774      -0.0000000000000000       0.0000000000000000        302
  16.301849      62.101378      -0.0000000000000000       0.0000000000000000        302
  18.688248      62.508367      -0.0000000000000000       0.0000000000000000        302
  21.095960      62.930162      -0.0000000000000000       0.0000000000000000        302
  23.526968      63.366154      -0.0000000000000000       0.0000000000000000        302
  25.983426      63.815696      -0.0000000000000000       0.0000000000000000        302
  28.467682      64.278105      -0.0000000000000000       0.0000000000000000        302
  30.982292      64.752656      -0.0000000000000000       0.0000000000000000        302
  33.530040      65.238585      -0.0000000000000000       0.0000000000000000        302
  36.113968      65.735078      -0.0000000000000000       0.0000000000000000        302
  38.737390      66.241274      -0.0000000000000000       0.0000000000000000        302
  41.403930      66.756257      -0.0000000000000000       0.0000000000000000        302
  44.117538      67.279051      -0.0000000000000000       0.0000000000000000        302
  46.882531      67.808614      -0.0000000000000000       0.0000000000000000        302
  49.703615      68.343834      -0.0000000000000000       0.0000000000000000        302
  52.585919      68.883517      -0.0000000000000000       0.0000000000000000        302
  55.535025      69.426381      -0.0000000000000000       0.0000000000000000        302
  58.556995      69.971047      -0.0000000000000000       0.0000000000000000        302
  61.658389      70.516025      -0.0000000000000000       0.0000000000000000        372
  64.846282      71.059704      -0.0000000000000000       0.0000000000000000        372
  68.128258      71.600339      -0.0000000000000000       0.0000000000000000        372
  71.512390      72.136035      -0.0000000000000000       0.0000000000000000        372
  75.007194      72.664738      -0.0000000000000000       0.0000000000000000        401
  78.621531      73.184210      -0.0000000000000000       0.0000000000000000        401
  82.364474      73.692028      -0.0000000000000000       0.0000000000000000        401
  86.245098      74.185563      -0.0000000000000000       0.0000000000000000        404
  90.272185      74.661976      -0.0000000000000000       0.0000000000000000        404
  94.453839      75.118220      -0.0000000000000000       0.0000000000000000        404
  98.796981      75.551042      -0.0000000000000000       0.0000000000000000        404
  103.306731      75.957008      -0.0000000000000000       0.0000000000000000        401
  107.985681      76.332540      -0.0000000000000000       0.0000000000000000        401
  112.833101      76.673974      -0.0000000000000000       0.0000000000000000        401
  117.844117      76.977639      -0.0000000000000000       0.0000000000000000        401
  15.589912      59.233286      -0.0000000000000000       0.0000000000000000        302
  18.045021      59.635957      -0.0000000000000000       0.0000000000000000        302
  20.520227      60.054056      -0.0000000000000000       0.0000000000000000        302
  23.017344      60.486928      -0.0000000000000000       0.0000000000000000        302
  25.538327      60.933886      -0.0000000000000000       0.0000000000000000        302
  28.085289      61.394197      -0.0000000000000000       0.0000000000000000        302
  30.660508      61.867091      -0.0000000000000000       0.0000000000000000        302
  33.266447      62.351751      -0.0000000000000000       0.0000000000000000        302
  35.905763      62.847313      -0.0000000000000000       0.0000000000000000        302
  38.581328      63.352864      -0.0000000000000000       0.0000000000000000        302
  41.296241      63.867433      -0.0000000000000000       0.0000000000000000        302
  44.053844      64.389995      -0.0000000000000000       0.0000000000000000        302
  46.857739      64.919458      -0.0000000000000000       0.0000000000000000        302
  49.711803      65.454663      -0.0000000000000000       0.0000000000000000        302
  52.620200      65.994374      -0.0000000000000000       0.0000000000000000        302
  55.587393      66.537275      -0.0000000000000000       0.0000000000000000        302
  58.618148      67.081960      -0.0000000000000000       0.0000000000000000        302
  61.717536      67.626929      -0.0000000000000000       0.0000000000000000        302
  64.890926      68.170572      -0.0000000000000000       0.0000000000000000        302
  68.143960      68.711170      -0.0000000000000000       0.0000000000000000        372
  71.482526      69.246879      -0.0000000000000000       0.0000000000000000        401
  74.912693      69.775724      -0.0000000000000000       0.0000000000000000        401
  78.440637      70.295590      -0.0000000000000000       0.0000000000000000        401
  82.072526      70.804218      -0.0000000000000000       0.0000000000000000        401
  85.814370      71.299198      -0.0000000000000000       0.0000000000000000        401
  89.671825      71.777969      -0.0000000000000000       0.0000000000000000        401
  93.649946      72.237826      -0.0000000000000000       0.0000000000000000        401
  97.752895      72.675926      -0.0000000000000000       0.0000000000000000        401
  101.983586      73.089307      -0.0000000000000000       0.0000000000000000        401
  106.343292      73.474924      -0.0000000000000000       0.0000000000000000        401
  110.831233      73.829682      -0.0000000000000000       0.0000000000000000        401
  115.444147      74.150492      -0.0000000000000000       0.0000000000000000        401
  120.175919      74.434343      -0.0000000000000000       0.0000000000000000        401
  17.019969      56.738638      -0.0000000000000000       0.0000000000000000        302
  19.548640      57.150579      -0.0000000000000000       0.0000000000000000        302
  22.097464      57.577925      -0.0000000000000000       0.0000000000000000        302
  24.668200      58.019954      -1.8100032587162707      -0.1746545121694694        334
  27.262733      58.475903      -2.0779787840414770      -0.1869339215110095        334
  29.883083      58.944966      -0.0000000000000000       0.0000000000000000        302
  32.531417      59.426292      -0.0000000000000000       0.0000000000000000        302
  35.210053      59.918982      -0.0000000000000000       0.0000000000000000        302
  37.921477      60.422087      -0.0000000000000000       0.0000000000000000        302
  40.668345      60.934604      -0.0000000000000000       0.0000000000000000        302
  43.453496      61.455475      -0.0000000000000000       0.0000000000000000        302
  46.279961      61.983579      -0.0000000000000000       0.0000000000000000        302
  49.150963      62.517732      -0.0000000000000000       0.0000000000000000        302
  52.069930      63.056680      -0.0000000000000000       0.0000000000000000        302
  55.040489      63.599093      -0.0000000000000000       0.0000000000000000        302
  58.066471      64.143564      -0.0000000000000000       0.0000000000000000        302
  61.151894      64.688597      -0.0000000000000000       0.0000000000000000        302
  64.300959      65.232607      -0.0000000000000000       0.0000000000000000        390
  67.518017      65.773912      -0.0000000000000000       0.0000000000000000        468
  70.807542      66.310726      -0.0000000000000000       0.0000000000000000        401
  74.174076      66.841157      -0.0000000000000000       0.0000000000000000        401
  77.622172      67.363199      -0.0000000000000000       0.0000000000000000        401
  81.156299      67.874732      -0.0000000000000000       0.0000000000000000        401
  84.780746      68.373521      -0.0000000000000000       0.0000000000000000        401
  88.499478      68.857215      -0.0000000000000000       0.0000000000000000        401
  92.315984      69.323357      -0.0000000000000000       0.0000000000000000        401
  96.233082      69.769390      -0.0000000000000000       0.0000000000000000        401
  100.252709      70.192675      -0.0000000000000000       0.0000000000000000        401
  104.375680      70.590515      -0.0000000000000000       0.0000000000000000        401
  108.601448      70.960180      -0.0000000000000000       0.0000000000000000        401
  112.927848      71.298953      -0.0000000000000000       0.0000000000000000        401
  117.350881      71.604168      -0.0000000000000000       0.0000000000000000        401
  121.864527      71.873273      -0.0000000000000000       0.0000000000000000        401
  18.271418      54.229663      -0.0000000000000000       0.0000000000000000        302
  20.862290      54.649489      -0.0000000000000000       0.0000000000000000        302
  23.472994      55.084655      -1.6852747469887670       0.3576916313721940        334
  26.105211      55.534376      -1.9589182900534055       0.3404433177844895        334
  28.760731      55.997823      -0.0000000000000000       0.0000000000000000        302
  31.441463      56.474121      -0.0000000000000000       0.0000000000000000        302
  34.149436      56.962349      -0.0000000000000000       0.0000000000000000        302
  36.886812      57.461536      -0.0000000000000000       0.0000000000000000        302
  39.655883      57.970658      -0.0000000000000000       0.0000000000000000        302
  42.459083      58.488637      -0.0000000000000000       0.0000000000000000        302
  45.298987      59.014339      -0.0000000000000000       0.0000000000000000        302
  48.178315      59.546566      -0.0000000000000000       0.0000000000000000        302
  51.099931      60.084057      -0.0000000000000000       0.0000000000000000        302
  54.066843      60.625485      -0.0000000000000000       0.0000000000000000        302
  57.082195      61.169447      -0.0000000000000000       0.0000000000000000        302
  60.149254      61.714467      -0.0000000000000000       0.0000000000000000        390
  63.271403      62.258988      -0.0000000000000000       0.0000000000000000        390
  66.452110      62.801368      -0.0000000000000000       0.0000000000000000        468
  69.694904      63.339880      -0.0000000000000000       0.0000000000000000        468
  73.003333      63.872703      -0.0000000000000000       0.0000000000000000        401
  76.380912      64.397926      -0.0000000000000000       0.0000000000000000        401
  79.831065      64.913544      -0.0000000000000000       0.0000000000000000        401
  83.357040      65.417459      -0.0000000000000000       0.0000000000000000        401
  86.961818      65.907481      -0.0000000000000000       0.0000000000000000        401
  90.648008      66.381339      -0.0000000000000000       0.0000000000000000        401
  94.417711      66.836683      -0.0000000000000000       0.0000000000000000        401
  98.272386      67.271105      -0.0000000000000000       0.0000000000000000        401
  102.212694      67.682148      -0.0000000000000000       0.0000000000000000        401
  106.238341      68.067336      -0.0000000000000000       0.0000000000000000        401
  110.347915      68.424201      -0.0000000000000000       0.0000000000000000        401
  114.538741      68.750314      -0.0000000000000000       0.0000000000000000        401
  118.806757      69.043331      -0.0000000000000000       0.0000000000000000        401
  123.146425      69.301030      -0.0000000000000000       0.0000000000000000        401
  19.379065      51.709213      -0.0000000000000000       0.0000000000000000        315
  22.023194      52.135836      -0.0000000000000000       0.0000000000000000        302
  24.686579      52.577708      -0.0000000000000000       0.0000000000000000        302
  27.370811      53.033985      -0.0000000000000000       0.0000000000000000        302
  30.077575      53.503778      -0.0000000000000000       0.0000000000000000        302
  32.808658      53.986152      -0.0000000000000000       0.0000000000000000        302
  35.565951      54.480121      -0.0000000000000000       0.0000000000000000        302
  38.351450      54.984651      -0.0000000000000000       0.0000000000000000        302
  41.167261      55.498654      -0.0000000000000000       0.0000000000000000        302
  44.015598      56.020988      -0.0000000000000000       0.0000000000000000        302
  46.898787      56.550454      -0.0000000000000000       0.0000000000000000        302
  49.819262      57.085791      -0.0000000000000000       0.0000000000000000        302
  52.779558      57.625677      -0.0000000000000000       0.0000000000000000        302
  55.782311      58.168725      -0.0000000000000000       0.0000000000000000        302
  58.830240      58.713478      -0.0000000000000000       0.0000000000000000        302
  61.926138      59.258408      -0.0000000000000000       0.0000000000000000        390
  65.072852      59.801915      -0.0000000000000000       0.0000000000000000        468
  68.273255      60.342322      -0.0000000000000000       0.0000000000000000        468
  71.530219      60.877875      -0.0000000000000000       0.0000000000000000        401
  74.846572      61.406739      -0.0000000000000000       0.0000000000000000        401
  78.225048      61.927004      -0.0000000000000000       0.0000000000000000        401
  81.668237      62.436681      -0.0000000000000000       0.0000000000000000        401
  85.178508      62.933707      -0.0000000000000000       0.0000000000000000        401
  88.757936      63.415952      -0.0000000000000000       0.0000000000000000        401
  92.408212      63.881223      -0.0000000000000000       0.0000000000000000        401
  96.130542      64.327279      -0.0000000000000000       0.0000000000000000        401
  99.925547      64.751843      -0.0000000000000000       0.0000000000000000        401
  103.793150      65.152621      -0.0000000000000000       0.0000000000000000        401
  107.732466      65.527322      -0.0000000000000000       0.0000000000000000        401
  111.741701      65.873689      -0.0000000000000000       0.0000000000000000        401
  115.818057      66.189523      -0.0000000000000000       0.0000000000000000        401
  119.957668      66.472724      -0.0000000000000000       0.0000000000000000        401
  124.155554      66.721321      -0.0000000000000000       0.0000000000000000        401
  20.369521      49.179449      -0.0000000000000000       0.0000000000000000          0
  23.059775      49.612006      -0.0000000000000000       0.0000000000000000          0
  25.768535      50.059701      -0.0000000000000000       0.0000000000000000        302
  28.497298      50.521638      -0.0000000000000000       0.0000000000000000        302
  31.247643      50.996875      -0.0000000000000000       0.0000000000000000        302
  34.021236      51.484419      -0.0000000000000000       0.0000000000000000        302
  36.819828      51.983231      -0.0000000000000000       0.0000000000000000        302
  39.645258      52.492221      -0.0000000000000000       0.0000000000000000        302
  42.499454      53.010244      -0.0000000000000000       0.0000000000000000        302
  45.384427      53.536102      -0.0000000000000000       0.0000000000000000        302
  48.302275      54.068543      -0.0000000000000000       0.0000000000000000        302
  51.255171      54.606253      -0.0000000000000000       0.0000000000000000        302
  54.245364      55.147861      -0.0000000000000000       0.0000000000000000        302
  57.275162      55.691932      -0.0000000000000000       0.0000000000000000        302
  60.346925      56.236967      -0.0000000000000000       0.0000000000000000        390
  63.463044      56.781404      -0.0000000000000000       0.0000000000000000        390
  66.625927      57.323609      -0.0000000000000000       0.0000000000000000        468
  69.837965      57.861886      -0.0000000000000000       0.0000000000000000        468
  73.101509      58.394466      -0.0000000000000000       0.0000000000000000        401
  76.418826      58.919515      -0.0000000000000000       0.0000000000000000        401
  79.792061      59.435134      -0.0000000000000000       0.0000000000000000        401
  83.223180      59.939359      -0.0000000000000000       0.0000000000000000        401
  86.713920      60.430172      -0.0000000000000000       0.0000000000000000        401
  90.265716      60.905501      -0.0000000000000000       0.0000000000000000        401
  93.879636      61.363234      -0.0000000000000000       0.0000000000000000        401
  97.556302      61.801228      -0.0000000000000000       0.0000000000000000        401
  101.295812      62.217325      -0.0000000000000000       0.0000000000000000        401
  105.097659      62.609370      -0.0000000000000000       0.0000000000000000        401
  108.960658      62.975230      -0.0000000000000000       0.0000000000000000        401
  112.882874      63.312819      -0.0000000000000000       0.0000000000000000        401
  116.861568      63.620125      -0.0000000000000000       0.0000000000000000        401
  120.893155      63.895239      -0.0000000000000000       0.0000000000000000        401
  124.973191      64.136384      -0.0000000000000000       0.0000000000000000        401
  21.263454      46.642041      -0.0000000000000000       0.0000000000000000          0
  23.994075      47.079833      -0.0000000000000000       0.0000000000000000          0
  26.742335      47.532642      -0.0000000000000000       0.0000000000000000        302
  29.509639      47.999523      -0.0000000000000000       0.0000000000000000        302
  32.297461      48.479484      -0.0000000000000000       0.0000000000000000        302
  35.107348      48.971486      -1.7904922507760110      -0.3443783567959492        503
  37.940922      49.474436      -1.9386754800902528      -0.3114600188264411        503
  40.799872      49.987197      -2.0833801998016792      -0.2719389197880814        503
  43.685961      50.508574      -2.2241971617975453      -0.2255625143204826        503
  46.601017      51.037323      -0.0000000000000000       0.0000000000000000        302
  49.546931      51.572143      -0.0000000000000000       0.0000000000000000        302
  52.525648      52.111680      -0.0000000000000000       0.0000000000000000        302
  55.539164      52.654520      -0.0000000000000000       0.0000000000000000        302
  58.589508      53.199192      -0.0000000000000000       0.0000000000000000        302
  61.678733      53.744166      -0.0000000000000000       0.0000000000000000        390
  64.808899      54.287851      -0.0000000000000000       0.0000000000000000        468
  67.982050      54.828595      -0.0000000000000000       0.0000000000000000        468
  71.200190      55.364689      -0.0000000000000000       0.0000000000000000        468
  74.465255      55.894361      -0.0000000000000000       0.0000000000000000        401
  77.779078      56.415784      -0.0000000000000000       0.0000000000000000        401
  81.143349      56.927078      -0.0000000000000000       0.0000000000000000        401
  84.559575      57.426311      -0.0000000000000000       0.0000000000000000        401
  88.029027      57.911508      -0.0000000000000000       0.0000000000000000        401
  91.552689      58.380658      -0.0000000000000000       0.0000000000000000        401
  95.131199      58.831723      -0.0000000000000000       0.0000000000000000        401
  98.764794      59.262652      -0.0000000000000000       0.0000000000000000        401
  102.453245      59.671391      -0.0000000000000000       0.0000000000000000        401
  106.195803      60.055905      -0.0000000000000000       0.0000000000000000        401
  109.991144      60.414196      -0.0000000000000000       0.0000000000000000        401
  113.837320      60.744321      -0.0000000000000000       0.0000000000000000        401
  117.731727      61.044419      -0.0000000000000000       0.0000000000000000        401
  121.671084      61.312735      -0.0000000000000000       0.0000000000000000        401
  125.651425      61.547647      -0.0000000000000000       0.0000000000000000        401
  22.077149      44.098295      -0.0000000000000000       0.0000000000000000          0
  24.843437      44.540752      -0.0000000000000000       0.0000000000000000        319
  27.626421      44.998098      -0.0000000000000000       0.0000000000000000        302
  30.427414      45.469344      -0.0000000000000000       0.0000000000000000        302
  33.247790      45.953452      -0.0000000000000000       0.0000000000000000        302
  36.088987      46.449337      -1.8423418629675372      -0.1349898137089671        503
  38.952500      46.955865      -1.9904466839150456      -0.1023481626178197        503
  41.839886      47.471851      -2.1347522133018360      -0.0631987295421862        503
  44.752754      47.996061      -2.2748380594787783      -0.0173000648640497        503
  47.692769      48.527207      -2.4102675405411853       0.0355766825481803        503
  50.661637      49.063952      -2.5405864049379785       0.0956441581301904        503
  53.661105      49.604903      -0.0000000000000000       0.0000000000000000        302
  56.692947      50.148614      -0.0000000000000000       0.0000000000000000        302
  59.758956      50.693584      -0.0000000000000000       0.0000000000000000        390
  62.860926      51.238259      -0.0000000000000000       0.0000000000000000        465
  66.000639      51.781029      -0.0000000000000000       0.0000000000000000        458
  69.179842      52.320230      -0.0000000000000000       0.0000000000000000        458
  72.400225      52.854148      -0.0000000000000000       0.0000000000000000        459
  75.663396      53.381014      -3.1588268027666002       0.2978044803811123        501
  78.970847      53.899014      -3.2744575627234749       0.4124808215064522        501
  82.323922      54.406289      -3.3805465540299813       0.5371569001381005        501
  85.723778      54.900942       2.5558307796112456      -1.3895643691396826          0
  89.171347      55.381042       2.0205640568503456      -1.2262204565346382          0
  92.667288      55.844637       0.7376893932825177      -0.5094033732714089          0
  96.211944      56.289757      -0.0000000000000000       0.0000000000000000        401
  99.805295      56.714433      -0.0000000000000000       0.0000000000000000        401
  103.446914      57.116706      -0.0000000000000000       0.0000000000000000        401
  107.135920      57.494646      -0.0000000000000000       0.0000000000000000        401
  110.870942      57.846368      -0.0000000000000000       0.0000000000000000        401
  114.650089      58.170049      -0.2270096639806297       0.1383673573839214          0
  118.470924      58.463956      -0.0359725650618911       0.0247008213717216          0
  122.330456      58.726460      -0.0000000000000000       0.0000000000000000        401
  126.225145      58.956065      -0.0000000000000000       0.0000000000000000        401
  22.823613      41.549251      -0.0000000000000000       0.0000000000000000          0
  25.621693      41.995904      -0.0000000000000000       0.0000000000000000        338
  28.435475      42.457312      -0.0000000000000000       0.0000000000000000        520
  31.266185      42.932447      -1.2275173822989873       0.1389495165255698        715
  34.115104      43.420230      -0.0000000000000000       0.0000000000000000        551
  36.983563      43.919534      -0.0000000000000000       0.0000000000000000        551
  39.872945      44.429186      -2.0370151298848196       0.1038313699296334        503
  42.784683      44.947962      -2.1808117349732283       0.1420886440400366        503
  45.720252      45.474589      -2.3200839163444638       0.1869582793649616        503
  48.681165      46.007746      -2.4543893828463155       0.2386571418874006        503
  51.668969      46.546060      -2.5832708252873200       0.2973833228366596        503
  54.685236      47.088108      -2.7062551281479506       0.3633120944143109        503
  57.731551      47.632417      -2.8228527840177593       0.4365915301181990        503
  60.809502      48.177464      -0.0000000000000000       0.0000000000000000        390
  63.920666      48.721676      -0.0000000000000000       0.0000000000000000        458
  67.066595      49.263429      -0.0000000000000000       0.0000000000000000        458
  70.248791      49.801054      -0.0000000000000000       0.0000000000000000        460
  73.468692      50.332834      -3.0762649490774612       0.4135578351973211        501
  76.727640      50.857011      -3.1972009867845017       0.5156464824164492        501
  80.026861      51.371785       4.4388102858461798      -1.4327879063209727        580
  83.367431      51.875322      -1.3580272259705644       1.1887565487969209        606
  86.750244      52.365760      -1.0494127806521543       1.3040028508313222        606
  90.175979      52.841211       3.5501959261720990      -2.1426846212009165        580
  93.645063      53.299777       2.8694318695015451      -2.0571841461903695          0
  97.157635      53.739554      -0.2106481291637597      -0.1510840563106650          0
  100.713507      54.158647       0.2511051890585396       1.5992690797556244        606
  104.312131      54.555180      -0.0000000000000000       0.0000000000000000        401
  107.952568      54.927314      -0.0000000000000000       0.0000000000000000        401
  111.633455      55.273263      -1.8721651674113389       1.0324676659356418          0
  115.352989      55.591309      -2.0441329611612256       1.2687153912750300          0
  119.108909      55.879824      -1.1944807436540774       0.8226103519233604          0
  122.898498      56.137285      -0.5397329060488185       0.4078439507946277          0
  126.718583      56.362300      -0.1312657212245351       0.1090302972457673          0
  23.513362      38.995746      -1.1733876696173153       0.0749518380092256        715
  26.340011      39.446203      -0.0000000000000000       0.0000000000000000        521
  29.181335      39.911281      -0.0000000000000000       0.0000000000000000        521
  32.038479      40.389912      -1.2316932038816550       0.1745594453290277        715
  34.912634      40.880980      -1.2452622029708373       0.2105570163956356        715
  37.805037      41.383323      -0.0000000000000000       0.0000000000000000        526
  40.716966      41.895729      -0.0000000000000000       0.0000000000000000        551
  43.649741      42.416940      -0.0000000000000000       0.0000000000000000        551
  46.604714      42.945651      -2.3608680731465173       0.3871585831235941        503
  49.583268      43.480508      -2.4940219571336995       0.4371698856276552        503
  52.586809      44.020111      -2.6214682249510153       0.4940246009821990        503
  55.616753      44.563010      -2.7427364094880482       0.5578839327509657        503
  58.674525      45.107710      -2.8573429129039387       0.6288798426346595        503
  61.761539      45.652670      -2.9647910846943937       0.7071104617446736        503
  64.879188      46.196302      -0.0000000000000000       0.0000000000000000        466
  68.028830      46.736977      -0.0000000000000000       0.0000000000000000        459
  71.211769      47.273020      -0.0000000000000000       0.0000000000000000        460
  74.429234      47.802719       3.1620829404167003      -0.3032791443623731        590
  77.682357      48.324326       3.3296101122226300      -0.3966807886749374        590
  80.972154      48.836059      -3.3391505099208345       0.8337787404280909        501
  84.299492      49.336111       4.0801316524800484      -1.4721051404231575        580
  87.665066      49.822652       3.7815269421419213      -1.6986906884150061        580
  91.069367      50.293838      -0.6502088916792179       1.1020963883487873        606
  94.512655      50.747823      -0.3291995359324506       1.1803889176979114        606
  97.994927      51.182760      -0.0033513935493793       1.2415058402556329        606
  101.515889      51.596823      -2.9668990171888541       1.3279255215645303          0
  105.074928      51.988211      -2.4632183403447949       1.2007867228781974          0
  108.671086      52.355166      -3.2112397291524166       1.6989889193390875          0
  112.303043      52.695987      -3.7851575477523403       2.1734033747555124        501
  115.969099      53.009046      -2.3690102343798816       1.4708775556957920          0
  119.667171      53.292805      -1.2964399642318742       0.8804525832186672          0
  123.394785      53.545834      -0.5798884483852695       0.4279104637088598          0
  127.149094      53.766825      -0.1105810781153999       0.0886421178857585          0
  24.155004      36.438464      -1.1786979699138735       0.1130080792954141        715
  27.007516      36.892397      -1.2005075298348145       0.1432998025015083        715
  29.873658      37.360815      -1.2194248762215505       0.1749786606582561        715
  32.754497      37.842614      -1.2353648406243729       0.2080382770519832        715
  35.651140      38.336644      -0.0000000000000000       0.0000000000000000        522
  38.564737      38.841708      -0.0000000000000000       0.0000000000000000        522
  41.496472      39.356563      -0.0000000000000000       0.0000000000000000        526
  44.447561      39.879920      -0.0000000000000000       0.0000000000000000        526
  47.419249      40.410442      -2.3979303932899976       0.5832041989791763        503
  50.412801      40.946749      -2.5299208428610260       0.6310768428601633        503
  53.429498      41.487415      -2.6559460053942505       0.6855927060851488        503
  56.470624      42.030971      -2.7755401830242485       0.7469018533954823        503
  59.537462      42.575901      -2.8882276430799965       0.8151235427318790        503
  62.631280      43.120651      -2.9935229988070517       0.8903418042758359        503
  65.753315      43.663623      -0.0000000000000000       0.0000000000000000        466
  68.904765      44.203182      -0.0000000000000000       0.0000000000000000        466
  72.086766      44.737655      -0.0000000000000000       0.0000000000000000        459
  75.300381      45.265336      -3.1454873397160585       0.8331279016526842        501
  78.546572      45.784488      -3.2602267645027991       0.9283355411273090        501
  81.826187      46.293351      -3.3655217652444263       1.0323144069302077        501
  85.139933      46.790141      -3.4607148657758486       1.1449401197153817        501
  88.488350      47.273064      -3.5451479131463666       1.2660111805951995        501
  91.871793      47.740316      -3.6181682178686581       1.3952433278600953        501
  95.290401      48.190098      -0.2564860646575277       0.8689865286554614        606
  98.744076      48.620620       0.0667918019218137       0.9263501042118019        606
  102.232457      49.030115       0.3930680603825784       0.9662357990130605        606
  105.754901      49.416850       0.7210483593268744       0.9877652720071732        606
  109.310464      49.779140      -3.9962947840933181       2.3640441204194604        607
  112.897883      50.115359      -2.3613803968824572       1.3047851937580384          0
  116.515571      50.423958      -1.7217755899260339       1.0362247247555869          0
  120.161609      50.703478      -0.9634256303490827       0.6184544866745461          0
  123.833751      50.952565      -0.3719798786097085       0.2435473425076695          0
  127.529431      51.169988       0.0604306042866410      -0.0719349941448045          0
  24.755656      33.877968      -1.1835350950605892       0.1494907410301110        715
  27.631747      34.335099      -1.2048852195068402       0.1781292493152312        715
  30.520410      34.806579      -1.2232732739926335       0.2081296704367983        715
  33.422639      35.291270      -1.2386169816396382       0.2394871187996132        715
  36.339466      35.787991      -0.0000000000000000       0.0000000000000000          0
  39.271960      36.295513      -0.0000000000000000       0.0000000000000000          0
  42.221218      36.812563      -2.1534130065155273       0.7028852761707638        503
  45.188365      37.337824      -0.0000000000000000       0.0000000000000000        505
  48.174548      37.869932      -0.0000000000000000       0.0000000000000000        505
  51.180928      38.407485      -2.5626895846221283       0.8202943059073911        503
  54.208676      38.949033      -2.6873142685902875       0.8720565018251389        503
  57.258962      39.493089      -2.8052792443143177       0.9303902516344289        503
  60.332948      40.038123      -2.9161180996721203       0.9954052033784313        503
  63.431774      40.582569      -3.0193579140563997       1.0671747829778315        503
  66.556548      41.124824      -3.1145202476353200       1.1457318566763555        503
  69.708332      41.663248      -0.0000000000000000       0.0000000000000000        466
  72.888126      42.196172      -0.0000000000000000       0.0000000000000000        466
  76.096853      42.721898      -0.0000000000000000       0.0000000000000000        459
  79.335343      43.238704      -3.2865398988892829       1.1238457572626968        501
  82.604308      43.744849      -3.3888981063341554       1.2232718386690609        501
  85.904329      44.238576      -3.4810416154825758       1.3309416171828288        501
  89.235832      44.718122      -3.5623529916897718       1.4466414611832203        501
  92.599068      45.181724      -3.6322248550322471       1.5700785791673604        501
  95.994092      45.627626      -3.6900667736286232       1.7008770768836028        501
  99.420743      46.054090      -3.7353131188628064       1.8385749571795440        501
  102.878623      46.459405      -3.7674318202229502       1.9826223017865514        501
  106.367084      46.841899       1.9153022364211543      -2.0663937477157210        451
  109.885212      47.199951      -1.1682508007286878       0.4630220905892236          0
  113.431813      47.532003      -1.1366498081284520       0.5238008561826669          0
  117.005413      47.836576      -0.9074903622038879       0.4614539046723706          0
  120.604248      48.112278      -0.4448618314163312       0.2080561422458894          0
  124.226276      48.357825      -0.0170822959027262      -0.0709166701021972          0
  127.869184      48.572049       0.3276205234833055      -0.3284386229160355          0
  25.321273      31.314727      -1.1879711748495665       0.1844350176962318        715
  28.218998      31.774822      -1.2088730232915692       0.2112823507533204        715
  31.128230      32.249127      -1.2267479565063673       0.2394658108351649        715
  34.049898      32.736477      -1.2415168484337231       0.2689826544746923        715
  36.984962      33.235660      -1.2531036156420901       0.2998204122637534        715
  39.934416      33.745417      -0.0000000000000000       0.0000000000000000          0
  42.899280      34.264449      -0.0000000000000000       0.0000000000000000          0
  45.880595      34.791412      -0.0000000000000000       0.0000000000000000          0
  48.879422      35.324920      -0.0000000000000000       0.0000000000000000        505
  51.896831      35.863548      -0.0000000000000000       0.0000000000000000        505
  54.933895      36.405829      -0.0000000000000000       0.0000000000000000        505
  57.991686      36.950259      -0.0000000000000000       0.0000000000000000        505
  61.071260      37.495296      -2.9415011216360725       1.1697440553219292        503
  64.173649      38.039367      -3.0427748492661699       1.2376789815573570        503
  67.299850      38.580861      -3.1358033488378991       1.3121492652816502        503
  70.450813      39.118142      -0.0000000000000000       0.0000000000000000        467
  73.627425      39.649543      -0.0000000000000000       0.0000000000000000        467
  76.830497      40.173377      -0.0000000000000000       0.0000000000000000          0
  80.060747      40.687936      -0.0000000000000000       0.0000000000000000          0
  83.318784      41.191500      -3.4098121111217994       1.4068640928064582        501
  86.605090      41.682337      -3.4991319161969137       1.5092113282657673        501
  89.920003      42.158718      -3.5775694428280462       1.6191982907323159        501
  93.263700      42.618914      -3.6445589961719334       1.7365289318368595        501
  96.636175      43.061212      -3.6995550866525502       1.8608284452474240        501
  100.037230      43.483922      -3.7420396789539199       1.9916411216311944        501
  103.466452      43.885385       2.2233334809218106      -1.6420154546462311        456
  106.923204      44.263983       0.7395378515733500      -0.7476327985499267          0
  110.406612      44.618155       0.0834099718946476      -0.3197139369111530          0
  113.915558      44.946403       0.0808624869752488      -0.2904439634137570          0
  117.448675      45.247308       0.0891290420215493      -0.2656507020131171          0
  121.004349      45.519542       0.1998852014353333      -0.3121882532657168          0
  124.580722      45.761879       0.4230209804848842      -0.4670014195799002          0
  128.175703      45.973208       0.6272346085529622      -0.6313865120591186          0
  25.856885      28.749138      -1.1920652155525762       0.2178613349889644        715
  28.774581      29.211995      -1.2125288786977195       0.2427915853051012        715
  31.702716      29.688925      -1.2299051701531800       0.2690319170072397        715
  34.642155      30.178735      -1.2441183311285919       0.2965823306081057        715
  37.593798      30.680184      -1.2550962507188395       0.3254328252481189        715
  40.558567      31.191987      -0.0000000000000000       0.0000000000000000          0
  43.537412      31.712820      -0.0000000000000000       0.0000000000000000          0
  46.531300      32.241316      -0.0000000000000000       0.0000000000000000          0
  49.541215      32.776067      -0.0000000000000000       0.0000000000000000          0
  52.568144      33.315628      -0.0000000000000000       0.0000000000000000        505
  55.613079      33.858518      -0.0000000000000000       0.0000000000000000        505
  58.677002      34.403218      -0.0000000000000000       0.0000000000000000        505
  61.760880      34.948178      -0.0000000000000000       0.0000000000000000        506
  64.865653      35.491815      -3.0641578886575971       1.4018662230988976        503
  67.992224      36.032520      -0.0000000000000000       0.0000000000000000        301
  71.141449      36.568654      -0.0000000000000000       0.0000000000000000          0
  74.314121      37.098561      -0.0000000000000000       0.0000000000000000          0
  77.510959      37.620561      -0.0000000000000000       0.0000000000000000          0
  80.732592      38.132963      -0.0000000000000000       0.0000000000000000          0
  83.979547      38.634067      -3.4286819696582795       1.5832116011807025        501
  87.252229      39.122168      -3.5153731447600620       1.6799141002953983        501
  90.550912      39.595565      -3.5911492538600882       1.7838876024583228        501
  93.875716      40.052566      -3.6554830477558706       1.8948370370050087        501
  97.226600      40.491498      -0.0000000000000000       0.0000000000000000          0
  100.603342      40.910714      -0.0000000000000000       0.0000000000000000          0
  104.005530      41.308602       2.1664940213101147      -1.3487967948670285        457
  107.432548      41.683596       0.9751758984135214      -0.6408209023450356          0
  110.883573      42.034189       0.7998309843061839      -0.5897564802951287          0
  114.357561      42.358936       0.7955052219321062      -0.6282021420279229          0
  117.853253      42.656475       0.7910406360401493      -0.6678576150740188          0
  121.369171      42.925533       0.7877562423501749      -0.7062516820025921          0
  124.903625      43.164935       0.7983830985513816      -0.7424557921719551          0
  128.454722      43.373621       0.8144048336304663      -0.7746209597666796          0
  26.366787      26.181540      -1.1958659500638900       0.2497783919181768        715
  29.303022      26.646985      -1.2159003500489551       0.2726766056388092        715
  32.248626      27.126368      -1.2327907758476593       0.2968588399513866        715
  35.204408      27.618467      -1.2464650204260135       0.3223283932102162        715
  38.171206      28.122015      -1.2568550990367020       0.3490783131423375        715
  41.149883      28.635704      -0.0000000000000000       0.0000000000000000          0
  44.141322      29.158184      -0.0000000000000000       0.0000000000000000          0
  47.146425      29.688068      -0.0000000000000000       0.0000000000000000          0
  50.166106      30.223929      -0.0000000000000000       0.0000000000000000          0
  53.201281      30.764304      -0.0000000000000000       0.0000000000000000        505
  56.252868      31.307699      -0.0000000000000000       0.0000000000000000        505
  59.321773      31.852583      -0.0000000000000000       0.0000000000000000        505
  62.408886      32.397397      -0.0000000000000000       0.0000000000000000      50601
  65.515068      32.940556      -0.0000000000000000       0.0000000000000000      50601
  68.641144      33.480448      -0.0000000000000000       0.0000000000000000      50601
  71.787889      34.015439      -0.0000000000000000       0.0000000000000000          0
  74.956021      34.543877      -0.0000000000000000       0.0000000000000000          0
  78.146182      35.064097      -0.0000000000000000       0.0000000000000000          0
  81.358931      35.574423      -0.0000000000000000       0.0000000000000000          0
  84.594729      36.073174      -0.0000000000000000       0.0000000000000000          0
  87.853924      36.558672      -3.5300715903539732       1.8431366050340403        501
  91.136740      37.029244      -3.6033689270694680       1.9408306511982305        501
  94.443262      37.483232      -3.6652406349757851       2.0451551023306034        501
  97.773423      37.919001       1.4790256721565951      -0.1628488987264408        602
  101.126993      38.334944      -0.0000000000000000       0.0000000000000000          0
  104.503572      38.729495       1.4889172178019603      -0.6043426162115180          0
  107.902575      39.101134       1.1476930584284060      -0.4357519438752771          0
  111.323229      39.448402       1.1132265270376007      -0.4723462654468897          0
  114.764570      39.769906       1.0511225278576282      -0.5314522372512675          0
  118.225439      40.064333       0.9918831113301798      -0.5868668419512744          0
  121.704485      40.330458       0.9534084212785408      -0.6341279054864427          0
  125.200171      40.567156       0.9377418298858093      -0.6719528581810907          0
  128.710785      40.773412       0.9405236623973909      -0.7028197691397090          0
  26.854683      23.612222      -1.1994139885815793       0.2801855679167409        715
  29.808219      24.080108      -1.2190268267591680       0.3009468808653876        715
  32.770055      24.561795      -1.2354424812546965       0.3229663414033143        715
  35.740945      25.056036      -1.2485924578808869       0.3462510532927071        715
  38.721672      25.561540      -1.2584130288213808       0.3707976403603188        715
  41.713043      26.076976      -0.0000000000000000       0.0000000000000000          0
  44.715883      26.600971      -0.0000000000000000       0.0000000000000000          0
  47.731035      27.132119      -0.0000000000000000       0.0000000000000000          0
  50.759349      27.668976      -0.0000000000000000       0.0000000000000000          0
  53.801681      28.210064      -0.0000000000000000       0.0000000000000000          0
  56.858883      28.753875      -0.0000000000000000       0.0000000000000000        505
  59.931796      29.298870      -0.0000000000000000       0.0000000000000000        505
  63.021242      29.843484      -0.0000000000000000       0.0000000000000000      50601
  66.128017      30.386127      -0.0000000000000000       0.0000000000000000      50601
  69.252878      30.925188      -0.0000000000000000       0.0000000000000000          0
  72.396535      31.459039      -0.0000000000000000       0.0000000000000000          0
  75.559641      31.986035      -0.0000000000000000       0.0000000000000000          0
  78.742779      32.504523      -0.0000000000000000       0.0000000000000000          0
  81.946451      33.012844      -0.0000000000000000       0.0000000000000000          0
  85.171067      33.509337      -0.0000000000000000       0.0000000000000000          0
  88.416931      33.992347      -3.5434724012759871       1.9989058732614711        501
  91.684231      34.460232      -3.6144484110676940       2.0900844538064494        501
  94.973029      34.911364      -0.0000000000000000       0.0000000000000000          0
  98.283246      35.344145      -0.0000000000000000       0.0000000000000000          0
  101.614655      35.757006       1.4610044180951542      -0.2146373708884684        602
  104.966873      36.148422       1.4484251613171302      -0.3425082039595830          0
  108.339351      36.516918       1.4116649591488524      -0.3191320521175434          0
  111.731373      36.861079       1.3807037025898692      -0.3706028928813324          0
  115.142048      37.179558       1.2846076168705347      -0.4408923985796299          0
  118.570317      37.471087       1.1720294473038519      -0.5116549526629761          0
  122.014946      37.734487       1.1039750933591770      -0.5655779903562005          0
  125.474540      37.968677       1.0674022961020082      -0.6069059236808179          0
  128.947547      38.172680       1.0491569827763061      -0.6414848846495000          0
  27.323802      21.041438      -1.2027434601006011       0.3090748398738736        715
  30.293565      21.511636      -1.2219411927375434       0.3276037945185179        715
  33.270557      21.995500      -1.2378915266215780       0.3473653855687445        715
  36.255484      22.491757      -1.2505298249472980       0.3683709853564986        715
  39.249075      22.999094      -1.2597967318539045       0.3906212715464295        715
  42.252088      23.516155      -0.0000000000000000       0.0000000000000000          0
  45.265295      24.041552      -0.0000000000000000       0.0000000000000000          0
  48.289485      24.573858      -0.0000000000000000       0.0000000000000000          0
  51.325455      25.111612      -0.0000000000000000       0.0000000000000000          0
  54.374005      25.653325      -0.0000000000000000       0.0000000000000000          0
  57.435930      26.197477      -0.0000000000000000       0.0000000000000000      50602
  60.512015      26.742521      -0.0000000000000000       0.0000000000000000      50602
  63.603025      27.286886      -0.0000000000000000       0.0000000000000000      50602
  66.709699      27.828982      -0.0000000000000000       0.0000000000000000      50601
  69.832737      28.367199      -0.0000000000000000       0.0000000000000000          0
  72.972797      28.899914      -0.0000000000000000       0.0000000000000000          0
  76.130479      29.425491      -0.0000000000000000       0.0000000000000000          0
  79.306315      29.942290      -0.0000000000000000       0.0000000000000000          0
  82.500765      30.448667      -0.0000000000000000       0.0000000000000000          0
  85.714199      30.942984      -0.0000000000000000       0.0000000000000000          0
  88.946889      31.423609      -0.0000000000000000       0.0000000000000000          0
  92.199000      31.888925      -3.6245646925680282       2.2316574111496252        501
  95.470579      32.337337      -3.6819876041502750       2.3221057405849836        502
  98.761544      32.767281      -0.0000000000000000       0.0000000000000000          0
  102.071679      33.177223       1.5432445424794601      -0.3353938135092754          0
  105.400624      33.565679       1.4313759472957770      -0.2725762865547201          0
  108.747871      33.931213       1.3987359241516604      -0.3155191123675768          0
  112.112760      34.272452       1.3679553035531806      -0.3589162215123206          0
  115.494475      34.588092       1.3359340739780960      -0.4036026524995118          0
  118.892048      34.876906       1.2995728929492203      -0.4504983417993614          0
  122.304357      35.137758       1.2357710418579875      -0.5023383348936187          0
  125.730136      35.369603       1.1747473186022330      -0.5487745750356918          0
  129.167981      35.571505       1.1280357535935042      -0.5892118877569408          0
  27.776986      18.469411      -1.2058832785943798       0.3364323168645250        715
  30.762043      18.941811      -1.2246711074307248       0.3526423190937869        715
  33.753255      19.427741      -1.2401639710843257       0.3700599629701948        715
  36.751282      19.925904      -1.2523012236368645       0.3887013100445341        715
  39.756809      20.434966      -1.2610279861016549       0.4085715223779132        715
  42.770545      20.953551      -0.0000000000000000       0.0000000000000000          0
  45.793217      21.480250      -0.0000000000000000       0.0000000000000000          0
  48.825565      22.013620      -1.8214527854973221       1.0826140101899648        710
  51.868338      22.552188      -0.0000000000000000       0.0000000000000000          0
  54.922288      23.094450      -0.0000000000000000       0.0000000000000000          0
  57.988160      23.638876      -0.0000000000000000       0.0000000000000000      50602
  61.066692      24.183914      -0.0000000000000000       0.0000000000000000      50602
  64.158600      24.727990      -0.0000000000000000       0.0000000000000000      50602
  67.264574      25.269512      -0.0000000000000000       0.0000000000000000          0
  70.385269      25.806872      -0.0000000000000000       0.0000000000000000          0
  73.521296      26.338454      -0.0000000000000000       0.0000000000000000          0
  76.673214      26.862633      -0.0000000000000000       0.0000000000000000          0
  79.841518      27.377780      -0.0000000000000000       0.0000000000000000          0
  83.026632      27.882269      -0.0000000000000000       0.0000000000000000          0
  86.228895      28.374480      -0.0000000000000000       0.0000000000000000          0
  89.448560      28.852805      -0.0000000000000000       0.0000000000000000          0
  92.685775      29.315656      -0.0000000000000000       0.0000000000000000          0
  95.940582      29.761466      -3.6892550912910669       2.4487651318066397        502
  99.212903      30.188701       1.5494020944988114      -0.2722182728799520        603
  102.502539      30.595866       1.4681590576011423      -0.2621379786269286          0
  105.809158      30.981511       1.4219266843074647      -0.2790501255892192          0
  109.132295      31.344239       1.3888983779525943      -0.3099209388488708          0
  112.471345      31.682715       1.3586054066082838      -0.3455153481797338          0
  115.825566      31.995674       1.3270440504115664      -0.3843693627314948          0
  119.194077      32.281930       1.2917945359729783      -0.4259728869926067          0
  122.575862      32.540382       1.2481291528764824      -0.4698190545655433          0
  125.969772      32.770025       1.1977624378106140      -0.5117674731241444          0
  129.374540      32.969953       1.1439104244433262      -0.5527823374599435          0
  28.216770      15.896339      -1.2088581293152363       0.3622394731067378        701
  31.216304      16.370845      -1.2272399982114539       0.3760523573656168        715
  34.220917      16.858745      -1.2422816831632890       0.3910485472703467        715
  37.231225      17.358721      -1.2539266561435523       0.4072491735050429        715
  40.247873      17.869414      -1.2621246143923806       0.4246642682541785        715
  43.271525      18.389432      -0.0000000000000000       0.0000000000000000          0
  46.302868      18.917348      -0.0000000000000000       0.0000000000000000          0
  49.342600      19.451702      -0.0000000000000000       0.0000000000000000          0
  52.391426      19.991008      -0.0000000000000000       0.0000000000000000          0
  55.450057      20.533751      -0.0000000000000000       0.0000000000000000          0
  58.519196      21.078395      -0.0000000000000000       0.0000000000000000          0
  61.599538      21.623380      -0.0000000000000000       0.0000000000000000          0
  64.691758      22.167130      -0.0000000000000000       0.0000000000000000          0
  67.796507      22.708053      -0.0000000000000000       0.0000000000000000          0
  70.914402      23.244546      -0.0000000000000000       0.0000000000000000          0
  74.046018      23.774998      -0.0000000000000000       0.0000000000000000          0
  77.191878      24.297795      -0.0000000000000000       0.0000000000000000          0
  80.352448      24.811321      -0.0000000000000000       0.0000000000000000          0
  83.528126      25.313967      -0.0000000000000000       0.0000000000000000          0
  86.719232      25.804134      -0.0000000000000000       0.0000000000000000          0
  89.926002      26.280235      -0.0000000000000000       0.0000000000000000          0
  93.148578      26.740708      -0.0000000000000000       0.0000000000000000          0
  96.387003      27.184016       1.5662304665890634      -0.2220195269251639        603
  99.641210      27.608656      -0.0000000000000000       0.0000000000000000          0
  102.911019      28.013164       1.4618142603073903      -0.2697813128161264          0
  106.196131      28.396125       1.4123699023325125      -0.2786263907169475          0
  109.496123      28.756180       1.3811536985035313      -0.3007155814197405          0
  112.810450      29.092028       1.3526891561620087      -0.3296627273038923          0
  116.138439      29.402443       1.3222922726712691      -0.3634238070575625          0
  119.479291      29.686275       1.2875182141498529      -0.4009258597391204          0
  122.832090      29.942457       1.2442490175422578      -0.4415965131908886          0
  126.195798      30.170017       1.1952815253490476      -0.4809867813769493          0
  129.569272      30.368082      -7.0676283609022805       0.9757878427778406        801
  28.645437      13.322399      -1.2116892440609000       0.3864741395391516        701
  31.658736      13.798931      -1.2296678357202149       0.3978198181114893        701
  34.676030      14.288719      -1.2442631095638517       0.4103252606196307        715
  37.697899      14.790424      -1.2554227797390067       0.4240170076615314        715
  40.724948      15.302668      -1.2631012172162150       0.4389103044964929        715
  43.757804      15.824041      -0.0000000000000000       0.0000000000000000          0
  46.797116      16.353097      -1.2326455755879600       1.0248042743613734        709
  49.843545      16.888364      -1.1973592181579589       1.0468672981698315        709
  52.897759      17.428343      -1.1585855626572916       1.0694902496205259        709
  55.960431      17.971509      -1.1163995657196000       1.0925619261412765        709
  59.032230      18.516318      -0.0000000000000000       0.0000000000000000          0
  62.113815      19.061207      -0.0000000000000000       0.0000000000000000          0
  65.205828      19.604598      -0.0000000000000000       0.0000000000000000          0
  68.308885      20.144899      -0.0000000000000000       0.0000000000000000          0
  71.423572      20.680514      -0.0000000000000000       0.0000000000000000          0
  74.550435      21.209837      -0.0000000000000000       0.0000000000000000          0
  77.689972      21.731265      -0.0000000000000000       0.0000000000000000          0
  80.842626      22.243197      -0.0000000000000000       0.0000000000000000          0
  84.008776      22.744040      -0.0000000000000000       0.0000000000000000          0
  87.188729      23.232213      -0.0000000000000000       0.0000000000000000          0
  90.382712      23.706154      -0.0000000000000000       0.0000000000000000          0
  93.590868      24.164325      -0.0000000000000000       0.0000000000000000          0
  96.813244      24.605217       1.5639352270630946      -0.2164619060095811        603
  100.049790      25.027356       1.5089649853775229      -0.1950581719961056      60301
  103.300349      25.429310       1.4555122417380391      -0.2375000471790751      60405
  106.564657      25.809698       1.3999008632896506      -0.2727259180052125          0
  109.842337      26.167193       1.3755285349236659      -0.2869483137301200          0
  113.132898      26.500531       1.3509654435637477      -0.3103574570215198          0
  116.435736      26.808519       1.3224654215861422      -0.3400551479601549          0
  119.750133      27.090039       1.2867489630585704      -0.3753734625554242          0
  123.075265      27.344061      -0.0000000000000000       0.0000000000000000          0
  126.410197      27.569641      -0.0000000000000000       0.0000000000000000          0
  129.753902      27.765937      -7.0693560723408329       1.0401628812377266        801
  29.065073      10.747756      -1.2143950156240941       0.4091112993677382        701
  32.091510      11.226242      -1.2319717441396700       0.4179274770483262        701
  35.120854      11.717847      -1.2461238758084137       0.4278808042786932        715
  38.153647      12.221211      -1.2568034917406592       0.4390035346052992        712
  41.190459      12.734936      -0.0000000000000000       0.0000000000000000          0
  44.231886      13.257593      -1.2596601197437598       0.9912289713991850        709
  47.278540      13.787724      -1.2272986421910350       1.0102571682372141        709
  50.331051      14.323841      -1.1913956523354372       1.0300177582654517        709
  53.390057      14.864434      -1.1520247370353900       1.0504167431151450        709
  56.456197      15.407971      -1.1092675637941900       1.0713473521020511        709
  59.530111      15.952899      -0.0000000000000000       0.0000000000000000          0
  62.612428      16.497653      -0.0000000000000000       0.0000000000000000          0
  65.703761      17.040654      -0.0000000000000000       0.0000000000000000          0
  68.804701      17.580313      -0.0000000000000000       0.0000000000000000          0
  71.915809      18.115037      -0.0000000000000000       0.0000000000000000          0
  75.037608      18.643230      -0.0000000000000000       0.0000000000000000          0
  78.170576      19.163299      -0.0000000000000000       0.0000000000000000          0
  81.315141      19.673657      -0.0000000000000000       0.0000000000000000          0
  84.471668      20.172728      -0.0000000000000000       0.0000000000000000          0
  87.640458      20.658950      -0.0000000000000000       0.0000000000000000          0
  90.821736      21.130785      -0.0000000000000000       0.0000000000000000          0
  94.015649      21.586718      -0.0000000000000000       0.0000000000000000          0
  97.222254      22.025266       1.5616513972067487      -0.2093252506340953        603
  100.441521      22.444985       1.5027773441916958      -0.1581485604960539      60301
  103.673320      22.844474       1.4490761204008276      -0.1968843223063410        604
  106.917423      23.222382       1.3905351965112263      -0.2351493391544318      60405
  110.173498      23.577415       1.3764790644527265      -0.2633544215922895          0
  113.441111      23.908341       1.3566685213441458      -0.2853637427546018          0
  116.719724      24.214001       1.3276587549495869      -0.3144558836391033        612
  120.008696      24.493308      -0.0000000000000000       0.0000000000000000          0
  123.307287      24.745263      -6.9657362980639475       0.7679733286704080        801
  126.614664      24.968951      -7.0300101516024682       0.9314972414168823        801
  129.929903      25.163557      -7.0709346933995274       1.1001166258180355        801
  29.477606       8.172559      -1.2169914884137980       0.4301237215528229        701
  32.516634       8.652941      -1.2341664844884821       0.4363556611053630        701
  35.557468       9.146302      -1.2478772577033119       0.4437031971513982        712
  38.600620       9.651262      -1.2580803842519688       0.4522045626316312        712
  41.646628      10.166407      -0.0000000000000000       0.0000000000000000          0
  44.696057      10.690289      -1.2549574800431140       0.9761058385078170        709
  47.749491      11.221435      -1.2219841823814430       0.9927268562695589        709
  50.807532      11.758347      -1.1854836214472284       1.0101581166319391        709
  53.870788      12.299502      -1.1455359787378006       1.0283102151701917        709
  56.939876      12.843360      -0.0000000000000000       0.0000000000000000          0
  60.015407      13.388366      -0.0000000000000000       0.0000000000000000          0
  63.097988      13.932948      -0.0000000000000000       0.0000000000000000          0
  66.188208      14.475530      -0.0000000000000000       0.0000000000000000          0
  69.286639      15.014525      -0.0000000000000000       0.0000000000000000          0
  72.393821      15.548346      -0.0000000000000000       0.0000000000000000          0
  75.510262      16.075405      -0.0000000000000000       0.0000000000000000          0
  78.636426      16.594121      -0.0000000000000000       0.0000000000000000          0
  81.772729      17.102921      -0.0000000000000000       0.0000000000000000          0
  84.919531      17.600244      -0.0000000000000000       0.0000000000000000          0
  88.077130      18.084551      -0.0000000000000000       0.0000000000000000          0
  91.245754      18.554323      -0.0000000000000000       0.0000000000000000          0
  94.425559      19.008070      -0.0000000000000000       0.0000000000000000          0
  97.616618      19.444336       1.5593739936126059      -0.2006900836294979        603
  100.818920      19.861704       1.4967496445333668      -0.1199037567361126      60401
  104.032367      20.258802       1.4428222631938608      -0.1549313850715654        604
  107.256768      20.634309       1.3841507600653555      -0.1895962650562380        604
  110.491837      20.986962       1.3944309980495877      -0.2264303703449742        612
  113.737195      21.315562      -0.0000000000000000       0.0000000000000000          0
  116.992368      21.618977      -0.0000000000000000       0.0000000000000000          0
  120.256788      21.896155      -6.8858773338859995       0.7190550907028241        801
  123.529800      22.146122      -6.9707913595028161       0.8591070680819261        801
  126.810659      22.367994      -7.0330857360294496       1.0049835911398979        801
  130.098544      22.560979      -7.0723847125082910       1.1556729943528261        801
  29.884843       5.596950      -1.2194927527211730       0.4494824574637446        701
  32.935980       6.079176      -1.2362648390517530       0.4530827844580568        712
  35.987812       6.574242      -1.2495345522550456       0.4577783541167050        712
  39.040820       7.080746      -0.0000000000000000       0.0000000000000000          0
  42.095515       7.597256      -1.2802337106022474       0.9448648260967456        709
  45.152435       8.122311      -1.2502534879292915       0.9580916572724305        709
  48.212140       8.654421      -1.2166830230423182       0.9722813531351882        709
  51.275205       9.192076      -1.1796011351198057       0.9873626507156346        709
  54.342219       9.733746      -0.0000000000000000       0.0000000000000000          0
  57.413774      10.277883      -0.0000000000000000       0.0000000000000000          0
  60.490463      10.822926      -0.0000000000000000       0.0000000000000000          0
  63.572873      11.367303      -0.0000000000000000       0.0000000000000000          0
  66.661576      11.909438      -0.0000000000000000       0.0000000000000000          0
  69.757127      12.447748      -0.0000000000000000       0.0000000000000000          0
  72.860054      12.980651      -0.0000000000000000       0.0000000000000000          0
  75.970853      13.506570      -0.0000000000000000       0.0000000000000000          0
  79.089979      14.023934      -0.0000000000000000       0.0000000000000000          0
  82.217844      14.531185      -0.0000000000000000       0.0000000000000000          0
  85.354804      15.026781      -0.0000000000000000       0.0000000000000000          0
  88.501162      15.509199      -0.0000000000000000       0.0000000000000000          0
  91.657153      15.976943      -0.0000000000000000       0.0000000000000000          0
  94.822943      16.428548      -0.0000000000000000       0.0000000000000000          0
  97.998625      16.862581       1.5570975061084733      -0.1906291756882640      60302
  101.184213      17.277654       1.4908534514401031      -0.0804595820215064      60402
  104.379640      17.672422       1.4367195876609637      -0.1117817576456938        604
  107.584753      18.045595       1.3779339037507410      -0.1428532710120814        604
  110.799313      18.395938      -0.0000000000000000       0.0000000000000000          0
  114.022996      18.722282       1.3585459808909341      -0.2340846462783074        612
  117.255389      19.023525      -0.0000000000000000       0.0000000000000000          0
  120.495997      19.298643      -0.0000000000000000       0.0000000000000000          0
  123.744239      19.546691      -6.9755635292152274       0.9458860029730970        801
  126.999462      19.766809      -7.0359706144993295       1.0740904105487692        801
  130.260934      19.958231      -7.0737230735191492       1.2068403770736857        801
  30.288506       3.021062      -1.2219112631650171       0.4671572190682281        701
  33.351331       3.505092      -1.2382779178072696       0.4680857571842785        712
  36.413724       4.001818      -1.2511053691030818       0.4700905277184340        712
  39.476138       4.509821      -0.0000000000000000       0.0000000000000000          0
  42.539061       5.027651      -1.2761077726529078       0.9265494198179971        709
  45.603008       5.553830      -1.2455315200861108       0.9372476744818332        709
  48.668516       6.086858      -0.0000000000000000       0.0000000000000000          0
  51.736143       6.625213      -0.0000000000000000       0.0000000000000000          0
  54.806456       7.167354      -0.0000000000000000       0.0000000000000000          0
  57.880032       7.711728      -0.0000000000000000       0.0000000000000000          0
  60.957449       8.256772      -0.0000000000000000       0.0000000000000000          0
  64.039277       8.800911      -0.0000000000000000       0.0000000000000000          0
  67.126078       9.342571      -0.0000000000000000       0.0000000000000000          0
  70.218394       9.880173      -0.0000000000000000       0.0000000000000000          0
  73.316746      10.412142      -0.0000000000000000       0.0000000000000000          0
  76.421621      10.936911      -0.0000000000000000       0.0000000000000000          0
  79.533473      11.452921      -0.0000000000000000       0.0000000000000000          0
  82.652712      11.958629      -0.0000000000000000       0.0000000000000000          0
  85.779698      12.452508      -0.0000000000000000       0.0000000000000000          0
  88.914738      12.933058      -0.0000000000000000       0.0000000000000000          0
  92.058080      13.398801      -0.0000000000000000       0.0000000000000000          0
  95.209906      13.848297      -0.0000000000000000       0.0000000000000000          0
  98.370329      14.280138       1.5548159718940648      -0.1792089199081854      60302
  101.539392      14.692961      -0.0000000000000000       0.0000000000000000          0
  104.717058      15.085451       1.4307395430243288      -0.0675695480771595      60402
  107.903215      15.456344       1.3718543492700808      -0.0950589870429163        604
  111.097671      15.804434       0.5843005972029083      -8.9567761574222917        669
  114.300155      16.128581      -0.0000000000000000       0.0000000000000000          0
  117.510315      16.427712       1.3180430065760955      -0.2337160362837922        613
  120.727723      16.700830      -0.0000000000000000       0.0000000000000000          0
  123.951875      16.947015      -6.9800911822671887       1.0282579052413146        801
  127.182198      17.165433      -7.0386900475408121       1.1387907258418304        801
  130.418049      17.355340      -7.0749638803463650       1.2536154163243138        801
  30.690256       0.445025      -1.2242580967162819       0.4831166514897050        701
  33.764400       0.930824      -1.2402154023346930       0.4813402813546812        712
  36.836966       1.429175      -1.2525978579557018       0.4806226301642004        712
  39.908383       1.938638      -1.2613763643350564       0.4810211140252415        713
  42.979118       2.457748      -0.0000000000000000       0.0000000000000000          0
  46.049666       2.985012      -0.0000000000000000       0.0000000000000000          0
  49.120548       3.518916      -0.0000000000000000       0.0000000000000000          0
  52.192305       4.057928      -0.0000000000000000       0.0000000000000000          0
  55.265489       4.600501      -0.0000000000000000       0.0000000000000000          0
  58.340665       5.145075      -0.0000000000000000       0.0000000000000000          0
  61.418399       5.690084      -0.0000000000000000       0.0000000000000000          0
  64.499252       6.233953      -0.0000000000000000       0.0000000000000000          0
  67.583777       6.775109      -0.0000000000000000       0.0000000000000000          0
  70.672511       7.311980      -0.0000000000000000       0.0000000000000000          0
  73.765968       7.842997      -0.0000000000000000       0.0000000000000000          0
  76.864637       8.366603      -0.0000000000000000       0.0000000000000000          0
  79.968970       8.881252      -0.0000000000000000       0.0000000000000000          0
  83.079381       9.385416      -0.0000000000000000       0.0000000000000000          0
  86.196237       9.877586      -0.0000000000000000       0.0000000000000000          0
  89.319855      10.356278      -0.0000000000000000       0.0000000000000000          0
  92.450497      10.820040      -0.0000000000000000       0.0000000000000000          0
  95.588365      11.267452      -0.0000000000000000       0.0000000000000000          0
  98.733596      11.697132       1.4840895725813363      -0.0796737405828739        647
  101.886259      12.107742       1.4681458480914225      -0.0984169865368374      64701
  105.046355      12.497993       1.4248555728091801      -0.0224234199642770      60402
  108.213811      12.866649       1.3658841410150970      -0.0463471148869894      60402
  111.388481      13.212534      -3.8682531960443836      -6.9724691410737902        667
  114.570146      13.534533      -4.2287204890028161      -7.0197754398414585        670
  117.758515      13.831600       1.3149723691154507      -0.2046219466861622        613
  120.953225      14.102765      -0.0000000000000000       0.0000000000000000          0
  124.153844      14.347134      -6.9844073064713301       1.1061572840361349        801
  127.359876      14.563897      -7.0412655538662552       1.1990463898861239        801
  130.570763      14.752331      -7.0761189373054503       1.2959859827295941        801
  31.091725      -2.131033      -1.2265431618304095       0.4973285081339466        701
  34.176867      -1.643491      -1.2420857386365192       0.4928210443634801        701
  37.259260      -1.143546      -1.2540188832951051       0.4893564471771650        713
  40.339316      -0.632655      -1.2623185863061193       0.4869988264146226        713
  43.417483      -0.112299      -0.0000000000000000       0.0000000000000000          0
  46.494240       0.416013      -0.0000000000000000       0.0000000000000000          0
  49.570094       0.950756      -0.0000000000000000       0.0000000000000000          0
  52.645573       1.490389      -0.0000000000000000       0.0000000000000000          0
  55.721222       2.033356      -0.0000000000000000       0.0000000000000000          0
  58.797595       2.578094      -0.0000000000000000       0.0000000000000000          0
  61.875250       3.123033      -0.0000000000000000       0.0000000000000000          0
  64.954743       3.666600      -0.0000000000000000       0.0000000000000000          0
  68.036625       4.207224      -0.0000000000000000       0.0000000000000000          0
  71.121429       4.743337      -0.0000000000000000       0.0000000000000000          0
  74.209672       5.273382      -0.0000000000000000       0.0000000000000000          0
  77.301842       5.795809      -0.0000000000000000       0.0000000000000000          0
  80.398396       6.309086      -0.0000000000000000       0.0000000000000000          0
  83.499757       6.811700      -0.0000000000000000       0.0000000000000000          0
  86.606302       7.302159      -0.0000000000000000       0.0000000000000000          0
  89.718362       7.779001      -0.0000000000000000       0.0000000000000000          0
  92.836216       8.240792      -0.0000000000000000       0.0000000000000000          0
  95.960087       8.686137       1.4944027857350595      -0.0561808500962341      67352
  99.090138       9.113676       1.4825109675112433      -0.0703338422175447      67301
  102.226471       9.522099       1.4661586814762197      -0.0854704056177544      64701
  105.369120       9.910143       1.4453681334655277      -0.1014450149603276      64701
  108.518054      10.276597       1.3599971219739870       0.0031529171974918      60402
  111.673173      10.620312      -6.5574073869259770       0.9306279494509320        774
  114.834312      10.940200       1.3495669653652769      -0.1570235857681445        613
  118.001235      11.235244      -0.0000000000000000       0.0000000000000000          0
  121.173644      11.504496       1.7722109581736909      -0.0181961094466587        677
  124.351175      11.747087       2.0754523868333923      -0.0160572660501814        677
  127.533407      11.962230      -7.0437156005072783       1.2548107617422226        801
  130.719863      12.149223      -7.0771981666427353       1.3339335222194497        801
  31.494541      -4.706987      -1.2287753672279287       0.5097597325194410        701
  34.590399      -4.217721      -1.2438962871488890       0.5025018149755646        701
  37.682313      -3.716205      -1.2553741543290875       0.4962727506333055        701
  40.770677      -3.203911      -1.2631902297534321       0.4911434350466005        713
  43.855925      -2.682340      -0.0000000000000000       0.0000000000000000          0
  46.938524      -2.153011      -0.0000000000000000       0.0000000000000000          0
  50.018971      -1.617462      -0.0000000000000000       0.0000000000000000          0
  53.097786      -1.077243      -0.0000000000000000       0.0000000000000000          0
  56.175507      -0.533916      -0.0000000000000000       0.0000000000000000          0
  59.252683       0.010950      -0.0000000000000000       0.0000000000000000          0
  62.329871       0.555785      -0.0000000000000000       0.0000000000000000          0
  65.407625       1.099017      -0.0000000000000000       0.0000000000000000          0
  68.486495       1.639078      -0.0000000000000000       0.0000000000000000          0
  71.567018       2.174408      -0.0000000000000000       0.0000000000000000          0
  74.649715       2.703454      -0.0000000000000000       0.0000000000000000          0
  77.735079       3.224682      -0.0000000000000000       0.0000000000000000          0
  80.823578       3.736571      -0.0000000000000000       0.0000000000000000          0
  83.915643       4.237624      -0.0000000000000000       0.0000000000000000          0
  87.011667       4.726367      -0.0000000000000000       0.0000000000000000          0
  90.111997       5.201357      -0.0000000000000000       0.0000000000000000          0
  93.216934       5.661181      -0.0000000000000000       0.0000000000000000          0
  96.326723       6.104466      -0.0000000000000000       0.0000000000000000          0
  99.441557       6.529879       1.4808988751874135      -0.0600116014392280      67301
  102.561567       6.936132       1.4641508618291512      -0.0715554385168935      64701
  105.686827       7.321989       1.4430231873771029      -0.0839605629728386      64701
  108.817346       7.686266      -0.0000000000000000       0.0000000000000000          0
  111.953073       8.027838      -0.0000000000000000       0.0000000000000000          0
  115.093890       8.345645      -0.0000000000000000       0.0000000000000000          0
  118.239621       8.638694       1.3157486731590760      -0.1391554117957144      61413
  121.390028       8.906063      -0.0000000000000000       0.0000000000000000          0
  124.544814       9.146907      -6.9925157861056073       1.2482273163606348        801
  127.703630       9.360459      -7.0460561472331955       1.3060308262805305        801
  130.866073       9.546037      -7.0782099329937376       1.3674349016262839        801
>