>anchorPlateId 301
>reconstructionTime 45
>DeformingMeshPoints.gpml lat_lon_velocity_domain_28_32.gpml
>MeshNode <identity>GPlates-b7a3af0e-8119-4abb-9ae6-39bb7e5702ce</identity> <revision>GPlates-7b04c5e6-7801-49f1-bcc4-23d6f4e5417f</revision>
> reconstructionPlateId 0
> validTime TimePeriod <begin> TimeInstant <timePosition>http://gplates.org/times/distantPast</timePosition></begin> <end> TimeInstant <timePosition>http://gplates.org/times/distantFuture</timePosition></end>
  14.278947      68.036420      -0.0000000000000000       0.0000000000000000        302
  16.581452      68.357940      -0.0000000000000000       0.0000000000000000        302
  18.904299      68.691947      -0.0000000000000000       0.0000000000000000        302
  21.249371      69.038005      -0.0000000000000000       0.0000000000000000        302
  23.618725      69.395650      -0.0000000000000000       0.0000000000000000        302
  26.014604      69.764393      -0.0000000000000000       0.0000000000000000        302
  28.439460      70.143714      -0.0000000000000000       0.0000000000000000        302
  30.895979      70.533061      -0.0000000000000000       0.0000000000000000        302
  33.387108      70.931850      -0.0000000000000000       0.0000000000000000        302
  35.916080      71.339460      -0.0000000000000000       0.0000000000000000        302
  38.486450      71.755228      -0.0000000000000000       0.0000000000000000        302
  41.102132      72.178449      -0.0000000000000000       0.0000000000000000        302
  43.767435      72.608369      -0.0000000000000000       0.0000000000000000        302
  46.487107      73.044179      -0.0000000000000000       0.0000000000000000        302
  49.266382      73.485011      -0.0000000000000000       0.0000000000000000        302
  52.111032      73.929930      -0.0000000000000000       0.0000000000000000        302
  55.027412      74.377924      -0.0000000000000000       0.0000000000000000        373
  58.022519      74.827896      -0.0000000000000000       0.0000000000000000        373
  61.104036      75.278656      -0.0000000000000000       0.0000000000000000        373
  64.280382      75.728900      -0.0000000000000000       0.0000000000000000        373
  67.560736      76.177208      -0.0000000000000000       0.0000000000000000        373
  70.955058      76.622017      -0.0000000000000000       0.0000000000000000        404
  74.474067      77.061613      -0.0000000000000000       0.0000000000000000        404
  78.129177      77.494110      -0.0000000000000000       0.0000000000000000        404
  81.932366      77.917430      -0.0000000000000000       0.0000000000000000        404
  85.895954      78.329291      -0.0000000000000000       0.0000000000000000        404
  90.032256      78.727187      -0.0000000000000000       0.0000000000000000        404
  94.353084      79.108383      -0.0000000000000000       0.0000000000000000        404
  98.869052      79.469916      -0.0000000000000000       0.0000000000000000        404
  103.588675      79.808603      -0.0000000000000000       0.0000000000000000        404
  108.517250      80.121078      -0.0000000000000000       0.0000000000000000          0
  113.655560      80.403844      -0.0000000000000000       0.0000000000000000          0
  118.998493      80.653364      -0.0000000000000000       0.0000000000000000          0
  16.453306      65.573533      -0.0000000000000000       0.0000000000000000        302
  18.872894      65.907117      -0.0000000000000000       0.0000000000000000        302
  21.314193      66.253257      -0.0000000000000000       0.0000000000000000        302
  23.779115      66.611440      -0.0000000000000000       0.0000000000000000        302
  26.269721      66.981119      -0.0000000000000000       0.0000000000000000        302
  28.788241      67.361716      -0.0000000000000000       0.0000000000000000        302
  31.337087      67.752618      -0.0000000000000000       0.0000000000000000        302
  33.918871      68.153175      -0.0000000000000000       0.0000000000000000        302
  36.536423      68.562698      -0.0000000000000000       0.0000000000000000        302
  39.192809      68.980453      -0.0000000000000000       0.0000000000000000        302
  41.891350      69.405662      -0.0000000000000000       0.0000000000000000        302
  44.635647      69.837496      -0.0000000000000000       0.0000000000000000        302
  47.429598      70.275071      -0.0000000000000000       0.0000000000000000        302
  50.277418      70.717443      -0.0000000000000000       0.0000000000000000        302
  53.183664      71.163604      -0.0000000000000000       0.0000000000000000        373
  56.153244      71.612473      -0.0000000000000000       0.0000000000000000        373
  59.191441      72.062892      -0.0000000000000000       0.0000000000000000        372
  62.303908      72.513614      -0.0000000000000000       0.0000000000000000        372
  65.496678      72.963301      -0.0000000000000000       0.0000000000000000        372
  68.776141      73.410509      -0.0000000000000000       0.0000000000000000        372
  72.149012      73.853684      -0.0000000000000000       0.0000000000000000        372
  75.622281      74.291149      -0.0000000000000000       0.0000000000000000        404
  79.203118      74.721099      -0.0000000000000000       0.0000000000000000        404
  82.898749      75.141592      -0.0000000000000000       0.0000000000000000        404
  86.716281      75.550542      -0.0000000000000000       0.0000000000000000        404
  90.662466      75.945719      -0.0000000000000000       0.0000000000000000        404
  94.743397      76.324750      -0.0000000000000000       0.0000000000000000        404
  98.964138      76.685128      -0.0000000000000000       0.0000000000000000        404
  103.328272      77.024231      -0.0000000000000000       0.0000000000000000        404
  107.837395      77.339345      -0.0000000000000000       0.0000000000000000        401
  112.490564      77.627708      -0.0000000000000000       0.0000000000000000        401
  117.283743      77.886564      -0.0000000000000000       0.0000000000000000        401
  122.209314      78.113227      -0.0000000000000000       0.0000000000000000          0
  18.249733      63.084968      -0.0000000000000000       0.0000000000000000        302
  20.761982      63.428128      -0.0000000000000000       0.0000000000000000        302
  23.296335      63.783822      -0.0000000000000000       0.0000000000000000        302
  25.854641      64.151468      -0.0000000000000000       0.0000000000000000        302
  28.438885      64.530444      -0.0000000000000000       0.0000000000000000        302
  31.051192      64.920095      -0.0000000000000000       0.0000000000000000        302
  33.693839      65.319726      -0.0000000000000000       0.0000000000000000        302
  36.369265      65.728600      -0.0000000000000000       0.0000000000000000        302
  39.080083      66.145940      -0.0000000000000000       0.0000000000000000        302
  41.829092      66.570920      -0.0000000000000000       0.0000000000000000        302
  44.619283      67.002664      -0.0000000000000000       0.0000000000000000        302
  47.453852      67.440246      -0.0000000000000000       0.0000000000000000        302
  50.336204      67.882680      -0.0000000000000000       0.0000000000000000        302
  53.269966      68.328922      -0.0000000000000000       0.0000000000000000        302
  56.258980      68.777860      -0.0000000000000000       0.0000000000000000        302
  59.307308      69.228312      -0.0000000000000000       0.0000000000000000        302
  62.419223      69.679020      -0.0000000000000000       0.0000000000000000        302
  65.599190      70.128647      -0.0000000000000000       0.0000000000000000        372
  68.851847      70.575766      -0.0000000000000000       0.0000000000000000        372
  72.181959      71.018862      -0.0000000000000000       0.0000000000000000        401
  75.594371      71.456322      -0.0000000000000000       0.0000000000000000        401
  79.093930      71.886433      -0.0000000000000000       0.0000000000000000        401
  82.685391      72.307380      -0.0000000000000000       0.0000000000000000        401
  86.373291      72.717243      -0.0000000000000000       0.0000000000000000        401
  90.161801      73.114002      -0.0000000000000000       0.0000000000000000        401
  94.054535      73.495540      -0.0000000000000000       0.0000000000000000        401
  98.054339      73.859655      -0.0000000000000000       0.0000000000000000        401
  102.163039      74.204073      -0.0000000000000000       0.0000000000000000        401
  106.381174      74.526470      -0.0000000000000000       0.0000000000000000        401
  110.707711      74.824501      -0.0000000000000000       0.0000000000000000        401
  115.139774      75.095839      -0.0000000000000000       0.0000000000000000        401
  119.672397      75.338216      -0.0000000000000000       0.0000000000000000        401
  124.298334      75.549474      -0.0000000000000000       0.0000000000000000      42400
  19.761860      60.577262      -0.0000000000000000       0.0000000000000000        302
  22.348953      60.928199      -0.0000000000000000       0.0000000000000000        302
  24.957929      61.291598      -0.0000000000000000       0.0000000000000000        302
  27.590545      61.666813      -0.0000000000000000       0.0000000000000000        302
  30.248664      62.053158      -0.0000000000000000       0.0000000000000000        302
  32.934269      62.449909      -0.0000000000000000       0.0000000000000000        302
  35.649464      62.856299      -0.0000000000000000       0.0000000000000000        302
  38.396485      63.271521      -0.0000000000000000       0.0000000000000000        302
  41.177700      63.694720      -0.0000000000000000       0.0000000000000000        302
  43.995616      64.124996      -0.0000000000000000       0.0000000000000000        302
  46.852883      64.561396      -0.0000000000000000       0.0000000000000000        302
  49.752296      65.002914      -0.0000000000000000       0.0000000000000000        302
  52.696792      65.448490      -0.0000000000000000       0.0000000000000000        302
  55.689450      65.897001      -0.0000000000000000       0.0000000000000000        302
  58.733478      66.347262      -0.0000000000000000       0.0000000000000000        302
  61.832211      66.798021      -0.0000000000000000       0.0000000000000000        302
  64.989081      67.247958      -0.0000000000000000       0.0000000000000000        302
  68.207601      67.695677      -0.0000000000000000       0.0000000000000000        390
  71.491329      68.139708      -0.0000000000000000       0.0000000000000000        401
  74.843820      68.578500      -0.0000000000000000       0.0000000000000000        401
  78.268575      69.010424      -0.0000000000000000       0.0000000000000000        401
  81.768965      69.433772      -0.0000000000000000       0.0000000000000000        401
  85.348150      69.846753      -0.0000000000000000       0.0000000000000000        401
  89.008973      70.247505      -0.0000000000000000       0.0000000000000000        401
  92.753844      70.634092      -0.0000000000000000       0.0000000000000000        401
  96.584601      71.004521      -0.0000000000000000       0.0000000000000000        401
  100.502360      71.356750      -0.0000000000000000       0.0000000000000000        401
  104.507359      71.688704      -0.0000000000000000       0.0000000000000000        401
  108.598785      71.998302      -0.0000000000000000       0.0000000000000000        401
  112.774626      72.283479      -0.0000000000000000       0.0000000000000000        401
  117.031517      72.542217      -0.0000000000000000       0.0000000000000000        401
  121.364633      72.772584      -0.0000000000000000       0.0000000000000000        401
  125.767618      72.972771      -0.0000000000000000       0.0000000000000000        401
  21.055498      58.054944      -0.0000000000000000       0.0000000000000000        302
  23.704156      58.412326      -0.0000000000000000       0.0000000000000000        302
  26.374105      58.782068      -0.0000000000000000       0.0000000000000000        302
  29.066988      59.163468      -0.0000000000000000       0.0000000000000000        302
  31.784536      59.555783      -0.0000000000000000       0.0000000000000000        302
  34.528578      59.958229      -0.0000000000000000       0.0000000000000000        302
  37.301039      60.369979      -0.0000000000000000       0.0000000000000000        302
  40.103947      60.790164      -0.0000000000000000       0.0000000000000000        302
  42.939429      61.217868      -0.0000000000000000       0.0000000000000000        302
  45.809716      61.652126      -0.0000000000000000       0.0000000000000000        302
  48.717141      62.091925      -0.0000000000000000       0.0000000000000000        302
  51.664136      62.536197      -0.0000000000000000       0.0000000000000000        302
  54.653222      62.983821      -0.0000000000000000       0.0000000000000000        302
  57.687008      63.433619      -0.0000000000000000       0.0000000000000000        302
  60.768173      63.884353      -0.0000000000000000       0.0000000000000000        390
  63.899451      64.334725      -0.0000000000000000       0.0000000000000000        390
  67.083611      64.783372      -0.0000000000000000       0.0000000000000000        468
  70.323424      65.228866      -0.0000000000000000       0.0000000000000000        401
  73.621636      65.669715      -0.0000000000000000       0.0000000000000000        401
  76.980917      66.104360      -0.0000000000000000       0.0000000000000000        401
  80.403812      66.531177      -0.0000000000000000       0.0000000000000000        401
  83.892684      66.948478      -0.0000000000000000       0.0000000000000000        401
  87.449634      67.354519      -0.0000000000000000       0.0000000000000000        401
  91.076427      67.747498      -0.0000000000000000       0.0000000000000000        401
  94.774400      68.125569      -0.0000000000000000       0.0000000000000000        401
  98.544361      68.486853      -0.0000000000000000       0.0000000000000000        401
  102.386488      68.829447      -0.0000000000000000       0.0000000000000000        401
  106.300220      69.151445      -0.0000000000000000       0.0000000000000000        401
  110.284159      69.450954      -0.0000000000000000       0.0000000000000000        401
  114.335974      69.726123      -0.0000000000000000       0.0000000000000000        401
  118.452325      69.975165      -0.0000000000000000       0.0000000000000000        401
  122.628809      70.196387      -0.0000000000000000       0.0000000000000000        401
  126.859941      70.388223      -0.0000000000000000       0.0000000000000000        401
  22.178065      55.521246      -0.0000000000000000       0.0000000000000000        302
  24.878200      55.884060      -1.8318384270851695       0.2400290990353496        334
  27.598807      56.259118      -2.1123899737078982       0.2460979336108476        334
  30.341411      56.645667      -0.0000000000000000       0.0000000000000000        302
  33.107612      57.042912      -0.0000000000000000       0.0000000000000000        302
  35.899086      57.450018      -0.0000000000000000       0.0000000000000000        302
  38.717585      57.866108      -0.0000000000000000       0.0000000000000000        302
  41.564941      58.290259      -0.0000000000000000       0.0000000000000000        302
  44.443061      58.721501      -0.0000000000000000       0.0000000000000000        302
  47.353924      59.158820      -0.0000000000000000       0.0000000000000000        302
  50.299582      59.601151      -0.0000000000000000       0.0000000000000000        302
  53.282149      60.047379      -0.0000000000000000       0.0000000000000000        302
  56.303795      60.496337      -0.0000000000000000       0.0000000000000000        302
  59.366734      60.946804      -0.0000000000000000       0.0000000000000000        302
  62.473210      61.397505      -0.0000000000000000       0.0000000000000000        390
  65.625479      61.847109      -0.0000000000000000       0.0000000000000000        468
  68.825784      62.294228      -0.0000000000000000       0.0000000000000000        468
  72.076331      62.737419      -0.0000000000000000       0.0000000000000000        401
  75.379254      63.175180      -0.0000000000000000       0.0000000000000000        401
  78.736576      63.605958      -0.0000000000000000       0.0000000000000000        401
  82.150165      64.028145      -0.0000000000000000       0.0000000000000000        401
  85.621679      64.440086      -0.0000000000000000       0.0000000000000000        401
  89.152514      64.840082      -0.0000000000000000       0.0000000000000000        401
  92.743737      65.226397      -0.0000000000000000       0.0000000000000000        401
  96.396015      65.597267      -0.0000000000000000       0.0000000000000000        401
  100.109550      65.950914      -0.0000000000000000       0.0000000000000000        401
  103.884001      66.285556      -0.0000000000000000       0.0000000000000000        401
  107.718414      66.599421      -0.0000000000000000       0.0000000000000000        401
  111.611159      66.890773      -0.0000000000000000       0.0000000000000000        401
  115.559870      67.157924      -0.0000000000000000       0.0000000000000000        401
  119.561410      67.399263      -0.0000000000000000       0.0000000000000000        401
  123.611838      67.613276      -0.0000000000000000       0.0000000000000000        401
  127.706418      67.798573      -0.0000000000000000       0.0000000000000000      43102
  23.164502      52.978527      -1.6529600956980874       0.7541800737599920        334
  25.908311      53.345993      -0.0000000000000000       0.0000000000000000        302
  28.671639      53.725576      -0.0000000000000000       0.0000000000000000        302
  31.455898      54.116479      -0.0000000000000000       0.0000000000000000        302
  34.262558      54.517865      -0.0000000000000000       0.0000000000000000        302
  37.093154      54.928853      -0.0000000000000000       0.0000000000000000        302
  39.949277      55.348519      -0.0000000000000000       0.0000000000000000        302
  42.832581      55.775897      -0.0000000000000000       0.0000000000000000        302
  45.744773      56.209973      -0.0000000000000000       0.0000000000000000        302
  48.687613      56.649689      -0.0000000000000000       0.0000000000000000        302
  51.662906      57.093941      -0.0000000000000000       0.0000000000000000        302
  54.672497      57.541573      -0.0000000000000000       0.0000000000000000        302
  57.718259      57.991384      -0.0000000000000000       0.0000000000000000        302
  60.802080      58.442122      -0.0000000000000000       0.0000000000000000        390
  63.925851      58.892483      -0.0000000000000000       0.0000000000000000        390
  67.091444      59.341117      -0.0000000000000000       0.0000000000000000        468
  70.300693      59.786620      -0.0000000000000000       0.0000000000000000        401
  73.555368      60.227542      -0.0000000000000000       0.0000000000000000        401
  76.857143      60.662384      -0.0000000000000000       0.0000000000000000        401
  80.207563      61.089603      -0.0000000000000000       0.0000000000000000        401
  83.608007      61.507616      -0.0000000000000000       0.0000000000000000        401
  87.059645      61.914800      -0.0000000000000000       0.0000000000000000        401
  90.563389      62.309505      -0.0000000000000000       0.0000000000000000        401
  94.119844      62.690056      -0.0000000000000000       0.0000000000000000        401
  97.729260      63.054765      -0.0000000000000000       0.0000000000000000        401
  101.391474      63.401941      -0.0000000000000000       0.0000000000000000        401
  105.105861      63.729903      -0.0000000000000000       0.0000000000000000        401
  108.871285      64.036995      -0.0000000000000000       0.0000000000000000        401
  112.686058      64.321604      -0.0000000000000000       0.0000000000000000        401
  116.547901      64.582174      -0.0000000000000000       0.0000000000000000        401
  120.453928      64.817231      -0.0000000000000000       0.0000000000000000        401
  124.400631      65.025399      -0.0000000000000000       0.0000000000000000        401
  128.383898      65.205421      -0.0000000000000000       0.0000000000000000      43102
  24.041083      50.428554      -0.0000000000000000       0.0000000000000000        302
  26.822433      50.800053      -0.0000000000000000       0.0000000000000000        302
  29.622275      51.183542      -0.0000000000000000       0.0000000000000000        302
  32.441910      51.578183      -0.0000000000000000       0.0000000000000000        302
  35.282692      51.983098      -0.0000000000000000       0.0000000000000000        302
  38.146021      52.397368      -0.0000000000000000       0.0000000000000000        302
  41.033346      52.820029      -0.0000000000000000       0.0000000000000000        302
  43.946158      53.250076      -0.0000000000000000       0.0000000000000000        302
  46.885991      53.686459      -0.0000000000000000       0.0000000000000000        302
  49.854410      54.128085      -0.0000000000000000       0.0000000000000000        302
  52.853012      54.573813      -0.0000000000000000       0.0000000000000000        302
  55.883410      55.022459      -0.0000000000000000       0.0000000000000000        302
  58.947229      55.472793      -0.0000000000000000       0.0000000000000000        302
  62.046090      55.923539      -0.0000000000000000       0.0000000000000000        390
  65.181595      56.373376      -0.0000000000000000       0.0000000000000000        468
  68.355312      56.820938      -0.0000000000000000       0.0000000000000000        468
  71.568752      57.264814      -0.0000000000000000       0.0000000000000000        468
  74.823347      57.703555      -0.0000000000000000       0.0000000000000000        401
  78.120423      58.135667      -0.0000000000000000       0.0000000000000000        401
  81.461171      58.559626      -0.0000000000000000       0.0000000000000000        401
  84.846613      58.973870      -0.0000000000000000       0.0000000000000000        401
  88.277571      59.376816      -0.0000000000000000       0.0000000000000000        401
  91.754624      59.766856      -0.0000000000000000       0.0000000000000000        401
  95.278071      60.142374      -0.0000000000000000       0.0000000000000000        401
  98.847895      60.501747      -0.0000000000000000       0.0000000000000000        401
  102.463716      60.843362      -0.0000000000000000       0.0000000000000000        401
  106.124761      61.165625      -0.0000000000000000       0.0000000000000000        401
  109.829826      61.466977      -0.0000000000000000       0.0000000000000000        401
  113.577249      61.745905      -0.0000000000000000       0.0000000000000000        401
  117.364888      62.000962      -0.0000000000000000       0.0000000000000000        401
  121.190112      62.230783      -0.0000000000000000       0.0000000000000000        401
  125.049798      62.434100      -0.0000000000000000       0.0000000000000000        401
  128.940346      62.609764      -0.0000000000000000       0.0000000000000000        401
  24.827924      47.872668      -0.0000000000000000       0.0000000000000000          0
  27.641925      48.247710      -0.0000000000000000       0.0000000000000000        302
  30.473351      48.634611      -0.0000000000000000       0.0000000000000000        302
  33.323404      49.032500      -0.0000000000000000       0.0000000000000000        302
  36.193326      49.440464      -0.0000000000000000       0.0000000000000000        302
  39.084399      49.857546      -2.0543604778942735      -0.4449870669483766        503
  41.997940      50.282751      -0.0000000000000000       0.0000000000000000        302
  44.935300      50.715039      -0.0000000000000000       0.0000000000000000        302
  47.897856      51.153328      -0.0000000000000000       0.0000000000000000        302
  50.887007      51.596494      -0.0000000000000000       0.0000000000000000        302
  53.904170      52.043371      -0.0000000000000000       0.0000000000000000        302
  56.950763      52.492748      -0.0000000000000000       0.0000000000000000        302
  60.028204      52.943374      -0.0000000000000000       0.0000000000000000        390
  63.137892      53.393954      -0.0000000000000000       0.0000000000000000        390
  66.281197      53.843155      -0.0000000000000000       0.0000000000000000        468
  69.459439      54.289602      -0.0000000000000000       0.0000000000000000        468
  72.673876      54.731882      -0.0000000000000000       0.0000000000000000        468
  75.925676      55.168548      -1.9804805821223126       1.0279224590481304        517
  79.215900      55.598120      -0.8841052877860676       0.5176095082021458          0
  82.545471      56.019089      -1.6386282051493555       1.2111124143346754          0
  85.915152      56.429921      -0.8130787673678721       0.7647007647757869          0
  89.325512      56.829066      -0.3060752216038475       0.3577509472208048          0
  92.776899      57.214961      -0.0000000000000000       0.0000000000000000        401
  96.269409      57.586038      -0.0000000000000000       0.0000000000000000        401
  99.802853      57.940737      -0.0000000000000000       0.0000000000000000        401
  103.376727      58.277512      -0.0000000000000000       0.0000000000000000        401
  106.990188      58.594844      -0.0000000000000000       0.0000000000000000        401
  110.642027      58.891255      -0.0000000000000000       0.0000000000000000        401
  114.330652      59.165319      -0.0000000000000000       0.0000000000000000        401
  118.054072      59.415676      -0.0000000000000000       0.0000000000000000        401
  121.809898      59.641052      -0.0000000000000000       0.0000000000000000        401
  125.595340      59.840266      -0.0000000000000000       0.0000000000000000        401
  129.407228      60.012254      -0.0000000000000000       0.0000000000000000        401
  25.540684      45.311913      -0.0000000000000000       0.0000000000000000          0
  28.383386      45.690098      -0.0000000000000000       0.0000000000000000        302
  31.242432      46.080014      -0.0000000000000000       0.0000000000000000        302
  34.118929      46.480758      -0.0000000000000000       0.0000000000000000        302
  37.014022      46.891385      -1.9437858833104635      -0.2817477896496448        503
  39.928882      47.310908      -2.0987005211448801      -0.2371063997863927        503
  42.864712      47.738300      -2.2492392960698968      -0.1856515742088637        503
  45.822734      48.172492      -0.0000000000000000       0.0000000000000000        302
  48.804192      48.612376      -0.0000000000000000       0.0000000000000000        302
  51.810340      49.056802      -0.0000000000000000       0.0000000000000000        302
  54.842440      49.504580      -0.0000000000000000       0.0000000000000000        302
  57.901746      49.954479      -0.0000000000000000       0.0000000000000000        302
  60.989501      50.405232      -0.0000000000000000       0.0000000000000000        390
  64.106923      50.855529      -0.0000000000000000       0.0000000000000000        465
  67.255188      51.304029      -0.0000000000000000       0.0000000000000000        458
  70.435422      51.749351      -0.0000000000000000       0.0000000000000000        459
  73.648676      52.190086      -0.3816596516369024       0.0220767079806619          0
  76.895915      52.624790      -2.7777070355996019       0.2933121402561147          0
  80.177994      53.051997      -3.1460122459569955       1.5272332183636381        580
  83.495633      53.470218      -2.7081332211876026       1.7393766336424554        580
  86.849403      53.877944      -2.2562648731524995       1.9314141137657033        580
  90.239692      54.273658      -1.7916268704517129       2.1016087634982190        580
  93.666686      54.655837      -1.3155910957306096       2.2482512617291910        580
  97.130342      55.022961      -0.1560220561657940       0.3318296417492308          0
  100.630366      55.373522      -0.0000000000000000       0.0000000000000000        401
  104.166188      55.706036      -0.0000000000000000       0.0000000000000000        401
  107.736941      56.019047      -0.0000000000000000       0.0000000000000000        401
  111.341448      56.311148      -0.1191527274624146       0.0692279166108999          0
  114.978205      56.580985      -0.3103968212698760       0.1936098874456372          0
  118.645374      56.827275      -0.2498821308644885       0.1592008974739958          0
  122.340787      57.048816      -0.1652713017278975       0.0960599365453489          0
  126.061944      57.244503      -0.0994552409787238       0.0361056914728658          0
  129.806036      57.413338      -0.0964473731660198       0.0290188125151020          0
  26.191735      42.747108      -0.0000000000000000       0.0000000000000000        338
  29.059910      43.128109       1.0550223451993084       0.5837035796875788        340
  31.943346      43.520716      -0.0000000000000000       0.0000000000000000        551
  34.843067      43.923996      -0.0000000000000000       0.0000000000000000        551
  37.760125      44.336974      -0.0000000000000000       0.0000000000000000        551
  40.695595      44.758637      -2.1385625600802851      -0.0317823920487849        503
  43.650573      45.187931      -2.2885497391431975       0.0181799307839571        503
  46.626174      45.623761      -2.4334329248335580       0.0749367203796449        503
  49.623520      46.064996      -2.5727400664608826       0.1386269837661424        503
  52.643743      46.510462      -2.7059894346279343       0.2093666555318873        503
  55.687968      46.958951      -0.0000000000000000       0.0000000000000000        302
  58.757314      47.409216      -0.0000000000000000       0.0000000000000000        302
  61.852876      47.859975      -0.0000000000000000       0.0000000000000000        467
  64.975718      48.309910      -0.0000000000000000       0.0000000000000000        458
  68.126863      48.757672      -0.0000000000000000       0.0000000000000000        459
  71.307274      49.201880      -0.6545190610007445       0.0556603245021968          0
  74.517841      49.641126       4.1911096722944965       0.1631137994648269        591
  77.759365      50.073978       4.1771349301441916      -0.0214217647475042        591
  81.032543      50.498981       4.1494611142778153      -0.2090239404775220        591
  84.337942      50.914665      -2.5954573290649643       1.2999466655082286        580
  87.675987      51.319549      -2.1436480932887312       1.4825246924937716        580
  91.046936      51.712144      -1.6800085907114992       1.6438708384209535        580
  94.450861      52.090967      -1.2059396835023841       1.7823891606269935        580
  97.887630      52.454539      -0.7229852484137913       1.8965425038984822        580
  101.356883      52.801401      -0.0691305393916003       0.2635436071911300          0
  104.858021      53.130122      -0.2349980614950856       1.0428519792298063        606
  108.390185      53.439304      -0.5888765324026282       0.3099092559135384          0
  111.952246      53.727599      -1.0664493783362636       0.6134196354655623          0
  115.542798      53.993718      -0.8453678016127526       0.5110208993061121          0
  119.160151      54.236440      -0.6215691790568754       0.3738999473479170          0
  122.802333      54.454628      -0.4647378902862521       0.2545624145914598          0
  126.467101      54.647237      -0.3743224448301211       0.1615554275187613          0
  130.151948      54.813329      -0.3457863739054015       0.1055973921541918          0
  26.790986      40.178910      -0.0000000000000000       0.0000000000000000        521
  29.681968      40.562456      -0.0000000000000000       0.0000000000000000        521
  32.587138      40.957485      -1.2182114643388076       0.1329069353536098        715
  35.507441      41.363038      -1.2346970749030475       0.1700811660759802        715
  38.443847      41.778113      -0.0000000000000000       0.0000000000000000        526
  41.397342      42.201672      -0.0000000000000000       0.0000000000000000        551
  44.368930      42.632636      -2.3241069926628395       0.2188776994904796        503
  47.359627      43.069889      -2.4681517167574420       0.2734960080735239        503
  50.370453      43.512278      -2.6063739166532525       0.3348348843031617        503
  53.402429      43.958612      -2.7382946855862524       0.4030017712503196        503
  56.456569      44.407664      -2.8634283607016875       0.4780762391085327        503
  59.533870      44.858176      -0.0000000000000000       0.0000000000000000        390
  62.635305      45.308852      -0.0000000000000000       0.0000000000000000        467
  65.761814      45.758370      -0.0000000000000000       0.0000000000000000        466
  68.914287      46.205376      -0.1468701319210677       0.0186786727953241          0
  72.093558      46.648490      -2.9945477587434501       0.4750949418089102          0
  75.300386      47.086309      -3.2816317482492878       0.6033448001251012        501
  78.535445      47.517409      -3.3994829303863061       0.7134820208021143        501
  81.799305      47.940351      -3.5074024607336627       0.8320333483728059        501
  85.092419      48.353684      -3.6047563044715547       0.9587967718851539        501
  88.415101      48.755951      -3.2755412436143327       1.1598650325759727          0
  91.767515      49.145693      -2.6394575459278462       1.3398933680360106          0
  95.149656      49.521460      -1.7402694047610321       1.4396776217547551          0
  98.561332      49.881814      -1.2946541979920605       1.5635494620706860          0
  102.002150      50.225340      -1.5734261479772114       1.4656911573315328          0
  105.471503      50.550652      -2.0760165522802794       1.1594881878910237          0
  108.968559      50.856406      -2.6842939056258102       1.4359209322149367          0
  112.492248      51.141305      -1.8784363558849262       1.0819517238250085          0
  116.041262      51.404115      -1.2760478553919534       0.7595528526773909          0
  119.614049      51.643672      -0.9216033570558291       0.5334624270892771          0
  123.208819      51.858891      -0.7204478273218922       0.3731299179780780          0
  126.823548      52.048782      -0.6161746739147259       0.2573985780777263          0
  130.455994      52.212456      -0.5915824963428495       0.1892756490847018          0
  27.346476      37.607847      -0.0000000000000000       0.0000000000000000        522
  30.258045      37.993713      -0.0000000000000000       0.0000000000000000        522
  33.182741      38.390942      -1.2218321092349964       0.1668439251218560        715
  36.121439      38.798548      -0.0000000000000000       0.0000000000000000        525
  39.075031      39.215509      -0.0000000000000000       0.0000000000000000        522
  42.044427      39.640762      -0.0000000000000000       0.0000000000000000        526
  45.030547      40.073207      -0.0000000000000000       0.0000000000000000        526
  48.034320      40.511708      -2.4997320050980885       0.4683840969037895        503
  51.056675      40.955093      -2.6368837339823159       0.5269474147269067        503
  54.098539      41.402155      -2.7675131724586466       0.5921057277390319        503
  57.160827      41.851655      -2.8911414875621819       0.6639319964633473        503
  60.244436      42.302319      -3.0072865082828537       0.7424669137927576        503
  63.350235      42.752848      -0.0000000000000000       0.0000000000000000        467
  66.479056      43.201912      -0.0000000000000000       0.0000000000000000        466
  69.631684      43.648155      -1.8072508088943082       0.3205266646503301          0
  72.808845      44.090200      -3.1837160513892835       0.7060382897910262        501
  76.011194      44.526650      -3.3084362356258730       0.8034435669357435        501
  79.239302      44.956092      -3.4237012343487452       0.9090321246717168        501
  82.493643      45.377100      -3.5289041191122243       1.0226578767963685        501
  85.774578      45.788242      -3.6234443378020891       1.1441106357560145        501
  89.082342      46.188086      -3.7067325193055765       1.2731123683696339        501
  92.417031      46.575200      -3.7781959879109412       1.4093140038488128        501
  95.778585      46.948166      -3.8372849775525646       1.5522929475354226        501
  99.166779      47.305582      -3.7966104889357721       1.7004285758565210          0
  102.581204      47.646072      -3.7629515446440811       1.8565656778984154          0
  106.021264      47.968294      -3.9352994942211428       2.0165382543995287        501
  109.486161      48.270949      -3.3469052115311833       1.8278146652799565          0
  112.974893      48.552788      -2.2791091379788817       1.3171613648238960          0
  116.486246      48.812625      -1.4999577555041637       0.8771165058422801          0
  120.018798      49.049343      -1.0959354801421679       0.6054070560213005          0
  123.570921      49.261907      -0.8886016648719848       0.4275235532072353          0
  127.140787      49.449370      -0.7966007854655124       0.3080501125252350          0
  130.726381      49.610888      -0.8084354620660541       0.2576400345447149          0
  27.864806      35.034355      -1.1848799348611372       0.1356783771061713        715
  30.795095      35.422351      -1.2065254736728335       0.1667300916107161        715
  33.737467      35.821591      -0.0000000000000000       0.0000000000000000        522
  36.692730      36.231070      -0.0000000000000000       0.0000000000000000          0
  39.661710      36.649740      -2.0847213211358553       0.5302598803827148        503
  42.645243      37.076519      -2.2381851040980050       0.5672996990652341        503
  45.644176      37.510288      -0.0000000000000000       0.0000000000000000        505
  48.659362      37.949893      -0.0000000000000000       0.0000000000000000        505
  51.691649      38.394144      -2.6647781862947095       0.7148859389715145        503
  54.741882      38.841822      -2.7941536754171707       0.7766466215920983        503
  57.810891      39.291674      -2.9163344470216250       0.8448287031934065        503
  60.899487      39.742419      -3.0308486509247601       0.9194685561819516        503
  64.008451      40.192750      -0.0000000000000000       0.0000000000000000        467
  67.138526      40.641334      -0.5930625069192279       0.0867324787630245          0
  70.290408      41.086815      -0.0000000000000000       0.0000000000000000        466
  73.464737      41.527818      -3.2100836060996283       0.9046827813829563        501
  76.662081      41.962955      -3.3325345724995046       0.9974873230984271        501
  79.882930      42.390821      -3.4453949865697124       1.0981187312710785        501
  83.127681      42.810007      -3.5480858731942471       1.2064253698659726        501
  86.396628      43.219099      -3.6400380236312762       1.3221935943058956        501
  89.689947      43.616686      -3.7206965958684632       1.4451446083612409        501
  93.007684      44.001364      -3.7895263168088071       1.5749318979459002        501
  96.349746      44.371743      -3.8460172655132348       1.7111393750523689        501
  99.715888      44.726457      -3.8896911921034509       1.8532803698370535        501
  103.105701      45.064165      -3.9201082990584659       2.0007976087477237        501
  106.518610      45.383563      -4.1292220359551370       2.3658611138410763        607
  109.953859      45.683394      -1.6954253830104435       0.9689696228789051          0
  113.410512      45.962451      -1.7636861338927834       1.0111675235748108          0
  116.887450      46.219590      -1.3847819525365417       0.7760540947376158          0
  120.383369      46.453739      -1.0790322244086623       0.5460234283615695          0
  123.896787      46.663904      -0.9408113334013464       0.3983446180917342          0
  127.426052      46.849178      -0.9239320524385299       0.3223130274392351          0
  130.969347      47.008753      -1.0210219709165378       0.3327094029148412          0
  28.351455      32.458793      -1.1886909140036892       0.1701266571466870        715
  31.298886      32.848758      -1.2099304831717368       0.1992800782795861        715
  34.257371      33.249852      -1.2280304645546525       0.2297103615314088        715
  37.227659      33.661048      -0.0000000000000000       0.0000000000000000          0
  40.210512      34.081279      -0.0000000000000000       0.0000000000000000          0
  43.206705      34.509444      -2.2663989372904103       0.7606838348603167        503
  46.217016      34.944405      -2.4138913968451563       0.8007094267114581        503
  49.242231      35.384993      -0.0000000000000000       0.0000000000000000        505
  52.283127      35.830004      -0.0000000000000000       0.0000000000000000        505
  55.340479      36.278205      -0.0000000000000000       0.0000000000000000        505
  58.415042      36.728333      -0.0000000000000000       0.0000000000000000        505
  61.507554      37.179102      -3.0523662580304274       1.0911124658970601        503
  64.618720      37.629196      -3.1570309402850629       1.1677016681009977        503
  67.749209      38.077282      -0.0000000000000000       0.0000000000000000        301
  70.899643      38.522005      -0.0000000000000000       0.0000000000000000          0
  74.070591      38.961994      -0.0000000000000000       0.0000000000000000          0
  77.262551      39.395867      -3.3543850025727568       1.1855393502024798        501
  80.475950      39.822233      -3.4649982353787427       1.2808508924372197        501
  83.711125      40.239695      -3.5653531636936293       1.3834886571441820        501
  86.968317      40.646858      -3.6549099512777596       1.4932394267224813        501
  90.247659      41.042332      -3.7331457464347220       1.6098274195784645        501
  93.549164      41.424738      -3.7995595640683870       1.7329122434055173        501
  96.872718      41.792715      -3.8536776499833540       1.8620875525444591        501
  100.218070      42.144926      -3.8950592780187097       1.9968805263835128        501
  103.584822      42.480064       0.0825021795861206       0.0207493598304755        457
  106.972423      42.796862      -1.2662616500292623       0.5412478418577225          0
  110.380166      43.094099      -0.4814355264591615       0.2307540241189961          0
  113.807181      43.370606      -0.5898451944821610       0.2547107218393749          0
  117.252436      43.625279      -0.7123684279955245       0.2798949686517795          0
  120.714741      43.857082      -0.8318229459103246       0.3160263026751453          0
  124.192745      44.065060      -0.9623011106963941       0.3528643839220935          0
  127.684952      44.248343      -1.0949943824793509       0.3902974838983654          0
  131.189723      44.406153      -1.2360247142468137       0.4231543809462006          0
  28.811022      29.881464      -1.1922110917151358       0.2032210167026090        715
  31.774250      30.273260      -1.2130575948810569       0.2303567768146026        715
  34.747519      30.676073      -1.2307142662950259       0.2587353017467259        715
  37.731524      31.088856      -0.0000000000000000       0.0000000000000000          0
  40.726970      31.510522      -0.0000000000000000       0.0000000000000000          0
  43.734573      31.939954      -0.0000000000000000       0.0000000000000000          0
  46.755054      32.375997      -2.4395626629514773       0.9872513957758413        503
  49.789136      32.817467      -2.5802355359639675       1.0296126712316476        503
  52.837536      33.263147      -0.0000000000000000       0.0000000000000000        505
  55.900965      33.711794      -0.0000000000000000       0.0000000000000000        505
  58.980116      34.162137      -0.0000000000000000       0.0000000000000000        505
  62.075661      34.612881      -0.0000000000000000       0.0000000000000000        506
  65.188244      35.062709      -0.0000000000000000       0.0000000000000000        506
  68.318471      35.510284      -0.0000000000000000       0.0000000000000000        301
  71.466902      35.954255      -0.0000000000000000       0.0000000000000000      50601
  74.634047      36.393257      -0.0000000000000000       0.0000000000000000          0
  77.820349      36.825913      -0.0000000000000000       0.0000000000000000          0
  81.026183      37.250844      -3.4828551568295976       1.4572617067760418        501
  84.251841      37.666668      -3.5810258747403072       1.5539178305450110        501
  87.497525      38.072008      -3.6683524949038326       1.6573528492698588        501
  90.763335      38.465493      -3.7443419030430003       1.7672971009547040        501
  94.049266      38.845768      -3.8085246880833186       1.8834192122067819        501
  97.355192      39.211499      -0.0000000000000000       0.0000000000000000          0
  100.680864      39.561377      -0.0000000000000000       0.0000000000000000          0
  104.025901      39.894127      -0.0000000000000000       0.0000000000000000          0
  107.389784      40.208514      -1.1795921771634299       0.2281968252057434          0
  110.771854      40.503350      -0.8850137621936289       0.1094586661604626          0
  114.171307      40.777503      -0.9237542295039607       0.1552765010436275          0
  117.587197      41.029902      -0.9641152331910303       0.2048128849981337          0
  121.018433      41.259548      -1.0168225747412445       0.2537636480769220          0
  124.463791      41.465518      -1.0897994251982974       0.2974273077623503          0
  127.921910      41.646972      -1.1641388312092782       0.3354860074667623          0
  131.391310      41.803166      -1.2374659390923701       0.3630394742042110          0
  29.247410      27.302623      -1.1954827244001440       0.2349664030860588        715
  32.225282      27.696134      -1.2159474497210176       0.2599753347991332        715
  35.212199      28.100550      -1.2331754501088312       0.2861932229001016        715
  38.208803      28.514807      -1.2470923240864118       0.3136047200483549        715
  41.215749      28.937802      -0.0000000000000000       0.0000000000000000          0
  44.233699      29.368399      -0.0000000000000000       0.0000000000000000          0
  47.263322      29.805431      -0.0000000000000000       0.0000000000000000          0
  50.305286      30.247697      -2.6034570577430802       1.2082544868864762        503
  53.360256      30.693971      -0.0000000000000000       0.0000000000000000        505
  56.428886      31.143000      -0.0000000000000000       0.0000000000000000        505
  59.511815      31.593504      -0.0000000000000000       0.0000000000000000        505
  62.609660      32.044185      -0.0000000000000000       0.0000000000000000      50601
  65.723012      32.493722      -0.0000000000000000       0.0000000000000000      50601
  68.852423      32.940778      -0.0000000000000000       0.0000000000000000      50601
  71.998404      33.384005      -0.0000000000000000       0.0000000000000000          0
  75.161415      33.822042      -0.0000000000000000       0.0000000000000000          0
  78.341856      34.253523      -0.0000000000000000       0.0000000000000000          0
  81.540060      34.677077      -0.0000000000000000       0.0000000000000000          0
  84.756285      35.091339      -3.5953596900548517       1.7177201654743630        501
  87.990703      35.494946      -3.6805981626270432       1.8145713009264446        501
  91.243396      35.886549      -3.7544921943456639       1.9176187627835741        501
  94.514344      36.264815      -0.0000000000000000       0.0000000000000000          0
  97.803420      36.628434      -0.0000000000000000       0.0000000000000000          0
  101.110384      36.976125      -1.2781795510229612      -0.1648671734629738        602
  104.434877      37.306641      -1.5788429570158184       0.1712714129308780          0
  107.776414      37.618777      -1.2558711266866893      -0.0494220818900044          0
  111.134385      37.911377      -1.2812120480955826      -0.0099660026921851          0
  114.508051      38.183341      -1.2216881956119776       0.0644619354639741          0
  117.896546      38.433631      -1.1797255566620968       0.1367405649549779          0
  121.298875      38.661277      -1.1781249599595096       0.1963660107508148          0
  124.713924      38.865388      -1.2081030811828786       0.2422899750391697          0
  128.140462      39.045153      -1.2450910727338869       0.2805531756765761          0
  131.577147      39.199853      -1.2847490743321588       0.3069685502671385          0
  29.663962      24.722489      -1.1985409620919030       0.2653586383710229        715
  32.655488      25.117613      -1.2186336578430397       0.2881410124259008        715
  35.655075      25.523535      -1.2354456575008799       0.3120989310005123        715
  38.663317      25.939171      -1.2489061288486234       0.3372214699550131        715
  41.680823      26.363402      -0.0000000000000000       0.0000000000000000          0
  44.708209      26.795078      -0.0000000000000000       0.0000000000000000          0
  47.746094      27.233017      -0.0000000000000000       0.0000000000000000          0
  50.795100      27.676007      -2.6252983279129984       1.3823141055788997        503
  53.855843      28.122810      -2.7573724003440581       1.4220044400244105        503
  56.928929      28.572166      -0.0000000000000000       0.0000000000000000        505
  60.014950      29.022788      -0.0000000000000000       0.0000000000000000        505
  63.114477      29.473373      -0.0000000000000000       0.0000000000000000      50601
  66.228054      29.922599      -0.0000000000000000       0.0000000000000000      50601
  69.356189      30.369130      -0.0000000000000000       0.0000000000000000          0
  72.499353      30.811620      -0.0000000000000000       0.0000000000000000          0
  75.657964      31.248714      -0.0000000000000000       0.0000000000000000          0
  78.832388      31.679055      -0.0000000000000000       0.0000000000000000          0
  82.022928      32.101284      -0.0000000000000000       0.0000000000000000          0
  85.229812      32.514048      -3.6085614422265433       1.8748553062437385        501
  88.453196      32.916002      -3.6918341313161536       1.9648814196700308        501
  91.693146      33.305815      -3.7637624714731066       2.0608040031277914        501
  94.949638      33.682176      -0.0000000000000000       0.0000000000000000          0
  98.222550      34.043799      -0.0000000000000000       0.0000000000000000          0
  101.511655      34.389427      -1.2814717374573399      -0.1384296898868129        602
  104.816618      34.717840      -1.3046960123994553      -0.1056239315778740          0
  108.136993      35.027863      -1.3252937864980290      -0.0644966461852313          0
  111.472219      35.318368      -1.3400006014964103      -0.0185569702673932          0
  114.821620      35.588284      -1.3517869494613559       0.0290774580675204          0
  118.184403      35.836602      -1.3602876935515311       0.0767953001744940          0
  121.559665      36.062383      -1.3137256877956158       0.1446582475632484          0
  124.946394      36.264762      -1.3128675025310579       0.1947178425404511          0
  128.343474      36.442955      -1.3176308140299968       0.2381876637415174          0
  131.749694      36.596266      -1.3310576202743862       0.2722368977073977          0
  30.063577      22.141251      -1.2014153145874227       0.2943863658522488        715
  33.067901      22.537902      -1.2211442644655044       0.3148512970525578        715
  36.079312      22.945245      -1.2375511025602390       0.3364588527039480        715
  39.098362      23.362177      -1.2505686259409163       0.3592029894906987        715
  42.125617      23.787566      -0.0000000000000000       0.0000000000000000          0
  45.161650      24.220246      -0.0000000000000000       0.0000000000000000          0
  48.207039      24.659022      -0.0000000000000000       0.0000000000000000          0
  51.262361      25.102673      -0.0000000000000000       0.0000000000000000          0
  54.328191      25.549951      -0.0000000000000000       0.0000000000000000          0
  57.405093      25.999586      -0.0000000000000000       0.0000000000000000      50602
  60.493619      26.450289      -0.0000000000000000       0.0000000000000000      50602
  63.594300      26.900750      -0.0000000000000000       0.0000000000000000      50602
  66.707639      27.349648      -0.0000000000000000       0.0000000000000000          0
  69.834110      27.795649      -0.0000000000000000       0.0000000000000000          0
  72.974148      28.237408      -0.0000000000000000       0.0000000000000000          0
  76.128141      28.673579      -0.0000000000000000       0.0000000000000000          0
  79.296426      29.102812      -0.0000000000000000       0.0000000000000000          0
  82.479280      29.523760      -0.0000000000000000       0.0000000000000000          0
  85.676917      29.935082      -3.6208003220465210       2.0252469764674594        501
  88.889475      30.335451      -3.7022128003894359       2.1082316582905807        501
  92.117017      30.723554      -3.7722870690237178       2.1968243524481945        501
  95.359517      31.098101      -0.0000000000000000       0.0000000000000000          0
  98.616864      31.457826      -1.1804621828524577      -0.2625619353106142        603
  101.888848      31.801498      -1.2928465801348841      -0.1487867733720785          0
  105.175162      32.127922      -1.3060347804995887      -0.1060448321954642          0
  108.475398      32.435949      -1.3274182657603157      -0.0550143105174572          0
  111.789044      32.724478      -1.3402850256777996      -0.0070165257371164          0
  115.115483      32.992466      -1.3498137364367244       0.0399398905446266          0
  118.453997      33.238931      -1.3568913069586248       0.0860822171369467          0
  121.803765      33.462961      -1.3612097688926652       0.1299615723252706          0
  125.163870      33.663715      -1.3585660935701991       0.1739246593301985          0
  128.533302      33.840435      -1.3509596209943260       0.2182395993267016          0
  131.910968      33.992447      -1.2644797117291851       1.0570476832834432        601
  30.448793      19.559075      -1.2041307768973086       0.3220325972288187        715
  33.465172      19.957179      -1.2235028694225980       0.3400975782351446        715
  36.487673      20.365869      -1.2395136748563520       0.3592728441541547        715
  39.516810      20.784027      -1.2520996761541014       0.3795576460202118        715
  42.553110      21.210505      -0.0000000000000000       0.0000000000000000          0
  45.597106      21.644124      -1.4909185076670211       0.8885618792876355        710
  48.649338      22.083679      -0.0000000000000000       0.0000000000000000          0
  51.710346      22.527936      -0.0000000000000000       0.0000000000000000          0
  54.780668      22.975640      -0.0000000000000000       0.0000000000000000          0
  57.860831      23.425515      -0.0000000000000000       0.0000000000000000      50602
  60.951353      23.876264      -0.0000000000000000       0.0000000000000000      50602
  64.052728      24.326578      -0.0000000000000000       0.0000000000000000      50602
  67.165431      24.775134      -0.0000000000000000       0.0000000000000000          0
  70.289902      25.220599      -0.0000000000000000       0.0000000000000000          0
  73.426550      25.661634      -0.0000000000000000       0.0000000000000000          0
  76.575737      26.096898      -0.0000000000000000       0.0000000000000000          0
  79.737779      26.525050      -0.0000000000000000       0.0000000000000000          0
  82.912937      26.944754      -0.0000000000000000       0.0000000000000000          0
  86.101409      27.354684      -0.0000000000000000       0.0000000000000000          0
  89.303328      27.753527      -3.7118595712720817       2.2445420569163197        501
  92.518753      28.139989      -3.7801759588978832       2.3256216247468844        502
  95.747667      28.512797      -0.0000000000000000       0.0000000000000000          0
  98.989969      28.870710      -1.1846874777942096      -0.2312885010248459        603
  102.245472      29.212517      -1.2689613919707949      -0.1678521427921451          0
  105.513897      29.537049      -1.3147157563029968      -0.0981468323501054          0
  108.794875      29.843180      -1.3333281544502888      -0.0439421518583605          0
  112.087942      30.129836      -1.3433803428732380       0.0050415179218044          0
  115.392541      30.395999      -1.3506043420441145       0.0509465426365514          0
  118.708021      30.640712      -1.3559680458619083       0.0950326569664570          0
  122.033641      30.863088      -1.3597235149781191       0.1359707733436027          0
  125.368572      31.062310      -1.3581393446372387       0.1767204445425603          0
  128.711902      31.237642      -1.3520016812203850       0.2179648431925431          0
  132.062645      31.388430      -0.0000000000000000       0.0000000000000000          0
  30.821858      16.976107      -1.2067087026163070       0.3482759495048291        715
  33.849646      17.375601      -1.2257294913664825       0.3638664821530344        715
  36.882599      17.785575      -1.2413517857895939       0.3805356272401539        715
  39.921194      18.204896      -1.2535158108908524       0.3982883024518501        715
  42.965922      18.632405      -0.0000000000000000       0.0000000000000000          0
  46.017282      19.066908      -0.0000000000000000       0.0000000000000000          0
  49.075780      19.507189      -1.9206012533024166       1.2215844473379092        710
  52.141922      19.952005      -0.0000000000000000       0.0000000000000000          0
  55.216213      20.400094      -0.0000000000000000       0.0000000000000000          0
  58.299151      20.850171      -0.0000000000000000       0.0000000000000000          0
  61.391220      21.300939      -0.0000000000000000       0.0000000000000000          0
  64.492889      21.751084      -0.0000000000000000       0.0000000000000000          0
  67.604603      22.199285      -0.0000000000000000       0.0000000000000000          0
  70.726781      22.644210      -0.0000000000000000       0.0000000000000000          0
  73.859805      23.084525      -0.0000000000000000       0.0000000000000000          0
  77.004022      23.518895      -0.0000000000000000       0.0000000000000000          0
  80.159729      23.945989      -0.0000000000000000       0.0000000000000000          0
  83.327176      24.364482      -0.0000000000000000       0.0000000000000000          0
  86.506553      24.773061      -0.0000000000000000       0.0000000000000000          0
  89.697991      25.170428      -0.0000000000000000       0.0000000000000000          0
  92.901552      25.555307      -3.7875200682181873       2.4471159762723036        502
  96.117228      25.926443      -1.1508725649419229      -0.2253058709137607        603
  99.344933      26.282616      -1.1886606947767147      -0.2002965044585692        603
  102.584503      26.622637      -1.2764756250026073      -0.1248541827930752      60401
  105.835692      26.945359      -1.3309982310723258      -0.0869871270158719          0
  109.098169      27.249681      -1.3437805603601072      -0.0301196258782552          0
  112.371519      27.534552      -1.3488212429614597       0.0188341927668836          0
  115.655239      27.798977      -1.3533535094569888       0.0631512856136502          0
  118.948745      28.042025      -1.3575528143068261       0.1042653737604303          0
  122.251370      28.262830      -1.3615731050470026       0.1414606794265448          0
  125.562367      28.460599      -0.0000000000000000       0.0000000000000000          0
  128.880917      28.634615      -0.0000000000000000       0.0000000000000000          0
  132.206132      28.784244      -0.0000000000000000       0.0000000000000000          0
  31.184785      14.392480      -1.2091674886414729       0.3730916374099949        715
  34.223421      14.793308      -1.2278412414207909       0.3861409384877460        715
  37.266267      15.204511      -1.2430810241453389       0.4002379341160011        715
  40.313770      15.624944      -1.2548308620391879       0.4153935421510766        715
  43.366385      16.053431      -0.0000000000000000       0.0000000000000000          0
  46.424583      16.488769      -0.0000000000000000       0.0000000000000000          0
  49.488837      16.929731      -1.9711822420222356       1.5789584161944685        710
  52.559625      17.375065      -0.0000000000000000       0.0000000000000000          0
  55.637423      17.823501      -0.0000000000000000       0.0000000000000000          0
  58.722702      18.273750      -0.0000000000000000       0.0000000000000000          0
  61.815922      18.724510      -0.0000000000000000       0.0000000000000000          0
  64.917526      19.174468      -0.0000000000000000       0.0000000000000000          0
  68.027938      19.622300      -0.0000000000000000       0.0000000000000000          0
  71.147556      20.066680      -0.0000000000000000       0.0000000000000000          0
  74.276747      20.506278      -0.0000000000000000       0.0000000000000000          0
  77.415841      20.939765      -0.0000000000000000       0.0000000000000000          0
  80.565125      21.365820      -0.0000000000000000       0.0000000000000000          0
  83.724841      21.783129      -0.0000000000000000       0.0000000000000000          0
  86.895177      22.190392      -0.0000000000000000       0.0000000000000000          0
  90.076264      22.586327      -0.0000000000000000       0.0000000000000000          0
  93.268172      22.969671      -0.0000000000000000       0.0000000000000000          0
  96.470904      23.339193      -1.1551935913883935      -0.1918871816186600        603
  99.684393      23.693688      -1.2210241513747275      -0.0924968408840113      60301
  102.908500      24.031990      -1.2824700767305681      -0.0708287933859313        604
  106.143011      24.352973      -1.3400345926393562      -0.0465984581123230      60405
  109.387634      24.655559      -1.3569686538068193      -0.0101412177888320          0
  112.642001      24.938719      -1.3541265195190386       0.0363671633218337          0
  115.905665      25.201482      -1.3562175289246694       0.0776900610869904          0
  119.178104      25.442938      -1.3623331722596936       0.1127684703281119        612
  122.458720      25.662244      -0.0000000000000000       0.0000000000000000          0
  125.746845      25.858626      -7.0885056070008501       0.9033953902160099        675
  129.041744      26.031389      -7.1338354464089484       1.0782639124288242        684
  132.342622      26.179913      -7.1555978885545324       1.2568631869621267        684
  31.539403      11.808312      -1.2115231172050245       0.3964522702160200        701
  34.588396      12.210427      -1.2298528530223418       0.4069010340007726        715
  37.640648      12.622813      -1.2447146680287995       0.4183674199625136        715
  40.696573      13.044311      -0.0000000000000000       0.0000000000000000          0
  43.756599      13.473733      -1.2548456854772072       0.9844658784797806        709
  46.821168      13.909864      -1.2269425576756459       1.0024236839819602        709
  49.890725      14.351466      -1.1954762249122086       1.0209732240693119        709
  52.965725      14.797281      -1.1605146540090019       1.0400372553570967        709
  56.046617      15.246031      -1.1221346550375317       1.0595278082186419        709
  59.133850      15.696423      -0.0000000000000000       0.0000000000000000          0
  62.227861      16.147153      -0.0000000000000000       0.0000000000000000          0
  65.329076      16.596905      -0.0000000000000000       0.0000000000000000          0
  68.437900      17.044358      -0.0000000000000000       0.0000000000000000          0
  71.554715      17.488187      -0.0000000000000000       0.0000000000000000          0
  74.679876      17.927069      -0.0000000000000000       0.0000000000000000          0
  77.813702      18.359681      -0.0000000000000000       0.0000000000000000          0
  80.956474      18.784713      -0.0000000000000000       0.0000000000000000          0
  84.108429      19.200859      -0.0000000000000000       0.0000000000000000          0
  87.269757      19.606835      -0.0000000000000000       0.0000000000000000          0
  90.440594      20.001372      -0.0000000000000000       0.0000000000000000          0
  93.621019      20.383225      -0.0000000000000000       0.0000000000000000          0
  96.811050      20.751178      -1.1593078004858739      -0.1587458572732018      60302
  100.010641      21.104048      -1.2274210092864033      -0.0361235542521212      60301
  103.219680      21.440687      -1.2881887998770449      -0.0173361820309085        604
  106.437985      21.759992      -1.3450744649314370       0.0038425056944169        604
  109.665304      22.060905      -1.3978587701893535       0.0273407463848236      60405
  112.901314      22.342418      -0.0000000000000000       0.0000000000000000          0
  116.145622      22.603583      -0.0000000000000000       0.0000000000000000          0
  119.397765      22.843510      -0.0000000000000000       0.0000000000000000          0
  122.657213      23.061377      -0.0000000000000000       0.0000000000000000          0
  125.923371      23.256431      -0.0000000000000000       0.0000000000000000          0
  129.195584      23.427992      -7.1353764487845321       1.1381850058510889        801
  132.473141      23.575460      -7.1559706298866308       1.2988605452595787        801
  31.887392       9.223713      -1.2137895889165602       0.4183284892982528        701
  34.946314       9.627075      -1.2317771020337283       0.4261246931742735        712
  38.007542      10.040604      -1.2462640873939721       0.4349093886286449        712
  41.071463      10.463127      -0.0000000000000000       0.0000000000000000          0
  44.138478      10.893445      -1.2515628713936393       0.9730569884949811        709
  47.209002      11.330331      -1.2231593757083861       0.9884887257466377        709
  50.283458      11.772540      -1.1912007518268519       1.0045818751316844        709
  53.362277      12.218803      -1.1557604887223769       1.0212648830922850        709
  56.445890      12.667838      -0.0000000000000000       0.0000000000000000          0
  59.534724      13.118348      -0.0000000000000000       0.0000000000000000          0
  62.629200      13.569025      -0.0000000000000000       0.0000000000000000          0
  65.729726      14.018554      -0.0000000000000000       0.0000000000000000          0
  68.836696      14.465616      -0.0000000000000000       0.0000000000000000          0
  71.950480      14.908888      -0.0000000000000000       0.0000000000000000          0
  75.071422      15.347052      -0.0000000000000000       0.0000000000000000          0
  78.199836      15.778796      -0.0000000000000000       0.0000000000000000          0
  81.336000      16.202814      -0.0000000000000000       0.0000000000000000          0
  84.480152      16.617817      -0.0000000000000000       0.0000000000000000          0
  87.632485      17.022528      -0.0000000000000000       0.0000000000000000          0
  90.793142      17.415696      -0.0000000000000000       0.0000000000000000          0
  93.962215      17.796092      -0.0000000000000000       0.0000000000000000          0
  97.139741      18.162517      -1.1632446311811635      -0.1259181770886033      60302
  100.325694      18.513806      -0.0000000000000000       0.0000000000000000          0
  103.519991      18.848830      -1.2936717429213167       0.0355458387099783        604
  106.722483      19.166507      -1.3499015738973075       0.0536314104620975        604
  109.932957      19.465799      -1.4020394617695258       0.0738756470822733        604
  113.151137      19.745719      -1.3490552467432231       0.0753319496058661        612
  116.376680      20.005340      -0.0000000000000000       0.0000000000000000          0
  119.609181      20.243792      -0.0000000000000000       0.0000000000000000          0
  122.848174      20.460272      -0.0000000000000000       0.0000000000000000          0
  126.093133      20.654045      -0.0000000000000000       0.0000000000000000          0
  129.343478      20.824450      -7.1368094022201456       1.1939006246065522        801
  132.598579      20.970902      -7.1562938674354504       1.3365911541836692        801
  32.230315       6.638784      -1.2159792717704456       0.4386894733730198        712
  35.298794       7.043360      -1.2336251422217930       0.4437882158800906        712
  38.368623       7.457998      -1.2477390622008202       0.4498473643416888        712
  41.440162       7.881513      -1.2735592051579736       0.9468191926712661        709
  44.513789       8.312693      -1.2482823423178431       0.9589095793892289        709
  47.589895       8.750302      -1.2193893409958405       0.9717885423946930        709
  50.668886       9.193085      -1.1869503916772484       0.9854016428842309        709
  53.751170       9.639768      -0.0000000000000000       0.0000000000000000          0
  56.837161      10.089062      -0.0000000000000000       0.0000000000000000          0
  59.927271      10.539665      -0.0000000000000000       0.0000000000000000          0
  63.021908      10.990270      -0.0000000000000000       0.0000000000000000          0
  66.121467      11.439560      -0.0000000000000000       0.0000000000000000          0
  69.226331      11.886217      -0.0000000000000000       0.0000000000000000          0
  72.336862      12.328925      -0.0000000000000000       0.0000000000000000          0
  75.453400      12.766370      -0.0000000000000000       0.0000000000000000          0
  78.576256      13.197247      -0.0000000000000000       0.0000000000000000          0
  81.705708      13.620260      -0.0000000000000000       0.0000000000000000          0
  84.841997      14.034130      -0.0000000000000000       0.0000000000000000          0
  87.985323      14.437596      -0.0000000000000000       0.0000000000000000          0
  91.135840      14.829419      -0.0000000000000000       0.0000000000000000          0
  94.293655      15.208385      -0.0000000000000000       0.0000000000000000          0
  97.458822      15.573314      -1.1670297564279055      -0.0934454157339793      60302
  100.631343      15.923057      -1.2665938328900466       0.0152018354465484        647
  103.811161      16.256507      -1.2989538589307190       0.0877349883797800      60402
  106.998161      16.572598      -1.3545472820125206       0.1026934952360842        604
  110.192170      16.870313      -1.4060591468603401       0.1196525716229595        604
  113.392956      17.148686      -0.0000000000000000       0.0000000000000000          0
  116.600227      17.406808      -0.0000000000000000       0.0000000000000000          0
  119.813633      17.643829      -0.0000000000000000       0.0000000000000000          0
  123.032769      17.858965      -7.0335546428231632       1.0064464381990272        801
  126.257175      18.051500      -7.0970650002275946       1.1239067081158132        801
  129.486343      18.220786      -7.1381484773707449       1.2453946426788760        801
  132.719718      18.366255      -7.1565734690390990       1.3700625878876656        801
  32.569653       4.053622      -1.2181031847718709       0.4575033311176383        712
  35.647366       4.459384      -1.2354067747255522       0.4598666941066905        712
  38.725465       4.875103      -0.0000000000000000       0.0000000000000000          0
  41.804287       5.299580      -1.2707547259469483       0.9326243085420610        709
  44.884188       5.731594      -1.2449922271372267       0.9420720748608195        709
  47.965542       6.169898      -1.2156184635325802       0.9523779415412792        709
  51.048733       6.613228      -0.0000000000000000       0.0000000000000000          0
  54.134156       7.060304      -0.0000000000000000       0.0000000000000000          0
  57.222210       7.509832      -0.0000000000000000       0.0000000000000000          0
  60.313295       7.960507      -0.0000000000000000       0.0000000000000000          0
  63.407805       8.411020      -0.0000000000000000       0.0000000000000000          0
  66.506130       8.860054      -0.0000000000000000       0.0000000000000000          0
  69.608645       9.306295      -0.0000000000000000       0.0000000000000000          0
  72.715708       9.748429      -0.0000000000000000       0.0000000000000000          0
  75.827655      10.185150      -0.0000000000000000       0.0000000000000000          0
  78.944800      10.615159      -0.0000000000000000       0.0000000000000000          0
  82.067422      11.037172      -0.0000000000000000       0.0000000000000000          0
  85.195770      11.449919      -0.0000000000000000       0.0000000000000000          0
  88.330052      11.852152      -0.0000000000000000       0.0000000000000000          0
  91.470437      12.242646      -0.0000000000000000       0.0000000000000000          0
  94.617048      12.620205      -0.0000000000000000       0.0000000000000000          0
  97.769961      12.983663      -1.1706857991946349      -0.0613730723458076      60302
  100.929201      13.331890      -1.2691279635369730       0.0399741653510410        647
  104.094742      13.663796      -1.3040660670195725       0.1391453912419916      60402
  107.266504      13.978335      -1.3590392658672412       0.1509503519470757      60402
  110.444352      14.274509      -1.3382241553951322       0.0819178591735200        612
  113.628099      14.551372      -1.3506524190751075       0.0992895965694754        613
  116.817502      14.808033      -1.3589223218162969       0.1175908588998395        613
  120.012263      15.043662      -6.9538537942964131       0.9939234669057511        801
  123.212038      15.257490      -7.0376724817512857       1.0892055212289176        801
  126.416429      15.448819      -7.0996208021716534       1.1890243128269886        801
  129.624995      15.617019      -7.1394056167284194       1.2926425939691142        801
  132.837253      15.761534      -7.1568141732184909       1.3992765185681588        801
  32.906827       1.468319      -1.2201712302306065       0.4747373951981936        712
  35.993493       1.875245      -1.2371306654092418       0.4743343235713415        712
  39.079572       2.292020      -1.2504983090471433       0.4748390776488244        713
  42.165378       2.717437      -1.2679229272723340       0.9158050272725840        709
  45.251251       3.150259      -1.2416804216662622       0.9225937434727556        709
  48.337546       3.589233      -0.0000000000000000       0.0000000000000000          0
  51.424632       4.033086      -0.0000000000000000       0.0000000000000000          0
  54.512892       4.480531      -0.0000000000000000       0.0000000000000000          0
  57.602713       4.930271      -0.0000000000000000       0.0000000000000000          0
  60.694485       5.380997      -0.0000000000000000       0.0000000000000000          0
  63.788596       5.831398      -0.0000000000000000       0.0000000000000000          0
  66.885428       6.280161      -0.0000000000000000       0.0000000000000000          0
  69.985354       6.725972      -0.0000000000000000       0.0000000000000000          0
  73.088731       7.167522      -0.0000000000000000       0.0000000000000000          0
  76.195896       7.603511      -0.0000000000000000       0.0000000000000000          0
  79.307165       8.032650      -0.0000000000000000       0.0000000000000000          0
  82.422825       8.453661      -0.0000000000000000       0.0000000000000000          0
  85.543132       8.865290      -0.0000000000000000       0.0000000000000000          0
  88.668309       9.266298      -0.0000000000000000       0.0000000000000000          0
  91.798537       9.655476      -0.0000000000000000       0.0000000000000000          0
  94.933960      10.031643      -1.2116172826631562       0.0464691072136237      67352
  98.074676      10.393649      -1.2434415706337281       0.0546186754966703      67301
  101.220737      10.740382      -1.2715750990905439       0.0640641080498414        647
  104.372147      11.070770      -1.2959137862820569       0.0747511391896278      64701
  107.528861      11.383785      -1.3634022275915920       0.1983206725249129      60402
  110.690783      11.678447      -1.3393342066541836       0.0961403201481677        613
  113.857769      11.953830      -1.3513881198128732       0.1101975849370278        613
  117.029624      12.209060      -0.0000000000000000       0.0000000000000000          0
  120.206103      12.443325      -0.9733916556215182       0.4422910085299896        677
  123.386917      12.655876      -7.0416231127646025       1.1676800998910084        801
  126.571730      12.846028      -7.1020603610666697       1.2498567004483534        801
  129.760165      13.013168      -7.1405909491183754       1.3356140180692642        801
  132.951807      13.156752      -7.1570197936313740       1.4242307099814118        801
  33.243221      -1.117034      -1.2221923853593819       0.4903584271083525        701
  36.338599      -0.708963      -1.2388045204841356       0.4871646210432447        712
  39.432402      -0.291149      -1.2517962095553545       0.4848543998983115        713
  42.524927       0.135185      -0.0000000000000000       0.0000000000000000          0
  45.616497       0.568796      -0.0000000000000000       0.0000000000000000          0
  48.707452       1.008418      -0.0000000000000000       0.0000000000000000          0
  51.798151       1.452772      -0.0000000000000000       0.0000000000000000          0
  54.888963       1.900565      -0.0000000000000000       0.0000000000000000          0
  57.980270       2.350495      -0.0000000000000000       0.0000000000000000          0
  61.072453       2.801252      -0.0000000000000000       0.0000000000000000          0
  64.165898       3.251524      -0.0000000000000000       0.0000000000000000          0
  67.260983       3.699997      -0.0000000000000000       0.0000000000000000          0
  70.358081       4.145363      -0.0000000000000000       0.0000000000000000          0
  73.457549       4.586318      -0.0000000000000000       0.0000000000000000          0
  76.559731       5.021566      -0.0000000000000000       0.0000000000000000          0
  79.664946       5.449827      -0.0000000000000000       0.0000000000000000          0
  82.773493       5.869835      -0.0000000000000000       0.0000000000000000          0
  85.885637       6.280344      -0.0000000000000000       0.0000000000000000          0
  89.001617       6.680132      -0.0000000000000000       0.0000000000000000          0
  92.121631       7.068001      -0.0000000000000000       0.0000000000000000          0
  95.245844       7.442785      -0.0000000000000000       0.0000000000000000          0
  98.374377       7.803353      -1.2462845682621209       0.0810225540730138      67352
  101.507310       8.148607      -1.2739484865455035       0.0874371084763405        647
  104.644679       8.477495      -1.2978354123453009       0.0950134781532090      64701
  107.786474       8.789006      -0.0000000000000000       0.0000000000000000          0
  110.932638       9.082179      -1.3403995537660816       0.1096394346499942      61404
  114.083069       9.356104      -0.0000000000000000       0.0000000000000000          0
  117.237619       9.609928      -1.3540213524504068       0.1355511237474254      61413
  120.396096       9.842854      -6.9650586217210027       1.1811973859896130        801
  123.558264      10.054150      -7.0454303133289775       1.2417735759952115        801
  126.723845      10.243148      -7.1043992763777295       1.3063386012646401        801
  129.892524      10.409248      -7.1417131134279632       1.3742743131431299        801
  133.063951      10.551919      -7.1571933741416469       1.4449205796323465        801
  33.580207      -3.702349      -1.2241748612421068       0.5043327382935744        701
  36.684090      -3.293145      -1.2404352281190885       0.4983305539998990        713
  39.785393      -2.874307      -1.2530472027866812       0.4931892694365322        713
  42.884400      -2.447071      -0.0000000000000000       0.0000000000000000          0
  45.981416      -2.012691      -0.0000000000000000       0.0000000000000000          0
  49.076772      -1.572439      -0.0000000000000000       0.0000000000000000          0
  52.170816      -1.127604      -0.0000000000000000       0.0000000000000000          0
  55.263912      -0.679483      -0.0000000000000000       0.0000000000000000          0
  58.356433      -0.229383      -0.0000000000000000       0.0000000000000000          0
  61.448759       0.221385      -0.0000000000000000       0.0000000000000000          0
  64.541273       0.671509      -0.0000000000000000       0.0000000000000000          0
  67.634355       1.119676      -0.0000000000000000       0.0000000000000000          0
  70.728380       1.564581      -0.0000000000000000       0.0000000000000000          0
  73.823709       2.004925      -0.0000000000000000       0.0000000000000000          0
  76.920693       2.439421      -0.0000000000000000       0.0000000000000000          0
  80.019661       2.866795      -0.0000000000000000       0.0000000000000000          0
  83.120921       3.285792      -0.0000000000000000       0.0000000000000000          0
  86.224756       3.695179      -0.0000000000000000       0.0000000000000000          0
  89.331417       4.093744      -0.0000000000000000       0.0000000000000000          0
  92.441124       4.480305      -0.0000000000000000       0.0000000000000000          0
  95.554064       4.853712      -0.0000000000000000       0.0000000000000000          0
  98.670384       5.212848      -1.2490590584804491       0.1066737548231875      67350
  101.790192       5.556634      -1.2762600487366405       0.1100561463444050      67301
  104.913556       5.884034      -1.2997024913537059       0.1145228524787018      64701
  108.040502       6.194055      -1.3193038220108608       0.1200226288994880        614
  111.171011       6.485753      -6.6105758875141341       1.1654764712490340        774
  114.305025       6.758238      -0.0000000000000000       0.0000000000000000          0
  117.442442       7.010673      -4.6925378150515300      -6.6927401891043559        667
  120.583119       7.242278      -4.9115415659377035      -6.6796696628425103        670
  123.726872       7.452338      -7.0491151495744617       1.3113839658258304        801
  126.873481       7.640198      -7.1066512184887696       1.3584006343351041        801
  130.022689       7.805274      -7.1427795129748075       1.4085861906467356        801
  133.174209       7.947048      -7.1573373060428072       1.4613404128628384        801
>