>anchorPlateId 301
>reconstructionTime 70
>DeformingMeshPoints.gpml lat_lon_velocity_domain_28_32.gpml
>MeshNode <identity>GPlates-b7a3af0e-8119-4abb-9ae6-39bb7e5702ce</identity> <revision>GPlates-7b04c5e6-7801-49f1-bcc4-23d6f4e5417f</revision>
> reconstructionPlateId 0
> validTime TimePeriod <begin> TimeInstant <timePosition>http://gplates.org/times/distantPast</timePosition></begin> <end> TimeInstant <timePosition>http://gplates.org/times/distantFuture</timePosition></end>
  25.897390      70.728300      -0.0000000000000000       0.0000000000000000        302
  28.608408      70.934066      -0.0000000000000000       0.0000000000000000        302
  31.343540      71.146273      -0.0000000000000000       0.0000000000000000        302
  34.104400      71.364493      -0.0000000000000000       0.0000000000000000        302
  36.892667      71.588276      -0.0000000000000000       0.0000000000000000        302
  39.710086      71.817145      -0.0000000000000000       0.0000000000000000        302
  42.558473      72.050598      -0.0000000000000000       0.0000000000000000        302
  45.439707      72.288107      -0.0000000000000000       0.0000000000000000        302
  48.355733      72.529115      -0.0000000000000000       0.0000000000000000        302
  51.308555      72.773037      -0.0000000000000000       0.0000000000000000        302
  54.300229      73.019259      -0.0000000000000000       0.0000000000000000        373
  57.332858      73.267136      -0.0000000000000000       0.0000000000000000        372
  60.408577      73.515991      -0.0000000000000000       0.0000000000000000        372
  63.529543      73.765117      -0.0000000000000000       0.0000000000000000        372
  66.697912      74.013772      -0.0000000000000000       0.0000000000000000        372
  69.915819      74.261184      -0.0000000000000000       0.0000000000000000        372
  73.185353      74.506546      -0.0000000000000000       0.0000000000000000        372
  76.508520      74.749019      -0.0000000000000000       0.0000000000000000        404
  79.887210      74.987734      -0.0000000000000000       0.0000000000000000        404
  83.323148      75.221790      -0.0000000000000000       0.0000000000000000        404
  86.817850      75.450259      -0.0000000000000000       0.0000000000000000        404
  90.372560      75.672190      -0.0000000000000000       0.0000000000000000        404
  93.988195      75.886607      -0.0000000000000000       0.0000000000000000        404
  97.665276      76.092523      -0.0000000000000000       0.0000000000000000        404
  101.403860      76.288940      -0.0000000000000000       0.0000000000000000        404
  105.203471      76.474857      -0.0000000000000000       0.0000000000000000        401
  109.063033      76.649284      -0.0000000000000000       0.0000000000000000        401
  112.980808      76.811245      -0.0000000000000000       0.0000000000000000        401
  116.954342      76.959797      -0.0000000000000000       0.0000000000000000        401
  120.980432      77.094036      -0.0000000000000000       0.0000000000000000        401
  125.055096      77.213116      -0.0000000000000000       0.0000000000000000          0
  129.173585      77.316258      -0.0000000000000000       0.0000000000000000          0
  133.330402      77.402768      -0.0000000000000000       0.0000000000000000          0
  27.450867      68.178586      -0.0000000000000000       0.0000000000000000        302
  30.227712      68.388162      -0.0000000000000000       0.0000000000000000        302
  33.027150      68.604041      -0.0000000000000000       0.0000000000000000        302
  35.850582      68.825761      -0.0000000000000000       0.0000000000000000        302
  38.699455      69.052830      -0.0000000000000000       0.0000000000000000        302
  41.575252      69.284734      -0.0000000000000000       0.0000000000000000        302
  44.479496      69.520933      -0.0000000000000000       0.0000000000000000        302
  47.413745      69.760860      -0.0000000000000000       0.0000000000000000        302
  50.379583      70.003922      -0.0000000000000000       0.0000000000000000        302
  53.378618      70.249499      -0.0000000000000000       0.0000000000000000        302
  56.412475      70.496943      -0.0000000000000000       0.0000000000000000        373
  59.482780      70.745577      -0.0000000000000000       0.0000000000000000        372
  62.591153      70.994698      -0.0000000000000000       0.0000000000000000        372
  65.739192      71.243574      -0.0000000000000000       0.0000000000000000        372
  68.928452      71.491446      -0.0000000000000000       0.0000000000000000        372
  72.160433      71.737528      -0.0000000000000000       0.0000000000000000        401
  75.436546      71.981008      -0.0000000000000000       0.0000000000000000        401
  78.758097      72.221048      -0.0000000000000000       0.0000000000000000        401
  82.126247      72.456787      -0.0000000000000000       0.0000000000000000        401
  85.541989      72.687347      -0.0000000000000000       0.0000000000000000        401
  89.006102      72.911827      -0.0000000000000000       0.0000000000000000        401
  92.519122      73.129317      -0.0000000000000000       0.0000000000000000        401
  96.081293      73.338895      -0.0000000000000000       0.0000000000000000        401
  99.692534      73.539636      -0.0000000000000000       0.0000000000000000        401
  103.352392      73.730618      -0.0000000000000000       0.0000000000000000        401
  107.060005      73.910926      -0.0000000000000000       0.0000000000000000        401
  110.814068      74.079666      -0.0000000000000000       0.0000000000000000        401
  114.612801      74.235968      -0.0000000000000000       0.0000000000000000          0
  118.453927      74.378998      -0.0000000000000000       0.0000000000000000          0
  122.334661      74.507967      -0.0000000000000000       0.0000000000000000          0
  126.251706      74.622145      -0.0000000000000000       0.0000000000000000          0
  130.201270      74.720865      -0.0000000000000000       0.0000000000000000          0
  134.179087      74.803537      -0.0000000000000000       0.0000000000000000          0
  28.692781      65.617250      -0.0000000000000000       0.0000000000000000        302
  31.519521      65.829752      -0.0000000000000000       0.0000000000000000        302
  34.367256      66.048431      -0.0000000000000000       0.0000000000000000        302
  37.237209      66.272790      -0.0000000000000000       0.0000000000000000        302
  40.130629      66.502311      -0.0000000000000000       0.0000000000000000        302
  43.048783      66.736448      -0.0000000000000000       0.0000000000000000        302
  45.992957      66.974631      -0.0000000000000000       0.0000000000000000        302
  48.964452      67.216266      -0.0000000000000000       0.0000000000000000        302
  51.964574      67.460733      -0.0000000000000000       0.0000000000000000        302
  54.994630      67.707385      -0.0000000000000000       0.0000000000000000        302
  58.055919      67.955552      -0.0000000000000000       0.0000000000000000        302
  61.149722      68.204537      -0.0000000000000000       0.0000000000000000        302
  64.277289      68.453619      -0.0000000000000000       0.0000000000000000        302
  67.439828      68.702054      -0.0000000000000000       0.0000000000000000        302
  70.638488      68.949072      -0.0000000000000000       0.0000000000000000        401
  73.874342      69.193883      -0.0000000000000000       0.0000000000000000        401
  77.148368      69.435676      -0.0000000000000000       0.0000000000000000        401
  80.461426      69.673622      -0.0000000000000000       0.0000000000000000        401
  83.814240      69.906874      -0.0000000000000000       0.0000000000000000        401
  87.207367      70.134573      -0.0000000000000000       0.0000000000000000        401
  90.641175      70.355848      -0.0000000000000000       0.0000000000000000        401
  94.115816      70.569825      -0.0000000000000000       0.0000000000000000        401
  97.631194      70.775625      -0.0000000000000000       0.0000000000000000        401
  101.186948      70.972376      -0.0000000000000000       0.0000000000000000        401
  104.782415      71.159212      -0.0000000000000000       0.0000000000000000        401
  108.416617      71.335286      -0.0000000000000000       0.0000000000000000        401
  112.088235      71.499773      -0.0000000000000000       0.0000000000000000        401
  115.795595      71.651879      -0.0000000000000000       0.0000000000000000        401
  119.536661      71.790848      -0.0000000000000000       0.0000000000000000        401
  123.309031      71.915970      -0.0000000000000000       0.0000000000000000        401
  127.109942      72.026591      -0.0000000000000000       0.0000000000000000      43102
  130.936286      72.122120      -0.0000000000000000       0.0000000000000000          0
  134.784631      72.202037      -0.0000000000000000       0.0000000000000000          0
  29.711261      63.047612      -0.0000000000000000       0.0000000000000000        302
  32.577036      63.262435      -0.0000000000000000       0.0000000000000000        302
  35.462253      63.483317      -0.0000000000000000       0.0000000000000000        302
  38.367983      63.709738      -0.0000000000000000       0.0000000000000000        302
  41.295308      63.941153      -0.0000000000000000       0.0000000000000000        302
  44.245322      64.176994      -0.0000000000000000       0.0000000000000000        302
  47.219121      64.416668      -0.0000000000000000       0.0000000000000000        302
  50.217800      64.659559      -0.0000000000000000       0.0000000000000000        302
  53.242451      64.905026      -0.0000000000000000       0.0000000000000000        302
  56.294148      65.152404      -0.0000000000000000       0.0000000000000000        302
  59.373948      65.401007      -0.0000000000000000       0.0000000000000000        302
  62.482874      65.650123      -0.0000000000000000       0.0000000000000000        302
  65.621911      65.899021      -0.0000000000000000       0.0000000000000000        390
  68.791988      66.146948      -0.0000000000000000       0.0000000000000000        468
  71.993970      66.393132      -0.0000000000000000       0.0000000000000000        401
  75.228640      66.636782      -0.0000000000000000       0.0000000000000000        401
  78.496687      66.877093      -0.0000000000000000       0.0000000000000000        401
  81.798685      67.113244      -0.0000000000000000       0.0000000000000000        401
  85.135078      67.344403      -0.0000000000000000       0.0000000000000000        401
  88.506159      67.569731      -0.0000000000000000       0.0000000000000000        401
  91.912056      67.788384      -0.0000000000000000       0.0000000000000000        401
  95.352705      67.999517      -0.0000000000000000       0.0000000000000000        401
  98.827838      68.202289      -0.0000000000000000       0.0000000000000000        401
  102.336962      68.395868      -0.0000000000000000       0.0000000000000000        401
  105.879341      68.579437      -0.0000000000000000       0.0000000000000000        401
  109.453987      68.752198      -0.0000000000000000       0.0000000000000000        401
  113.059644      68.913379      -0.0000000000000000       0.0000000000000000        401
  116.694781      69.062244      -0.0000000000000000       0.0000000000000000        401
  120.357591      69.198092      -0.0000000000000000       0.0000000000000000        401
  124.045992      69.320274      -0.0000000000000000       0.0000000000000000        401
  127.757633      69.428189      -0.0000000000000000       0.0000000000000000      43102
  131.489911      69.521301      -0.0000000000000000       0.0000000000000000      43101
  135.239984      69.599136      -0.0000000000000000       0.0000000000000000          0
  30.564364      60.471847      -0.0000000000000000       0.0000000000000000        302
  33.461493      60.688559      -0.0000000000000000       0.0000000000000000        302
  36.376597      60.911222      -0.0000000000000000       0.0000000000000000        302
  39.310621      61.139296      -0.0000000000000000       0.0000000000000000        302
  42.264511      61.372218      -0.0000000000000000       0.0000000000000000        302
  45.239215      61.609400      -0.0000000000000000       0.0000000000000000        302
  48.235677      61.850230      -0.0000000000000000       0.0000000000000000        302
  51.254830      62.094075      -0.0000000000000000       0.0000000000000000        302
  54.297594      62.340279      -0.0000000000000000       0.0000000000000000        302
  57.364868      62.588162      -0.0000000000000000       0.0000000000000000        302
  60.457520      62.837025      -0.0000000000000000       0.0000000000000000        390
  63.576383      63.086150      -0.0000000000000000       0.0000000000000000        390
  66.722242      63.334795      -0.0000000000000000       0.0000000000000000        468
  69.895828      63.582206      -0.0000000000000000       0.0000000000000000        468
  73.097800      63.827608      -0.0000000000000000       0.0000000000000000        401
  76.328742      64.070214      -0.0000000000000000       0.0000000000000000        401
  79.589141      64.309224      -0.0000000000000000       0.0000000000000000        401
  82.879381      64.543827      -0.0000000000000000       0.0000000000000000        401
  86.199726      64.773206      -0.0000000000000000       0.0000000000000000        401
  89.550304      64.996540      -0.0000000000000000       0.0000000000000000        401
  92.931097      65.213008      -0.0000000000000000       0.0000000000000000        401
  96.341921      65.421791      -0.0000000000000000       0.0000000000000000        401
  99.782419      65.622078      -0.0000000000000000       0.0000000000000000        401
  103.252044      65.813073      -0.0000000000000000       0.0000000000000000        401
  106.750050      65.993994      -0.0000000000000000       0.0000000000000000        401
  110.275484      66.164085      -0.0000000000000000       0.0000000000000000        401
  113.827177      66.322617      -0.0000000000000000       0.0000000000000000        401
  117.403741      66.468895      -0.0000000000000000       0.0000000000000000        401
  121.003571      66.602264      -0.0000000000000000       0.0000000000000000        401
  124.624848      66.722117      -0.0000000000000000       0.0000000000000000        401
  128.265544      66.827898      -0.0000000000000000       0.0000000000000000      43101
  131.923438      66.919108      -0.0000000000000000       0.0000000000000000      43101
  135.596128      66.995310      -0.0000000000000000       0.0000000000000000      43101
  31.291827      57.891437      -0.0000000000000000       0.0000000000000000        302
  34.214704      58.109718      -0.0000000000000000       0.0000000000000000        302
  37.154190      58.333854      -0.0000000000000000       0.0000000000000000        302
  40.111123      58.563288      -0.0000000000000000       0.0000000000000000        302
  43.086337      58.797438      -0.0000000000000000       0.0000000000000000        302
  46.080659      59.035701      -0.0000000000000000       0.0000000000000000        302
  49.094909      59.277451      -0.0000000000000000       0.0000000000000000        302
  52.129891      59.522041      -0.0000000000000000       0.0000000000000000        302
  55.186389      59.768801      -0.0000000000000000       0.0000000000000000        302
  58.265162      60.017043      -0.0000000000000000       0.0000000000000000        302
  61.366934      60.266058      -0.0000000000000000       0.0000000000000000        390
  64.492392      60.515119      -0.0000000000000000       0.0000000000000000        390
  67.642171      60.763484      -0.0000000000000000       0.0000000000000000        468
  70.816854      61.010393      -0.0000000000000000       0.0000000000000000        401
  74.016952      61.255074      -0.0000000000000000       0.0000000000000000        401
  77.242904      61.496743      -0.0000000000000000       0.0000000000000000        401
  80.495060      61.734605      -0.0000000000000000       0.0000000000000000        401
  83.773672      61.967863      -0.0000000000000000       0.0000000000000000        401
  87.078883      62.195710      -0.0000000000000000       0.0000000000000000        401
  90.410718      62.417342      -0.0000000000000000       0.0000000000000000        401
  93.769070      62.631958      -0.0000000000000000       0.0000000000000000        401
  97.153688      62.838763      -0.0000000000000000       0.0000000000000000        401
  100.564174      63.036971      -0.0000000000000000       0.0000000000000000        401
  103.999967      63.225813      -0.0000000000000000       0.0000000000000000        401
  107.460340      63.404540      -0.0000000000000000       0.0000000000000000        401
  110.944394      63.572427      -0.0000000000000000       0.0000000000000000        401
  114.451050      63.728781      -0.0000000000000000       0.0000000000000000        401
  117.979055      63.872940      -0.0000000000000000       0.0000000000000000        401
  121.526976      64.004285      -0.0000000000000000       0.0000000000000000        401
  125.093211      64.122243      -0.0000000000000000       0.0000000000000000        401
  128.675990      64.226291      -0.0000000000000000       0.0000000000000000      43102
  132.273392      64.315960      -0.0000000000000000       0.0000000000000000      43101
  135.883351      64.390842      -0.0000000000000000       0.0000000000000000      43101
  31.921739      55.307426      -0.0000000000000000       0.0000000000000000        302
  34.866162      55.527036      -0.0000000000000000       0.0000000000000000        302
  37.825929      55.752413      -0.0000000000000000       0.0000000000000000        302
  40.801787      55.982984      -0.0000000000000000       0.0000000000000000        302
  43.794474      56.218156      -0.0000000000000000       0.0000000000000000        302
  46.804720      56.457310      -0.0000000000000000       0.0000000000000000        302
  49.833241      56.699808      -0.0000000000000000       0.0000000000000000        302
  52.880735      56.944993      -0.0000000000000000       0.0000000000000000        302
  55.947878      57.192184      -0.0000000000000000       0.0000000000000000        302
  59.035316      57.440685      -0.0000000000000000       0.0000000000000000        302
  62.143663      57.689780      -0.0000000000000000       0.0000000000000000        390
  65.273489      57.938739      -0.0000000000000000       0.0000000000000000        468
  68.425319      58.186814      -0.0000000000000000       0.0000000000000000        468
  71.599620      58.433246      -0.0000000000000000       0.0000000000000000        401
  74.796797      58.677265      -0.0000000000000000       0.0000000000000000        401
  78.017181      58.918090      -0.0000000000000000       0.0000000000000000        401
  81.261024      59.154936      -0.0000000000000000       0.0000000000000000        401
  84.528488      59.387011      -0.0000000000000000       0.0000000000000000        401
  87.819635      59.613524      -0.0000000000000000       0.0000000000000000        401
  91.134422      59.833684      -0.0000000000000000       0.0000000000000000        401
  94.472689      60.046708      -0.0000000000000000       0.0000000000000000        401
  97.834152      60.251819      -0.0000000000000000       0.0000000000000000        401
  101.218397      60.448255      -0.0000000000000000       0.0000000000000000        401
  104.624871      60.635272      -0.0000000000000000       0.0000000000000000        401
  108.052880      60.812145      -0.0000000000000000       0.0000000000000000        401
  111.501584      60.978177      -0.0000000000000000       0.0000000000000000        401
  114.969995      61.132701      -0.0000000000000000       0.0000000000000000        401
  118.456976      61.275087      -0.0000000000000000       0.0000000000000000        401
  121.961245      61.404743      -0.0000000000000000       0.0000000000000000        401
  125.481379      61.521123      -0.0000000000000000       0.0000000000000000        401
  129.015821      61.623731      -0.0000000000000000       0.0000000000000000        401
  132.562887      61.712122      -0.0000000000000000       0.0000000000000000        401
  136.120780      61.785910      -0.0000000000000000       0.0000000000000000        401
  32.474505      52.720571      -0.0000000000000000       0.0000000000000000        302
  35.437256      52.941324      -0.0000000000000000       0.0000000000000000        302
  38.414179      53.167763      -0.0000000000000000       0.0000000000000000        302
  41.405943      53.399304      -0.0000000000000000       0.0000000000000000        302
  44.413205      53.635339      -0.0000000000000000       0.0000000000000000        302
  47.436614      53.875241      -0.0000000000000000       0.0000000000000000        302
  50.476799      54.118360      -0.0000000000000000       0.0000000000000000        302
  53.534372      54.364029      -0.0000000000000000       0.0000000000000000        302
  56.609920      54.611560      -0.0000000000000000       0.0000000000000000        302
  59.704000      54.860250      -0.0000000000000000       0.0000000000000000        302
  62.817134      55.109378      -0.0000000000000000       0.0000000000000000        390
  65.949807      55.358210      -0.0000000000000000       0.0000000000000000        468
  69.102451      55.605997      -0.0000000000000000       0.0000000000000000        468
  72.275451      55.851980      -0.0000000000000000       0.0000000000000000        468
  75.469126      56.095391      -0.0000000000000000       0.0000000000000000        401
  78.683732      56.335455      -0.0000000000000000       0.0000000000000000        401
  81.919449      56.571391      -0.0137272345753216       0.0070474455043705          0
  85.176374      56.802419      -0.0096552654509199       0.0055138511436076          0
  88.454517      57.027756      -0.0000000000000000       0.0000000000000000        401
  91.753790      57.246627      -0.0000000000000000       0.0000000000000000        401
  95.074003      57.458262      -0.0000000000000000       0.0000000000000000        401
  98.414857      57.661904      -0.0000000000000000       0.0000000000000000        401
  101.775939      57.856808      -0.0000000000000000       0.0000000000000000        401
  105.156716      58.042252      -0.0000000000000000       0.0000000000000000        401
  108.556533      58.217532      -0.0000000000000000       0.0000000000000000        401
  111.974610      58.381975      -0.0000000000000000       0.0000000000000000        401
  115.410041      58.534937      -0.0000000000000000       0.0000000000000000          0
  118.861796      58.675812      -0.0000000000000000       0.0000000000000000        401
  122.328722      58.804031      -0.0000000000000000       0.0000000000000000        401
  125.809548      58.919072      -0.0000000000000000       0.0000000000000000        401
  129.302891      59.020458      -0.0000000000000000       0.0000000000000000        401
  132.807264      59.107768      -0.0000000000000000       0.0000000000000000        401
  136.321087      59.180632      -0.0000000000000000       0.0000000000000000        401
  32.965308      50.131433      -0.0000000000000000       0.0000000000000000        302
  35.943871      50.353183      -0.0000000000000000       0.0000000000000000        302
  38.935520      50.580545      -0.0000000000000000       0.0000000000000000        302
  41.940855      50.812924      -0.0000000000000000       0.0000000000000000        302
  44.960466      51.049701      -0.0000000000000000       0.0000000000000000        302
  47.994929      51.290240      -0.0000000000000000       0.0000000000000000        302
  51.044803      51.533882      -0.0000000000000000       0.0000000000000000        302
  54.110629      51.779952      -0.0000000000000000       0.0000000000000000        302
  57.192919      52.027756      -0.0000000000000000       0.0000000000000000        302
  60.292158      52.276584      -0.0000000000000000       0.0000000000000000        390
  63.408797      52.525713      -0.0000000000000000       0.0000000000000000        465
  66.543247      52.774405      -0.0000000000000000       0.0000000000000000        465
  69.695874      53.021911      -0.0000000000000000       0.0000000000000000        458
  72.866992      53.267473      -0.0000000000000000       0.0000000000000000        459
  76.056862      53.510325      -0.1448879328410133       0.0604805481860437          0
  79.265680      53.749696      -0.5704174057769844       0.2668864660483874          0
  82.493573      53.984813      -0.7902290192361008       0.4118890175016769          0
  85.740594      54.214903      -0.8448541008820840       0.4880864868847870          0
  89.006716      54.439194      -0.7528254825951106       0.4800976726536799          0
  92.291826      54.656923      -0.5473587344291073       0.3841058013634603          0
  95.595716      54.867334      -0.2510809250662181       0.1934097578396903          0
  98.918086      55.069684      -0.0000000000000000       0.0000000000000000        401
  102.258531      55.263246      -0.0000000000000000       0.0000000000000000        401
  105.616546      55.447315      -0.0000000000000000       0.0000000000000000        401
  108.991516      55.621207      -0.0000000000000000       0.0000000000000000          0
  112.382720      55.784268      -0.0595035214036464       0.0217185009866009          0
  115.789328      55.935876      -0.1265810431371031       0.0523785807097962          0
  119.210404      56.075442      -0.1641132891962974       0.0761957331078529          0
  122.644908      56.202420      -0.1824387556591247       0.0913696443321730          0
  126.091697      56.316305      -0.1939784144021507       0.0954321713291309          0
  129.549538      56.416641      -0.1964052870875209       0.0876112206724132          0
  133.017107      56.503020      -0.1999362812028593       0.0751948913005654          0
  136.493002      56.575090      -0.2021576459890883       0.0637646487453336          0
  33.405678      47.540440      -0.0000000000000000       0.0000000000000000        302
  36.398057      47.763069      -0.0000000000000000       0.0000000000000000        302
  39.402509      47.991243      -0.0000000000000000       0.0000000000000000        302
  42.419578      48.224355      -0.0000000000000000       0.0000000000000000        302
  45.449792      48.461778      -0.0000000000000000       0.0000000000000000        302
  48.493669      48.702867      -0.0000000000000000       0.0000000000000000        302
  51.551708      48.946957      -0.0000000000000000       0.0000000000000000        302
  54.624387      49.193363      -0.0000000000000000       0.0000000000000000        302
  57.712159      49.441389      -0.0000000000000000       0.0000000000000000        302
  60.815449      49.690319      -0.0000000000000000       0.0000000000000000        390
  63.934649      49.939426      -0.0000000000000000       0.0000000000000000        465
  67.070112      50.187971      -0.0000000000000000       0.0000000000000000        458
  70.222149      50.435206      -0.0000000000000000       0.0000000000000000        459
  73.391024      50.680372      -0.4142125492252957       0.1577150739737318          0
  76.576947      50.922707      -1.0330050007009175       0.4412198915473775          0
  79.780071      51.161446      -1.4626141372200849       0.6966663893392734          0
  83.000487      51.395819      -1.6896004753279952       0.8934683439460437          0
  86.238214      51.625063      -1.7207372454750658       1.0062606470136080          0
  89.493202      51.848415      -1.5719687650736394       1.0129993409218128          0
  92.765322      52.065121      -1.2887655615294351       0.9124168731909744          0
  96.054361      52.274440      -0.9030350426254604       0.7005608250658183          0
  99.360022      52.475641      -0.4395215161573841       0.3728648742378288          0
  102.681919      52.668014      -0.0446493476243295       0.0413545026453203          0
  106.019572      52.850867      -0.0423404725660669       0.0119052190041868          0
  109.372410      53.023534      -0.1731161718463486       0.0559531758579805          0
  112.739767      53.185379      -0.2849497713376465       0.1049490263300028          0
  116.120883      53.335796      -0.3511882497047579       0.1458733277951674          0
  119.514905      53.474215      -0.3873318876446528       0.1774662707282192          0
  122.920891      53.600105      -0.4115746893715484       0.1954838599051771          0
  126.337813      53.712979      -0.4304674174076844       0.2022990588781237          0
  129.764562      53.812396      -0.4486094315260028       0.1999083769546468          0
  133.199954      53.897964      -0.4705857696702035       0.1908074014656666          0
  136.642738      53.969341      -0.5097793680252486       0.1863618707579556          0
  33.804532      44.947920      -0.0000000000000000       0.0000000000000000        302
  36.809118      45.171334      -0.0000000000000000       0.0000000000000000        302
  39.824832      45.400229      -0.0000000000000000       0.0000000000000000        301
  42.852165      45.633990      -0.0000000000000000       0.0000000000000000        301
  45.891596      45.871983      -0.0000000000000000       0.0000000000000000        301
  48.943590      46.113553      -0.0000000000000000       0.0000000000000000        302
  52.008594      46.358029      -0.0000000000000000       0.0000000000000000        302
  55.087036      46.604723      -0.0000000000000000       0.0000000000000000        302
  58.179317      46.852930      -0.0000000000000000       0.0000000000000000        302
  61.285814      47.101934      -0.0000000000000000       0.0000000000000000        390
  64.406867      47.351004      -0.0000000000000000       0.0000000000000000        466
  67.542786      47.599400      -0.0000000000000000       0.0000000000000000        458
  70.693836      47.846373      -0.3303862337390319       0.0620452587298300          0
  73.860241      48.091168      -1.3442802792943958       0.4672565313921150          0
  77.042173      48.333024      -2.0413919564112311       0.8897230483437448          0
  80.239753      48.571179      -2.4612509420859450       1.1921008588896229          0
  83.453042      48.804873      -2.6788065580982727       1.4363389220924141          0
  86.682040      49.033347      -2.6438923874678846       1.5651106029047948          0
  89.926680      49.255847      -2.4150238393900896       1.5735994842724659          0
  93.186825      49.471631      -2.0579655210395655       1.4712744107772167          0
  96.462264      49.679966      -1.5942387625567647       1.2467933378565985          0
  99.752710      49.880136      -1.1422882903254639       0.9204810346029668          0
  103.057794      50.071442      -0.7670843926521359       0.5474752259063374          0
  106.377068      50.253208      -0.5388974399026656       0.2682958771944741          0
  109.710001      50.424783      -0.4953540061146015       0.1694230917945307          0
  113.055979      50.585545      -0.5596158312741324       0.2077847837607734          0
  116.414306      50.734903      -0.6054215335704989       0.2526383444988297          0
  119.784205      50.872303      -0.6305341950288759       0.2879651518830501          0
  123.164820      50.997229      -0.6494395118021270       0.3087822178556697          0
  126.555223      51.109208      -0.6665812333166716       0.3169529937239041          0
  129.954413      51.207813      -0.6881806711774865       0.3149033125165674          0
  133.361326      51.292662      -0.7204482279994677       0.3050672842071349          0
  136.774840      51.363428      -0.7791473680616881       0.2999290690793855          0
  34.168884      42.354132      -0.0000000000000000       0.0000000000000000        551
  37.184365      42.578253      -0.0000000000000000       0.0000000000000000        551
  40.210086      42.807795      -0.0000000000000000       0.0000000000000000        551
  43.246494      43.042137      -2.3856454937186711      -0.1039046426394945        503
  46.294023      43.280636      -0.0000000000000000       0.0000000000000000        301
  49.353093      43.522632      -0.0000000000000000       0.0000000000000000        301
  52.424106      43.767447      -0.0000000000000000       0.0000000000000000        301
  55.507446      44.014388      -0.0000000000000000       0.0000000000000000        301
  58.603473      44.262746      -0.0000000000000000       0.0000000000000000        302
  61.712520      44.511802      -0.0000000000000000       0.0000000000000000        467
  64.834889      44.760824      -0.0000000000000000       0.0000000000000000        466
  67.970849      45.009070      -0.0000000000000000       0.0000000000000000        458
  71.120633      45.255792      -1.6378215951047186       0.1891139889231293          0
  74.284430      45.500236      -2.7803220279987579       0.5832827006256978          0
  77.462384      45.741645      -2.8974385323820391       1.2879526754299024        580
  80.654591      45.979262      -2.8487742685896764       1.4023104275400127        580
  83.861091      46.212330      -2.7909922699223699       1.5159319372588866        580
  87.081871      46.440097      -2.7241557794711637       1.6283761065413913        580
  90.316854      46.661819      -2.6483620130588950       1.7391885522354800        580
  93.565902      46.876762      -2.5637436337023605       1.8479040281090386        580
  96.828808      47.084204      -2.3230909026975621       1.7675576681247238          0
  100.105297      47.283439      -1.8924752069751190       1.3409894955830568          0
  103.395023      47.473781      -1.4555758798380056       0.9177627832563489          0
  106.697568      47.654567      -1.0697635797002003       0.5379028918953662          0
  110.012441      47.825157      -0.8623009736933200       0.3228534763335791          0
  113.339074      47.984944      -0.8585924955444305       0.3213394051981361          0
  116.676832      48.133351      -0.8768685816848825       0.3678398972024386          0
  120.025006      48.269837      -0.8817245114495756       0.4076201234360619          0
  123.382817      48.393899      -0.8865150280712957       0.4324274524493707          0
  126.749425      48.505077      -0.8937596243456839       0.4413620985542919          0
  130.123924      48.602954      -0.9095835824336487       0.4355698340472277          0
  133.505355      48.687163      -0.9442334892947191       0.4180934244269680          0
  136.892709      48.757383      -1.0104451987583727       0.4001364331032322          0
  34.504329      39.759281      -0.0000000000000000       0.0000000000000000        525
  37.529623      39.984044      -0.0000000000000000       0.0000000000000000        525
  40.564320      40.214174      -0.0000000000000000       0.0000000000000000        526
  43.608828      40.449040      -0.0000000000000000       0.0000000000000000        526
  46.663541      40.687994      -2.5650004758272686       0.1615901922344482        503
  49.728840      40.930370      -0.0000000000000000       0.0000000000000000        301
  52.805089      41.175484      -0.0000000000000000       0.0000000000000000        301
  55.892634      41.422640      -0.0000000000000000       0.0000000000000000        301
  58.991798      41.671125      -0.0000000000000000       0.0000000000000000        301
  62.102879      41.920218      -0.0000000000000000       0.0000000000000000        467
  65.226146      42.169183      -0.0000000000000000       0.0000000000000000        467
  68.361837      42.417280      -0.9388439847603033       0.1254021773382864          0
  71.510154      42.663761      -3.1341539378742826       0.4801706873010910          0
  74.671263      42.907873      -3.5157418843876216       0.6274904001916232        501
  77.845284      43.148863      -3.6407075142608818       0.7471105894208153        501
  81.032294      43.385978      -2.8729271724894416       1.4010460687168156          0
  84.232321      43.618465      -2.7837344518309930       1.5257401791302243        580
  87.445339      43.845581      -2.7160686305870341       1.6329987099987664        580
  90.671271      44.066587      -2.7244999177656166       1.7291211267601436          0
  93.909977      44.280758      -2.7743112320379542       1.8294704496862058          0
  97.161261      44.487382      -2.9327052745412967       1.8784594294317367          0
  100.424862      44.685763      -2.6688029819987049       1.6355049312661443          0
  103.700457      44.875225      -2.2051395694613607       1.2509477858371776          0
  106.987657      45.055117      -1.6557372246752966       0.7995662391412686          0
  110.286008      45.224813      -1.2369478856798413       0.4531057214280674          0
  113.594991      45.383715      -1.1718832930099734       0.4423951614466575          0
  116.914021      45.531259      -1.1559106283284100       0.4879023928892897          0
  120.242452      45.666917      -1.1343940393729857       0.5315975863018954          0
  123.579577      45.790197      -1.1154485066127937       0.5649961824395197          0
  126.924632      45.900651      -1.1045870960808015       0.5781462341872323          0
  130.276797      45.997872      -1.1072087045070071       0.5682793579461030          0
  133.635204      46.081502      -1.1350601505169660       0.5332821255954177          0
  136.998943      46.151229      -1.1989727654418183       0.4794138424739847          0
  34.815394      37.163535      -1.1929767058880669       0.1126860933850669        715
  37.849599      37.388887      -2.0853543144740243       0.1742628689929329        503
  40.892417      37.619553      -2.2571092840874858       0.2274521503094122        503
  43.944217      37.854896      -0.0000000000000000       0.0000000000000000        505
  47.005360      38.094262      -0.0000000000000000       0.0000000000000000        505
  50.076193      38.336980      -2.7350221752594388       0.4237394906960202        503
  53.157045      38.582362      -2.8801982146104601       0.5013225810447677        503
  56.248230      38.829706      -0.0000000000000000       0.0000000000000000        301
  59.350039      39.078299      -0.0000000000000000       0.0000000000000000        301
  62.462741      39.327414      -0.0000000000000000       0.0000000000000000        301
  65.586578      39.576317      -0.0000000000000000       0.0000000000000000        467
  68.721760      39.824266      -1.9655719626207326       0.3656388884644400          0
  71.868468      40.070515      -3.3964108121110623       0.7058549632198004        501
  75.026844      40.314313      -3.5302854946449860       0.8128394909401931        501
  78.196994      40.554909      -3.6538740643991048       0.9263452714620810        501
  81.378980      40.791553      -3.7666779446414305       1.0461161699175863        501
  84.572819      41.023499      -3.4392469843316431       1.3509036969141566          0
  87.778483      41.250009      -3.3954293164279559       1.5138857076205039          0
  90.995890      41.470352      -3.3573403503409800       1.6626448911766947          0
  94.224909      41.683809      -3.3672885611581855       1.7909295885926151          0
  97.465352      41.889678      -3.5093666416127096       1.8899170448333902          0
  100.716975      42.087272      -3.5086242663709921       1.8656047934532038          0
  103.979478      42.275926      -3.0782435597865767       1.5771991811612933          0
  107.252501      42.454998      -2.3223902750175540       1.0717829872035041          0
  110.535625      42.623873      -1.6018879912383919       0.5745051871607593          0
  113.828376      42.781964      -1.4228828957899022       0.5124410187715435          0
  117.130217      42.928720      -1.4115578185616275       0.5845764158044718          0
  120.440561      43.063621      -1.3850270263301574       0.6527261009155860          0
  123.758762      43.186188      -1.3322211867889155       0.6921951972563440          0
  127.084127      43.295981      -1.2872441428593531       0.7272754675187946          0
  130.415913      43.392604      -1.2670023163467810       0.7384919889127358          0
  133.753334      43.475707      -1.2732604414030795       0.6782605719319379          0
  137.095565      43.544985      -1.3081973946547496       0.3916435132252479          0
  35.105786      34.567031      -0.0000000000000000       0.0000000000000000          0
  38.148147      34.792925      -2.1024742847537854       0.3739479304752296        503
  41.198367      35.024084      -2.2740347144062634       0.4236566712219684        503
  44.256785      35.259865      -2.4395864796798525       0.4791766115053244        503
  47.323730      35.499608      -0.0000000000000000       0.0000000000000000        505
  50.399518      35.742637      -0.0000000000000000       0.0000000000000000        505
  53.484450      35.988259      -0.0000000000000000       0.0000000000000000        505
  56.578810      36.235770      -0.0000000000000000       0.0000000000000000        505
  59.682863      36.484454      -3.1597272620328676       0.8432405205389749        503
  62.796852      36.733581      -0.0000000000000000       0.0000000000000000        301
  65.920996      36.982418      -0.0000000000000000       0.0000000000000000        301
  69.055483      37.230222      -0.0000000000000000       0.0000000000000000        301
  72.200476      37.476247      -3.4109762928001954       0.8932653434110959        501
  75.356100      37.719745      -3.5436311125288582       0.9941381429229382        501
  78.522447      37.959967      -3.6659350118187395       1.1012187217932132        501
  81.699570      38.196168      -3.7774045521923973       1.2142635002428028        501
  84.887480      38.427607      -3.8775810582256582       1.3329895108255323        501
  88.086146      38.653550      -3.9660334668846655       1.4570740020279449        501
  91.295490      38.873274      -3.9508833419458238       1.6149167729723777          0
  94.515386      39.086067      -3.9278162677113473       1.7688172167320946          0
  97.745658      39.291234      -4.0196820616709230       1.8897080855293020          0
  100.986081      39.488098      -4.1951133805511018       1.9991599653319387        501
  104.236376      39.676003      -3.4651253098110439       1.6158861354622318          0
  107.496213      39.854317      -2.3663288455461711       0.9569465561457973          0
  110.765207      40.022434      -1.6662253889103935       0.5107868190614731          0
  114.042923      40.179778      -1.4018719388499563       0.3715106194355018          0
  117.328872      40.325807      -1.3918939233482486       0.4470433903094940          0
  120.622518      40.460011      -1.3803960353597176       0.5264470373583953          0
  123.923275      40.581922      -1.3623507291758965       0.5921159240615183          0
  127.230511      40.691108      -1.3398582023770671       0.6383073917946240          0
  130.543553      40.787181      -1.3166614201731273       0.6477502800784913          0
  133.861689      40.869800      -1.2980006031617592       0.5980891603929497          0
  137.184173      40.938667      -0.0000000000000000       0.0000000000000000          0
  35.378579      31.969880      -0.0000000000000000       0.0000000000000000          0
  38.428456      32.196279      -2.1184964507214721       0.5717923336850928        503
  41.485474      32.427895      -2.2898587436586624       0.6177910579002870        503
  44.549942      32.664080      -2.4550973108282137       0.6692752185679798        503
  47.622161      32.904170      -2.6137052548607116       0.7262540555889119        503
  50.702419      33.147483      -0.0000000000000000       0.0000000000000000        505
  53.790993      33.393323      -0.0000000000000000       0.0000000000000000        505
  56.888141      33.640984      -0.0000000000000000       0.0000000000000000        505
  59.994105      33.889744      -0.0000000000000000       0.0000000000000000        505
  63.109107      34.138876      -0.0000000000000000       0.0000000000000000        506
  66.233344      34.387643      -0.0000000000000000       0.0000000000000000        506
  69.366990      34.635303      -0.0000000000000000       0.0000000000000000      50601
  72.510188      34.881112      -3.4244604153248530       1.0767708367627924        501
  75.663054      35.124323      -3.5559673967791370       1.1712444360077319        501
  78.825668      35.364190      -3.6770656335777145       1.2716136820691861        501
  81.998076      35.599972      -3.7872859444865812       1.3776492254203603        501
  85.180288      35.830932      -3.8861848512283390       1.4890838462957228        501
  88.372270      36.056342      -3.9733472616040695       1.6056121465522446        501
  91.573950      36.275484      -4.0483892194326252       1.7268906098832935        501
  94.785211      36.487655      -4.1109606968362851       1.8525380565915031        501
  98.005890      36.692166      -4.1607483998625536       1.9821365153492705        501
  101.235779      36.888349      -4.3620738352525654       2.3499281865266886        607
  104.474623      37.075556      -2.7889314424047873       1.0832493621333605          0
  107.722117      37.253163      -2.0496708519740352       0.6134755854510063          0
  110.977912      37.420575      -1.5348213573223730       0.2859544299300362          0
  114.241609      37.577225      -1.3754470127330165       0.2274698356730069          0
  117.512764      37.722579      -1.3764702198590115       0.3128678115583594          0
  120.790888      37.856138      -1.3700313474056585       0.3913479805170331          0
  124.075449      37.977440      -1.3572756952541050       0.4444334950486482          0
  127.365873      38.086064      -1.3416532506060772       0.4718481679891661          0
  130.661550      38.181629      -1.3277767057594052       0.4562308825789884          0
  133.961834      38.263800      -1.3279172471438663       0.3273223157390640          0
  137.266049      38.332287      -0.0000000000000000       0.0000000000000000          0
  35.636350      29.372178      -1.1991720874200591       0.2066429464734647        715
  38.693200      29.599049      -0.0000000000000000       0.0000000000000000          0
  41.756501      29.831091      -2.3047437782812557       0.8095442273580522        503
  44.826537      30.067653      -2.4696729380338645       0.8567720801823028        503
  47.903582      30.308063      -2.6278651585137158       0.9091667490631963        503
  50.987901      30.551638      -2.7788267063240482       0.9667256693782946        503
  54.079748      30.797678      -0.0000000000000000       0.0000000000000000        505
  57.179359      31.045472      -0.0000000000000000       0.0000000000000000        505
  60.286956      31.294298      -0.0000000000000000       0.0000000000000000        505
  63.402742      31.543427      -0.0000000000000000       0.0000000000000000      50601
  66.526898      31.792122      -0.0000000000000000       0.0000000000000000      50601
  69.659582      32.039641      -0.0000000000000000       0.0000000000000000          0
  72.800926      32.285240      -3.4370273734937449       1.2561737800459134        501
  75.951034      32.528175      -3.5674483724000421       1.3439842045624708        501
  79.109981      32.767703      -3.6874086720575834       1.4373789629605536        501
  82.277809      33.003086      -3.7964525815760890       1.5361444035996086        501
  85.454524      33.233592      -3.8941509299837778       1.6400304539743831        501
  88.640098      33.458497      -3.9801035900939112       1.7487503800579858        501
  91.834462      33.677091      -4.0539420501418331       1.8619809038705639        501
  95.037509      33.888675      -4.1153320101084319       1.9793627019466480        501
  98.249092      34.092569      -4.3961520292490288       2.2583495509203368        607
  101.469019      34.288112      -4.3589123016407791       2.3939699959194316       7250
  104.697058      34.474664      -1.9644958305768048       0.4444548487019404          0
  107.932932      34.651609      -1.4906488518394259       0.0864852116635065          0
  111.176322      34.818361      -1.3441198008752999       0.0048373484644532          0
  114.426866      34.974362      -1.3586367821284233       0.0886385285670810          0
  117.684160      35.119085      -1.3656008703029099       0.1838946814363622          0
  120.947761      35.252041      -1.3642181304638130       0.2647814050936451          0
  124.217186      35.372775      -1.3561826803751471       0.3118683629809084          0
  127.491914      35.480875      -1.3455835426183951       0.3361900699815807          0
  130.771392      35.575966      -1.3368011623882303       0.3248205310415443          0
  134.055037      35.657720      -0.0000000000000000       0.0000000000000000          0
  137.342236      35.725853      -0.0000000000000000       0.0000000000000000          0
  35.881283      26.774005      -1.2009728587462580       0.2360594199034234        715
  38.944642      27.001320      -0.0000000000000000       0.0000000000000000          0
  42.013787      27.233763      -0.0000000000000000       0.0000000000000000          0
  45.088979      27.470676      -2.4834495619241190       1.0413647487366062        503
  48.170469      27.711386      -2.6412352109946977       1.0889650602247538        503
  51.258501      27.955203      -2.7916931923218495       1.1414035231340729        503
  54.353307      28.201426      -2.9343468171012579       1.1986665876918015        503
  57.455105      28.449341      -0.0000000000000000       0.0000000000000000        505
  60.564100      28.698224      -0.0000000000000000       0.0000000000000000        505
  63.680477      28.947344      -0.0000000000000000       0.0000000000000000      50601
  66.804404      29.195964      -0.0000000000000000       0.0000000000000000      50601
  69.936027      29.443343      -0.0000000000000000       0.0000000000000000          0
  73.075469      29.688739      -0.0000000000000000       0.0000000000000000          0
  76.222826      29.931408      -3.5782012708843531       1.5121594709190678        501
  79.378167      30.170611      -3.6970817560006339       1.5983383712049337        501
  82.541531      30.405612      -3.8050116941274119       1.6895941089982105        501
  85.712928      30.635685      -3.9015754508838718       1.7856949880727186        501
  88.892330      30.860110      -3.9863869962915919       1.8863740878262749        501
  92.079679      31.078183      -4.0590923074355176       1.9913294210858048        501
  95.274877      31.289212      -0.0000000000000000       0.0000000000000000          0
  98.477790      31.492522      -0.0000000000000000       0.0000000000000000          0
  101.688247      31.687460      -1.8629632892992414       0.3272712186624213          0
  104.906036      31.873393      -1.3054035483309061      -0.0834176386381475          0
  108.130907      32.049715      -1.3254233628504331      -0.0469624755973592          0
  111.362572      32.215845      -1.3395631536057215      -0.0052407782332736          0
  114.600703      32.371234      -1.3508581107987681       0.0379604368736894          0
  117.844933      32.515365      -1.3597839877879536       0.0807612960917989          0
  121.094863      32.647754      -1.3628991042186442       0.1494311079750250          0
  124.350053      32.767956      -1.3587071894386153       0.1997195797218260          0
  127.610036      32.875563      -1.3507315007085485       0.2324904969641420          0
  130.874309      32.970210      -1.3434748494397657       0.2495175052645046          0
  134.142346      33.051574      -0.0000000000000000       0.0000000000000000          0
  137.413593      33.119375      -0.0000000000000000       0.0000000000000000          0
  36.115250      24.175430      -1.2026725136007301       0.2644881947835212        715
  39.184719      24.403164      -0.0000000000000000       0.0000000000000000          0
  42.259332      24.635985      -0.0000000000000000       0.0000000000000000          0
  45.339327      24.873230      -2.4965427919366050       1.2227427651040099        503
  48.424935      25.114220      -2.6539296710741755       1.2653566947689390        503
  51.516381      25.358264      -2.8038969389702024       1.3124762483010959        503
  54.613877      25.604656      -2.9459726473422752       1.3640997332247531        503
  57.717626      25.852680      -0.0000000000000000       0.0000000000000000      50602
  60.827816      26.101612      -0.0000000000000000       0.0000000000000000      50602
  63.944620      26.350718      -0.0000000000000000       0.0000000000000000      50602
  67.068194      26.599262      -0.0000000000000000       0.0000000000000000          0
  70.198673      26.846504      -0.0000000000000000       0.0000000000000000          0
  73.336172      27.091700      -0.0000000000000000       0.0000000000000000          0
  76.480783      27.334111      -3.5883323704531254       1.6755550042991860        501
  79.632571      27.573000      -3.7061829124389951       1.7542976189716843        501
  82.791575      27.807636      -3.8130524194226965       1.8378246553239670        501
  85.957806      28.037293      -3.9085381260265701       1.9259238748440000        501
  89.131243      28.261260      -3.9922673497807941       2.0183491798436024        501
  92.311835      28.478836      -0.0000000000000000       0.0000000000000000          0
  95.499496      28.689335      -0.0000000000000000       0.0000000000000000          0
  98.694107      28.892090      -1.1860422851449841      -0.2414768158164213        603
  101.895515      29.086453      -1.4048783075084950      -0.0408096089175297          0
  105.103531      29.271799      -1.3054548434918058      -0.0883907343247694          0
  108.317929      29.447529      -1.3270090167680546      -0.0402460814253607          0
  111.538450      29.613071      -1.3396189335272781       0.0040411320215974          0
  114.764800      29.767881      -1.3488760793301124       0.0468321039050585          0
  117.996648      29.911451      -1.3559621286564538       0.0885199261036462          0
  121.233633      30.043305      -1.3606757985603113       0.1274729724785070          0
  124.475361      30.163004      -1.3593727144294256       0.1660309654153326          0
  127.721408      30.270147      -1.3533629399740743       0.2047646639692692          0
  130.971324      30.364375      -0.0000000000000000       0.0000000000000000          0
  134.224631      30.445370      -6.4199038131631250       3.5071104556393098        678
  137.480833      30.512858      -0.0000000000000000       0.0000000000000000          0
  36.339874      21.576512      -1.2042854228955353       0.2919006777626236        715
  39.415111      21.804646      -1.2244957404194974       0.3139037798351785        715
  42.494867      22.037825      -0.0000000000000000       0.0000000000000000          0
  45.579361      22.275383      -0.0000000000000000       0.0000000000000000          0
  48.668806      22.516638      -2.6660463902606995       1.4380432787273587        503
  51.763406      22.760894      -2.8155337561430978       1.4796633660733067        503
  54.863361      23.007444      -2.9570467387344852       1.5254619467047927        503
  57.968857      23.255568      -0.0000000000000000       0.0000000000000000      50602
  61.080068      23.504541      -0.0000000000000000       0.0000000000000000      50602
  64.197156      23.753630      -0.0000000000000000       0.0000000000000000      50602
  67.320268      24.002096      -0.0000000000000000       0.0000000000000000          0
  70.449529      24.249200      -0.0000000000000000       0.0000000000000000          0
  73.585051      24.494202      -0.0000000000000000       0.0000000000000000          0
  76.726919      24.736363      -0.0000000000000000       0.0000000000000000          0
  79.875199      24.974948      -3.7147947207789511       1.9050497492519707        501
  83.029930      25.209230      -3.8206496608565419       1.9806492422276256        501
  86.191126      25.438488      -3.9151057558439657       2.0605501455997115        501
  89.358774      25.662015      -0.0000000000000000       0.0000000000000000          0
  92.532830      25.879114      -0.0000000000000000       0.0000000000000000          0
  95.713222      26.089106      -0.0000000000000000       0.0000000000000000          0
  98.899846      26.291329      -1.1883657438544515      -0.2117411137772021        603
  102.092566      26.485143      -1.2663067355301938      -0.1550989816742465          0
  105.291215      26.669929      -1.3130835684808591      -0.0836069231204430          0
  108.495593      26.845095      -1.3326292099877592      -0.0316194250744452          0
  111.705468      27.010076      -1.3426446933672076       0.0141302087636774          0
  114.920578      27.164336      -1.3497322184980935       0.0561983225620211          0
  118.140626      27.307373      -1.3552751927216802       0.0960971334764874          0
  121.365288      27.438718      -1.3595882601882714       0.1323411016300769          0
  124.594212      27.557939      -1.3593803522417001       0.1678272410886606          0
  127.827017      27.664641      -1.3546342357966814       0.2035924672556126          0
  131.063299      27.758471      -0.0000000000000000       0.0000000000000000          0
  134.302629      27.839117      -0.0000000000000000       0.0000000000000000          0
  137.544559      27.906308      -0.0000000000000000       0.0000000000000000          0
  36.556575      18.977304      -1.2058239053749646       0.3182653278169350        715
  39.637285      19.205819      -1.2258198934684805       0.3376307352697673        715
  42.721905      19.439340      -0.0000000000000000       0.0000000000000000          0
  45.810635      19.677197      -0.0000000000000000       0.0000000000000000          0
  48.903671      19.918703      -2.6776700755050098       1.6067229693773675        503
  52.001204      20.163159      -0.0000000000000000       0.0000000000000000          0
  55.103415      20.409856      -0.0000000000000000       0.0000000000000000          0
  58.210479      20.658072      -0.0000000000000000       0.0000000000000000          0
  61.322559      20.907080      -0.0000000000000000       0.0000000000000000          0
  64.439807      21.156147      -0.0000000000000000       0.0000000000000000          0
  67.562360      21.404534      -0.0000000000000000       0.0000000000000000          0
  70.690339      21.651502      -0.0000000000000000       0.0000000000000000          0
  73.823849      21.896313      -0.0000000000000000       0.0000000000000000          0
  76.962976      22.138229      -0.0000000000000000       0.0000000000000000          0
  80.107783      22.376519      -3.7229874866801511       2.0503794527482300        501
  83.258313      22.610458      -3.8278670284655720       2.1178724274913563        501
  86.414584      22.839330      -3.9213349124917913       2.1893980369163990        501
  89.576591      23.062431      -0.0000000000000000       0.0000000000000000          0
  92.744299      23.279071      -0.0000000000000000       0.0000000000000000          0
  95.917649      23.488575      -0.0000000000000000       0.0000000000000000          0
  99.096552      23.690288      -1.1905728770534312      -0.1819851040160967        603
  102.280892      23.883575      -1.2705532706600859      -0.1075007156583287      60401
  105.470522      24.067824      -1.3271269395585610      -0.0758723692741493          0
  108.665266      24.242450      -1.3434435096610238      -0.0198461419571386          0
  111.864921      24.406894      -1.3483064461789398       0.0263195824571169          0
  115.069251      24.560627      -1.3525949219423501       0.0671783005301465          0
  118.277997      24.703155      -1.3569224064223113       0.1043943938808901          0
  121.490868      24.834013      -1.3617667823413124       0.1369274793888940          0
  124.707551      24.952778      -0.0000000000000000       0.0000000000000000          0
  127.927706      25.059059      -0.0000000000000000       0.0000000000000000          0
  131.150971      25.152510      -0.0000000000000000       0.0000000000000000          0
  134.376964      25.232822      -0.0000000000000000       0.0000000000000000          0
  137.605285      25.299730      -6.4291988564906166       3.8760056613951224        678
  36.766614      16.377851      -1.2072986283638185       0.3435484600746117        715
  39.852542      16.606733      -1.2270852432569990       0.3602175242260856        715
  42.941783      16.840582      -0.0000000000000000       0.0000000000000000          0
  46.034522      17.078724      -1.6522559596499589       1.0998163226178428        710
  49.130938      17.320469      -0.0000000000000000       0.0000000000000000          0
  52.231207      17.565115      -0.0000000000000000       0.0000000000000000          0
  55.335498      17.811949      -0.0000000000000000       0.0000000000000000          0
  58.443974      18.060250      -0.0000000000000000       0.0000000000000000          0
  61.556788      18.309289      -0.0000000000000000       0.0000000000000000          0
  64.674084      18.558330      -0.0000000000000000       0.0000000000000000          0
  67.795991      18.806636      -0.0000000000000000       0.0000000000000000          0
  70.922627      19.053470      -0.0000000000000000       0.0000000000000000          0
  74.054093      19.298092      -0.0000000000000000       0.0000000000000000          0
  77.190474      19.539768      -0.0000000000000000       0.0000000000000000          0
  80.331834      19.777770      -0.0000000000000000       0.0000000000000000          0
  83.478221      20.011375      -3.8347591088357307       2.2492937110729523        501
  86.629657      20.239872      -3.9272740051133033       2.3122866610741935        502
  89.786145      20.462561      -0.0000000000000000       0.0000000000000000          0
  92.947662      20.678756      -0.0000000000000000       0.0000000000000000          0
  96.114162      20.887788      -0.0000000000000000       0.0000000000000000          0
  99.285570      21.089008      -1.1926805190158920      -0.1522457947103343        603
  102.461789      21.281786      -1.2739629749939354      -0.0543782512181664      60401
  105.642694      21.465518      -1.3318142400328701      -0.0315433470991785      60405
  108.828133      21.639623      -1.3593232798219839      -0.0008035891880505          0
  112.017926      21.803551      -1.3540820426360627       0.0428677768034567          0
  115.211871      21.956778      -1.3553273372171537       0.0810951446918683          0
  118.409737      22.098816      -1.3614765705591683       0.1123711781374190        612
  121.611269      22.229208      -0.0000000000000000       0.0000000000000000          0
  124.816190      22.347534      -0.0000000000000000       0.0000000000000000          0
  128.024198      22.453412      -0.0000000000000000       0.0000000000000000          0
  131.234974      22.546499      -0.0000000000000000       0.0000000000000000          0
  134.448177      22.626492      -0.0000000000000000       0.0000000000000000          0
  137.663452      22.693129      -6.4291629523267773       3.9562215222836001        678
  36.971122      13.778196      -1.2087189248967360       0.3677148942054771        715
  40.062048      14.007432      -1.2283001562766220       0.3816356735291300        715
  43.155702      14.241597      -0.0000000000000000       0.0000000000000000          0
  46.252252      14.480012      -1.6803732808647491       1.4666945543388274        710
  49.351863      14.721986      -0.0000000000000000       0.0000000000000000          0
  52.454697      14.966813      -0.0000000000000000       0.0000000000000000          0
  55.560912      15.213777      -0.0000000000000000       0.0000000000000000          0
  58.670661      15.462157      -0.0000000000000000       0.0000000000000000          0
  61.784088      15.711220      -0.0000000000000000       0.0000000000000000          0
  64.901330      15.960233      -0.0000000000000000       0.0000000000000000          0
  68.022512      16.208457      -0.0000000000000000       0.0000000000000000          0
  71.147747      16.455155      -0.0000000000000000       0.0000000000000000          0
  74.277134      16.699591      -0.0000000000000000       0.0000000000000000          0
  77.410759      16.941032      -0.0000000000000000       0.0000000000000000          0
  80.548690      17.178751      -0.0000000000000000       0.0000000000000000          0
  83.690976      17.412030      -3.8413732396834277       2.3747104366494680        501
  86.837648      17.640160      -3.9329648895777769       2.4290329640228969        502
  89.988717      17.862448      -0.0000000000000000       0.0000000000000000          0
  93.144171      18.078210      -0.0000000000000000       0.0000000000000000          0
  96.303977      18.286784      -0.0000000000000000       0.0000000000000000          0
  99.468078      18.487526      -1.1947032577802212      -0.1225642930808431        603
  102.636394      18.679811      -1.2772420267528695      -0.0015212901310269        604
  105.808820      18.863042      -1.3347243159152646       0.0182392916015658        604
  108.985228      19.036644      -1.3881800828610034       0.0396378285431408      60405
  112.165465      19.200072      -0.0000000000000000       0.0000000000000000          0
  115.349356      19.352811      -0.0000000000000000       0.0000000000000000          0
  118.536699      19.494376      -0.0000000000000000       0.0000000000000000          0
  121.727275      19.624317      -0.0000000000000000       0.0000000000000000          0
  124.920839      19.742221      -0.0000000000000000       0.0000000000000000          0
  128.117128      19.847710      -0.0000000000000000       0.0000000000000000          0
  131.315861      19.940446      -0.0000000000000000       0.0000000000000000          0
  134.516738      20.020131      -0.0000000000000000       0.0000000000000000          0
  137.719446      20.086507      -0.0000000000000000       0.0000000000000000          0
  37.171126      11.178375      -1.2100930477471934       0.3907284793703953        715
  40.266862      11.407954      -0.0000000000000000       0.0000000000000000          0
  43.364748      11.642425      -1.2261031780869236       0.9619197773773651        709
  46.464936      11.881105      -1.2069773018134871       0.9760043066534916        709
  49.567580      12.123298      -1.1842992608537222       0.9903971995013112        709
  52.672828      12.368298      -1.1581258715482243       1.0050507868577085        709
  55.780830      12.615386      -0.0000000000000000       0.0000000000000000          0
  58.891727      12.863838      -0.0000000000000000       0.0000000000000000          0
  62.005659      13.112922      -0.0000000000000000       0.0000000000000000          0
  65.122754      13.361903      -0.0000000000000000       0.0000000000000000          0
  68.243134      13.610044      -0.0000000000000000       0.0000000000000000          0
  71.366911      13.856607      -0.0000000000000000       0.0000000000000000          0
  74.494183      14.100857      -0.0000000000000000       0.0000000000000000          0
  77.625037      14.342065      -0.0000000000000000       0.0000000000000000          0
  80.759543      14.579506      -0.0000000000000000       0.0000000000000000          0
  83.897758      14.812465      -0.0000000000000000       0.0000000000000000          0
  87.039718      15.040237      -0.0000000000000000       0.0000000000000000          0
  90.185445      15.262131      -0.0000000000000000       0.0000000000000000          0
  93.334938      15.477471      -0.0000000000000000       0.0000000000000000          0
  96.488178      15.685599      -0.0000000000000000       0.0000000000000000          0
  99.645124      15.885874      -1.1966538740779191      -0.0929851278465507        603
  102.805715      16.077680      -1.2804105122423635       0.0509775929136724        604
  105.969865      16.260423      -1.3375346777293999       0.0676238895665373        604
  109.137471      16.433536      -1.3906363199113061       0.0857632578910396        604
  112.308405      16.596479      -0.0000000000000000       0.0000000000000000          0
  115.482517      16.748743      -1.3559718795423183       0.1034742603455050        612
  118.659638      16.889849      -0.0000000000000000       0.0000000000000000          0
  121.839577      17.019354      -0.0000000000000000       0.0000000000000000          0
  125.022125      17.136849      -0.0000000000000000       0.0000000000000000          0
  128.207054      17.241961      -0.0000000000000000       0.0000000000000000          0
  131.394120      17.334358      -0.0000000000000000       0.0000000000000000          0
  134.583062      17.413745      -0.0000000000000000       0.0000000000000000          0
  137.773607      17.479869      -7.0529520751054449       0.7710762127639876      61501
  37.367572       8.578424      -1.2114283754927071       0.4125525192229472        712
  40.467957       8.808337      -1.2407318318871949       0.9448137416422520        709
  43.569919       9.043105      -1.2249477586239996       0.9557694810022123        709
  46.673597       9.282041      -1.2055624416192821       0.9671191307603008        709
  49.779131       9.524447      -1.1826257266931592       0.9788287265513400        709
  52.886661       9.769613      -0.0000000000000000       0.0000000000000000          0
  55.996325      10.016819      -0.0000000000000000       0.0000000000000000          0
  59.108258      10.265339      -0.0000000000000000       0.0000000000000000          0
  62.222593      10.514439      -0.0000000000000000       0.0000000000000000          0
  65.339455      10.763386      -0.0000000000000000       0.0000000000000000          0
  68.458961      11.011441      -0.0000000000000000       0.0000000000000000          0
  71.581222      11.257868      -0.0000000000000000       0.0000000000000000          0
  74.706339      11.501934      -0.0000000000000000       0.0000000000000000          0
  77.834398      11.742911      -0.0000000000000000       0.0000000000000000          0
  80.965475      11.980077      -0.0000000000000000       0.0000000000000000          0
  84.099633      12.212720      -0.0000000000000000       0.0000000000000000          0
  87.236917      12.440139      -0.0000000000000000       0.0000000000000000          0
  90.377357      12.661648      -0.0000000000000000       0.0000000000000000          0
  93.520966      12.876573      -0.0000000000000000       0.0000000000000000          0
  96.667738      13.084263      -1.1623456960473335      -0.0760603574037083      60302
  99.817650      13.284082      -1.1985436927161450      -0.0635556932782904      60302
  102.970657      13.475419      -1.2834863127757796       0.1030234785369554      60402
  106.126696      13.657686      -1.3402613374776400       0.1165223100736358        604
  109.285685      13.830321      -1.3930181204551120       0.1313700069727964        604
  112.447521      13.992791      -1.3465284496564121       0.0946926850833257        612
  115.612082      14.144592      -0.0000000000000000       0.0000000000000000          0
  118.779226      14.285252      -0.0000000000000000       0.0000000000000000          0
  121.948794      14.414332      -0.0000000000000000       0.0000000000000000          0
  125.120608      14.531428      -0.0000000000000000       0.0000000000000000          0
  128.294476      14.636174      -0.0000000000000000       0.0000000000000000          0
  131.470187      14.728240      -0.0000000000000000       0.0000000000000000          0
  134.647519      14.807337      -6.1043915375371656       1.5307054157823734      61502
  137.826236      14.873216      -7.0687497204420779       1.6031740102118690      61501
  37.561346       5.978375      -1.2127315819349498       0.4331501141665181        712
  40.666243       6.208615      -1.2398312133670604       0.9390999025866484        709
  43.772147       6.443673      -1.2237935451992030       0.9472513544499306        709
  46.879185       6.682859      -1.2041527827710159       0.9558423109104117        709
  49.987485       6.925471      -1.1809617312144951       0.9648465033909874        709
  53.097177       7.170797      -0.0000000000000000       0.0000000000000000          0
  56.208392       7.418115      -0.0000000000000000       0.0000000000000000          0
  59.321259       7.666698      -0.0000000000000000       0.0000000000000000          0
  62.435904       7.915811      -0.0000000000000000       0.0000000000000000          0
  65.552448       8.164720      -0.0000000000000000       0.0000000000000000          0
  68.671009       8.412688      -0.0000000000000000       0.0000000000000000          0
  71.791696       8.658978      -0.0000000000000000       0.0000000000000000          0
  74.914610       8.902860      -0.0000000000000000       0.0000000000000000          0
  78.039844       9.143607      -0.0000000000000000       0.0000000000000000          0
  81.167477       9.380501      -0.0000000000000000       0.0000000000000000          0
  84.297578       9.612831      -0.0000000000000000       0.0000000000000000          0
  87.430203       9.839902      -0.0000000000000000       0.0000000000000000          0
  90.565392      10.061029      -0.0000000000000000       0.0000000000000000          0
  93.703169      10.275547      -0.0000000000000000       0.0000000000000000          0
  96.843545      10.482805      -1.1644596366846254      -0.0439485843809741      60302
  99.986512      10.682176      -1.2635871674422501       0.0574106078708473        647
  103.132045      10.873052      -1.2864855428307638       0.1545196561587290      60402
  106.280100      11.054852      -1.3429187031550212       0.1648446650835318      60402
  109.430618      11.227019      -1.3953381770605917       0.1763751513555101        604
  112.583520      11.389026      -1.3470326874501215       0.1063186709459000        613
  115.738710      11.540374      -1.3565952236050551       0.1205901924513528        613
  118.896076      11.680596      -0.0000000000000000       0.0000000000000000          0
  122.055486      11.809260      -0.7672046381483828       0.7779968931687442        677
  125.216796      11.925967      -0.0000000000000000       0.0000000000000000          0
  128.379843      12.030354      -0.0000000000000000       0.0000000000000000          0
  131.544455      12.122098      -0.0000000000000000       0.0000000000000000          0
  134.710442      12.200912      -7.2959895953880514       1.5500612957454070        684
  137.877608      12.266551      -7.2748559923165015       1.6354718375790469        801
  37.753285       3.378259      -0.0000000000000000       0.0000000000000000          0
  40.862579       3.608820      -1.2389248175142866       0.9310627878078464        709
  43.972311       3.844162      -1.2226360947981283       0.9363907139219099        709
  47.082597       4.083592      -0.0000000000000000       0.0000000000000000          0
  50.193553       4.326405      -0.0000000000000000       0.0000000000000000          0
  53.305303       4.571886      -0.0000000000000000       0.0000000000000000          0
  56.417968       4.819312      -0.0000000000000000       0.0000000000000000          0
  59.531673       5.067953      -0.0000000000000000       0.0000000000000000          0
  62.646539       5.317076      -0.0000000000000000       0.0000000000000000          0
  65.762686       5.565945      -0.0000000000000000       0.0000000000000000          0
  68.880229       5.813822      -0.0000000000000000       0.0000000000000000          0
  71.999280       6.059975      -0.0000000000000000       0.0000000000000000          0
  75.119941       6.303672      -0.0000000000000000       0.0000000000000000          0
  78.242310       6.544190      -0.0000000000000000       0.0000000000000000          0
  81.366471       6.780811      -0.0000000000000000       0.0000000000000000          0
  84.492503       7.012831      -0.0000000000000000       0.0000000000000000          0
  87.620468       7.239556      -0.0000000000000000       0.0000000000000000          0
  90.750420       7.460307      -0.0000000000000000       0.0000000000000000          0
  93.882396       7.674420      -0.0000000000000000       0.0000000000000000          0
  97.016421       7.881253      -1.1665276392129451      -0.0120710293990579      60302
  100.152504       8.080181      -1.2650475698663719       0.0817305774844052        647
  103.290639       8.270603      -1.2906458466131645       0.0900758605999856      64701
  106.430803       8.451943      -1.3455199067983517       0.2124997861369532      60402
  109.572958       8.623649      -0.0000000000000000       0.0000000000000000          0
  112.717050       8.785199      -1.3475203870467998       0.1174319546163467        613
  115.863009       8.936101      -1.3568878818319523       0.1283659718064810        613
  119.010748       9.075894      -1.1046729185641750       0.4664919811702496        738
  122.160167       9.204149      -0.0000000000000000       0.0000000000000000          0
  125.311151       9.320474      -7.2275637526624958       1.3622793610853501        684
  128.463571       9.424509      -7.2723424818645519       1.4253413095164038        684
  131.617285       9.515937      -7.2951166607316695       1.4902654969908722        801
  134.772140       9.594473      -7.2957906658928957       1.5565962762381307        801
  137.927972       9.659877      -7.2743401513434591       1.6238612428432935        801
  37.944198       0.778105      -0.0000000000000000       0.0000000000000000          0
  41.057794       1.008983      -1.2380091746942823       0.9207238594544627        709
  44.171258       1.244605      -0.0000000000000000       0.0000000000000000          0
  47.284694       1.484274      -0.0000000000000000       0.0000000000000000          0
  50.398211       1.727283      -0.0000000000000000       0.0000000000000000          0
  53.511923       1.972915      -0.0000000000000000       0.0000000000000000          0
  56.625946       2.220445      -0.0000000000000000       0.0000000000000000          0
  59.740400       2.469141      -0.0000000000000000       0.0000000000000000          0
  62.855402       2.718270      -0.0000000000000000       0.0000000000000000          0
  65.971072       2.967096      -0.0000000000000000       0.0000000000000000          0
  69.087524       3.214881      -0.0000000000000000       0.0000000000000000          0
  72.204872       3.460894      -0.0000000000000000       0.0000000000000000          0
  75.323223       3.704405      -0.0000000000000000       0.0000000000000000          0
  78.442677       3.944692      -0.0000000000000000       0.0000000000000000          0
  81.563328       4.181042      -0.0000000000000000       0.0000000000000000          0
  84.685261       4.412752      -0.0000000000000000       0.0000000000000000          0
  87.808551       4.639132      -0.0000000000000000       0.0000000000000000          0
  90.933260       4.859508      -0.0000000000000000       0.0000000000000000          0
  94.059442       5.073221      -0.0000000000000000       0.0000000000000000          0
  97.187136       5.279631      -1.2373707123274900       0.1010258859336467      67352
  100.316369       5.478120      -1.2664788342583801       0.1055492470573297        647
  103.447152       5.668092      -1.2918217920549893       0.1107592510569519      64701
  106.579484       5.848976      -1.3133182542690951       0.1166225276546823      64701
  109.713348       6.020226      -1.3347857848227709       0.1209329804786590      61404
  112.848716       6.181326      -0.0000000000000000       0.0000000000000000          0
  115.985541       6.331788      -0.0000000000000000       0.0000000000000000          0
  119.123766       6.471157      -0.0000000000000000       0.0000000000000000          0
  122.263316       6.599009      -0.0000000000000000       0.0000000000000000          0
  125.404108       6.714956      -7.2291979817266103       1.4190794461501783        801
  128.546043       6.818645      -7.2732189732060188       1.4641718573575275        801
  131.689012       6.909760      -7.2953777700778071       1.5110087918424959        801
  134.832894       6.988024      -7.2955865076367301       1.5591913831261739        801
  137.977563       7.053196      -7.2738267517464861       1.6083045836664247        801
  38.134875      -1.822058      -1.2165074633575501       0.4872174709858901        713
  41.252697      -1.590866      -1.2370806580464240       0.9081069920737348        709
  44.369813      -1.354968      -0.0000000000000000       0.0000000000000000          0
  47.486317      -1.115063      -0.0000000000000000       0.0000000000000000          0
  50.602310      -0.871861      -0.0000000000000000       0.0000000000000000          0
  53.717898      -0.626081      -0.0000000000000000       0.0000000000000000          0
  56.833194      -0.378451      -0.0000000000000000       0.0000000000000000          0
  59.948311      -0.129703      -0.0000000000000000       0.0000000000000000          0
  63.063367       0.119429      -0.0000000000000000       0.0000000000000000          0
  66.178479       0.368207      -0.0000000000000000       0.0000000000000000          0
  69.293765       0.615898      -0.0000000000000000       0.0000000000000000          0
  72.409339       0.861768      -0.0000000000000000       0.0000000000000000          0
  75.525313       1.105091      -0.0000000000000000       0.0000000000000000          0
  78.641794       1.345146      -0.0000000000000000       0.0000000000000000          0
  81.758883       1.581223      -0.0000000000000000       0.0000000000000000          0
  84.876674       1.812623      -0.0000000000000000       0.0000000000000000          0
  87.995252       2.038659      -0.0000000000000000       0.0000000000000000          0
  91.114694       2.258660      -0.0000000000000000       0.0000000000000000          0
  94.235066       2.471973      -0.0000000000000000       0.0000000000000000          0
  97.356424       2.677962      -0.0000000000000000       0.0000000000000000          0
  100.478811       2.876015      -1.2678874520592505       0.1288220822417885      67301
  103.602258       3.065540      -1.2929776649599538       0.1308941997509751      64701
  106.726786       3.245971      -1.3142329999797531       0.1335567657998763      64701
  109.852399       3.416768      -1.3315862762547341       0.1367784350071079        735
  112.979091       3.577421      -0.0000000000000000       0.0000000000000000          0
  116.106844       3.727446      -0.0000000000000000       0.0000000000000000          0
  119.235623       3.866395      -0.0000000000000000       0.0000000000000000          0
  122.365385       3.993847      -2.5379615788821983       0.3997549053879743        669
  125.496074       4.109421      -7.2307960668668487       1.4718780761568597        801
  128.627622       4.212767      -7.2740711508379663       1.4990210312234300        801
  131.759951       4.303573      -7.2956247689120630       1.5277943889669288        801
  134.892975       4.381566      -7.2953765480421859       1.5578554194443732        801
  138.026597       4.446509      -7.2733137459118495       1.5888457414056008        801
>