>anchorPlateId 301
>reconstructionTime 49
>DeformingMeshPoints.gpml lat_lon_velocity_domain_28_32.gpml
>MeshNode <identity>GPlates-b7a3af0e-8119-4abb-9ae6-39bb7e5702ce</identity> <revision>GPlates-7b04c5e6-7801-49f1-bcc4-23d6f4e5417f</revision>
> reconstructionPlateId 0
> validTime TimePeriod <begin> TimeInstant <timePosition>http://gplates.org/times/distantPast</timePosition></begin> <end> TimeInstant <timePosition>http://gplates.org/times/distantFuture</timePosition></end>
  15.943806      68.501016      -0.0000000000000000       0.0000000000000000        302
  18.308693      68.807145      -0.0000000000000000       0.0000000000000000        302
  20.695301      69.124868      -0.0000000000000000       0.0000000000000000        302
  23.105569      69.453741      -0.0000000000000000       0.0000000000000000        302
  25.541601      69.793293      -0.0000000000000000       0.0000000000000000        302
  28.005682      70.143027      -0.0000000000000000       0.0000000000000000        302
  30.500298      70.502411      -0.0000000000000000       0.0000000000000000        302
  33.028154      70.870886      -0.0000000000000000       0.0000000000000000        302
  35.592196      71.247853      -0.0000000000000000       0.0000000000000000        302
  38.195642      71.632677      -0.0000000000000000       0.0000000000000000        302
  40.841998      72.024684      -0.0000000000000000       0.0000000000000000        302
  43.535095      72.423151      -0.0000000000000000       0.0000000000000000        302
  46.279116      72.827307      -0.0000000000000000       0.0000000000000000        302
  49.078624      73.236328      -0.0000000000000000       0.0000000000000000        302
  51.938602      73.649328      -0.0000000000000000       0.0000000000000000        302
  54.864475      74.065354      -0.0000000000000000       0.0000000000000000        373
  57.862147      74.483381      -0.0000000000000000       0.0000000000000000        373
  60.938026      74.902298      -0.0000000000000000       0.0000000000000000        372
  64.099038      75.320908      -0.0000000000000000       0.0000000000000000        372
  67.352639      75.737906      -0.0000000000000000       0.0000000000000000        372
  70.706803      76.151880      -0.0000000000000000       0.0000000000000000        372
  74.169984      76.561292      -0.0000000000000000       0.0000000000000000        404
  77.751052      76.964468      -0.0000000000000000       0.0000000000000000        404
  81.459168      77.359590      -0.0000000000000000       0.0000000000000000        404
  85.303609      77.744681      -0.0000000000000000       0.0000000000000000        404
  89.293509      78.117602      -0.0000000000000000       0.0000000000000000        404
  93.437505      78.476045      -0.0000000000000000       0.0000000000000000        404
  97.743268      78.817537      -0.0000000000000000       0.0000000000000000        404
  102.216916      79.139452      -0.0000000000000000       0.0000000000000000        404
  106.862311      79.439036      -0.0000000000000000       0.0000000000000000        404
  111.680252      79.713441      -0.0000000000000000       0.0000000000000000          0
  116.667622      79.959786      -0.0000000000000000       0.0000000000000000          0
  121.816581      80.175229      -0.0000000000000000       0.0000000000000000          0
  18.051567      66.024034      -0.0000000000000000       0.0000000000000000        302
  20.527012      66.340739      -0.0000000000000000       0.0000000000000000        302
  23.025073      66.669046      -0.0000000000000000       0.0000000000000000        302
  25.547658      67.008438      -0.0000000000000000       0.0000000000000000        302
  28.096821      67.358365      -0.0000000000000000       0.0000000000000000        302
  30.674766      67.718247      -0.0000000000000000       0.0000000000000000        302
  33.283867      68.087466      -0.0000000000000000       0.0000000000000000        302
  35.926675      68.465369      -0.0000000000000000       0.0000000000000000        302
  38.605936      68.851261      -0.0000000000000000       0.0000000000000000        302
  41.324603      69.244406      -0.0000000000000000       0.0000000000000000        302
  44.085850      69.644023      -0.0000000000000000       0.0000000000000000        302
  46.893088      70.049280      -0.0000000000000000       0.0000000000000000        302
  49.749975      70.459292      -0.0000000000000000       0.0000000000000000        302
  52.660428      70.873117      -0.0000000000000000       0.0000000000000000        302
  55.628632      71.289750      -0.0000000000000000       0.0000000000000000        373
  58.659044      71.708118      -0.0000000000000000       0.0000000000000000        372
  61.756392      72.127075      -0.0000000000000000       0.0000000000000000        372
  64.925665      72.545395      -0.0000000000000000       0.0000000000000000        372
  68.172095      72.961770      -0.0000000000000000       0.0000000000000000        372
  71.501123      73.374795      -0.0000000000000000       0.0000000000000000        372
  74.918347      73.782972      -0.0000000000000000       0.0000000000000000        401
  78.429449      74.184698      -0.0000000000000000       0.0000000000000000        404
  82.040093      74.578263      -0.0000000000000000       0.0000000000000000        404
  85.755793      74.961849      -0.0000000000000000       0.0000000000000000        404
  89.581740      75.333524      -0.0000000000000000       0.0000000000000000        404
  93.522582      75.691253      -0.0000000000000000       0.0000000000000000        404
  97.582173      76.032899      -0.0000000000000000       0.0000000000000000        404
  101.763259      76.356239      -0.0000000000000000       0.0000000000000000        404
  106.067142      76.658987      -0.0000000000000000       0.0000000000000000        401
  110.493313      76.938815      -0.0000000000000000       0.0000000000000000        401
  115.039081      77.193398      -0.0000000000000000       0.0000000000000000        401
  119.699231      77.420458      -0.0000000000000000       0.0000000000000000        401
  124.465761      77.617817      -0.0000000000000000       0.0000000000000000          0
  19.784069      63.523379      -0.0000000000000000       0.0000000000000000        302
  22.346366      63.848431      -0.0000000000000000       0.0000000000000000        302
  24.931299      64.185024      -0.0000000000000000       0.0000000000000000        302
  27.540685      64.532575      -0.0000000000000000       0.0000000000000000        302
  30.176459      64.890467      -0.0000000000000000       0.0000000000000000        302
  32.840680      65.258046      -0.0000000000000000       0.0000000000000000        302
  35.535542      65.634621      -0.0000000000000000       0.0000000000000000        302
  38.263379      66.019460      -0.0000000000000000       0.0000000000000000        302
  41.026673      66.411790      -0.0000000000000000       0.0000000000000000        302
  43.828061      66.810791      -0.0000000000000000       0.0000000000000000        302
  46.670338      67.215599      -0.0000000000000000       0.0000000000000000        302
  49.556465      67.625295      -0.0000000000000000       0.0000000000000000        302
  52.489567      68.038910      -0.0000000000000000       0.0000000000000000        302
  55.472933      68.455415      -0.0000000000000000       0.0000000000000000        302
  58.510011      68.873722      -0.0000000000000000       0.0000000000000000        302
  61.604399      69.292678      -0.0000000000000000       0.0000000000000000        302
  64.759827      69.711062      -0.0000000000000000       0.0000000000000000        372
  67.980136      70.127579      -0.0000000000000000       0.0000000000000000        372
  71.269242      70.540861      -0.0000000000000000       0.0000000000000000        372
  74.631089      70.949461      -0.0000000000000000       0.0000000000000000        401
  78.069595      71.351851      -0.0000000000000000       0.0000000000000000        401
  81.588573      71.746423      -0.0000000000000000       0.0000000000000000        401
  85.191638      72.131484      -0.0000000000000000       0.0000000000000000        401
  88.882093      72.505267      -0.0000000000000000       0.0000000000000000        401
  92.662795      72.865927      -0.0000000000000000       0.0000000000000000        401
  96.536001      73.211555      -0.0000000000000000       0.0000000000000000        401
  100.503187      73.540187      -0.0000000000000000       0.0000000000000000        401
  104.564868      73.849822      -0.0000000000000000       0.0000000000000000        401
  108.720392      74.138440      -0.0000000000000000       0.0000000000000000        401
  112.967750      74.404034      -0.0000000000000000       0.0000000000000000        401
  117.303401      74.644637      -0.0000000000000000       0.0000000000000000        401
  121.722124      74.858360      -0.0000000000000000       0.0000000000000000        401
  126.216930      75.043435      -0.0000000000000000       0.0000000000000000      42400
  21.236374      61.005195      -0.0000000000000000       0.0000000000000000        302
  23.868419      61.336997      -0.0000000000000000       0.0000000000000000        302
  26.522606      61.680241      -0.0000000000000000       0.0000000000000000        302
  29.200630      62.034289      -0.0000000000000000       0.0000000000000000        302
  31.904285      62.398462      -0.0000000000000000       0.0000000000000000        302
  34.635462      62.772045      -0.0000000000000000       0.0000000000000000        302
  37.396160      63.154284      -0.0000000000000000       0.0000000000000000        302
  40.188483      63.544383      -0.0000000000000000       0.0000000000000000        302
  43.014646      63.941502      -0.0000000000000000       0.0000000000000000        302
  45.876975      64.344755      -0.0000000000000000       0.0000000000000000        302
  48.777908      64.753211      -0.0000000000000000       0.0000000000000000        302
  51.719991      65.165887      -0.0000000000000000       0.0000000000000000        302
  54.705873      65.581748      -0.0000000000000000       0.0000000000000000        302
  57.738301      65.999704      -0.0000000000000000       0.0000000000000000        302
  60.820106      66.418609      -0.0000000000000000       0.0000000000000000        302
  63.954186      66.837256      -0.0000000000000000       0.0000000000000000        302
  67.143486      67.254378      -0.0000000000000000       0.0000000000000000        390
  70.390967      67.668642      -0.0000000000000000       0.0000000000000000        401
  73.699573      68.078653      -0.0000000000000000       0.0000000000000000        401
  77.072182      68.482949      -0.0000000000000000       0.0000000000000000        401
  80.511553      68.880004      -0.0000000000000000       0.0000000000000000        401
  84.020259      69.268230      -0.0000000000000000       0.0000000000000000        401
  87.600612      69.645976      -0.0000000000000000       0.0000000000000000        401
  91.254569      70.011539      -0.0000000000000000       0.0000000000000000        401
  94.983638      70.363166      -0.0000000000000000       0.0000000000000000        401
  98.788765      70.699068      -0.0000000000000000       0.0000000000000000        401
  102.670217      71.017433      -0.0000000000000000       0.0000000000000000        401
  106.627466      71.316439      -0.0000000000000000       0.0000000000000000        401
  110.659069      71.594276      -0.0000000000000000       0.0000000000000000        401
  114.762563      71.849170      -0.0000000000000000       0.0000000000000000        401
  118.934376      72.079409      -0.0000000000000000       0.0000000000000000        401
  123.169765      72.283372      -0.0000000000000000       0.0000000000000000        401
  127.462793      72.459557      -0.0000000000000000       0.0000000000000000        401
  22.474619      58.473701      -0.0000000000000000       0.0000000000000000        302
  25.163783      58.811077      -0.0000000000000000       0.0000000000000000        302
  27.874291      59.159778      -0.0000000000000000       0.0000000000000000        302
  30.607714      59.519114      -0.0000000000000000       0.0000000000000000        302
  33.365698      59.888357      -0.0000000000000000       0.0000000000000000        302
  36.149968      60.266738      -0.0000000000000000       0.0000000000000000        302
  38.962331      60.653450      -0.0000000000000000       0.0000000000000000        302
  41.804674      61.047641      -0.0000000000000000       0.0000000000000000        302
  44.678964      61.448417      -0.0000000000000000       0.0000000000000000        302
  47.587246      61.854842      -0.0000000000000000       0.0000000000000000        302
  50.531638      62.265928      -0.0000000000000000       0.0000000000000000        302
  53.514329      62.680644      -0.0000000000000000       0.0000000000000000        302
  56.537567      63.097905      -0.0000000000000000       0.0000000000000000        302
  59.603648      63.516577      -0.0000000000000000       0.0000000000000000        302
  62.714902      63.935473      -0.0000000000000000       0.0000000000000000        390
  65.873678      64.353352      -0.0000000000000000       0.0000000000000000        468
  69.082313      64.768918      -0.0000000000000000       0.0000000000000000        468
  72.343109      65.180821      -0.0000000000000000       0.0000000000000000        401
  75.658298      65.587654      -0.0000000000000000       0.0000000000000000        401
  79.030000      65.987960      -0.0000000000000000       0.0000000000000000        401
  82.460172      66.380228      -0.0000000000000000       0.0000000000000000        401
  85.950562      66.762901      -0.0000000000000000       0.0000000000000000        401
  89.502637      67.134376      -0.0000000000000000       0.0000000000000000        401
  93.117523      67.493017      -0.0000000000000000       0.0000000000000000        401
  96.795925      67.837158      -0.0000000000000000       0.0000000000000000        401
  100.538056      68.165116      -0.0000000000000000       0.0000000000000000        401
  104.343553      68.475204      -0.0000000000000000       0.0000000000000000        401
  108.211403      68.765746      -0.0000000000000000       0.0000000000000000        401
  112.139872      69.035096      -0.0000000000000000       0.0000000000000000        401
  116.126443      69.281656      -0.0000000000000000       0.0000000000000000        401
  120.167770      69.503901      -0.0000000000000000       0.0000000000000000        401
  124.259657      69.700399      -0.0000000000000000       0.0000000000000000        401
  128.397055      69.869841      -0.0000000000000000       0.0000000000000000      43102
  23.546070      55.931886      -0.0000000000000000       0.0000000000000000        302
  26.282824      56.273947      -1.9772403421347398       0.2042085904596365        334
  29.039955      56.627209      -0.0000000000000000       0.0000000000000000        302
  31.818910      56.990935      -0.0000000000000000       0.0000000000000000        302
  34.621193      57.364353      -0.0000000000000000       0.0000000000000000        302
  37.448375      57.746648      -0.0000000000000000       0.0000000000000000        302
  40.302085      58.136967      -0.0000000000000000       0.0000000000000000        302
  43.184010      58.534414      -0.0000000000000000       0.0000000000000000        302
  46.095898      58.938050      -0.0000000000000000       0.0000000000000000        302
  49.039547      59.346893      -0.0000000000000000       0.0000000000000000        302
  52.016801      59.759916      -0.0000000000000000       0.0000000000000000        302
  55.029547      60.176046      -0.0000000000000000       0.0000000000000000        302
  58.079698      60.594163      -0.0000000000000000       0.0000000000000000        302
  61.169184      61.013100      -0.0000000000000000       0.0000000000000000        390
  64.299937      61.431642      -0.0000000000000000       0.0000000000000000        390
  67.473871      61.848525      -0.0000000000000000       0.0000000000000000        468
  70.692859      62.262438      -0.0000000000000000       0.0000000000000000        401
  73.958709      62.672022      -0.0000000000000000       0.0000000000000000        401
  77.273129      63.075873      -0.0000000000000000       0.0000000000000000        401
  80.637694      63.472545      -0.0000000000000000       0.0000000000000000        401
  84.053804      63.860549      -0.0000000000000000       0.0000000000000000        401
  87.522644      64.238364      -0.0000000000000000       0.0000000000000000        401
  91.045128      64.604437      -0.0000000000000000       0.0000000000000000        401
  94.621853      64.957193      -0.0000000000000000       0.0000000000000000        401
  98.253042      65.295044      -0.0000000000000000       0.0000000000000000        401
  101.938489      65.616398      -0.0000000000000000       0.0000000000000000        401
  105.677505      65.919675      -0.0000000000000000       0.0000000000000000        401
  109.468865      66.203316      -0.0000000000000000       0.0000000000000000        401
  113.310769      66.465804      -0.0000000000000000       0.0000000000000000        401
  117.200802      66.705678      -0.0000000000000000       0.0000000000000000        401
  121.135910      66.921555      -0.0000000000000000       0.0000000000000000        401
  125.112401      67.112148      -0.0000000000000000       0.0000000000000000        401
  129.125946      67.276283      -0.0000000000000000       0.0000000000000000      43101
  24.485322      53.381919      -1.7909682570582497       0.7087528420912367        334
  27.262338      53.727983      -0.0000000000000000       0.0000000000000000        302
  30.058674      54.085118      -0.0000000000000000       0.0000000000000000        302
  32.875658      54.452550      -0.0000000000000000       0.0000000000000000        302
  35.714666      54.829466      -0.0000000000000000       0.0000000000000000        302
  38.577122      55.215012      -0.0000000000000000       0.0000000000000000        302
  41.464497      55.608297      -0.0000000000000000       0.0000000000000000        302
  44.378304      56.008384      -0.0000000000000000       0.0000000000000000        302
  47.320095      56.414300      -0.0000000000000000       0.0000000000000000        302
  50.291455      56.825024      -0.0000000000000000       0.0000000000000000        302
  53.293999      57.239497      -0.0000000000000000       0.0000000000000000        302
  56.329355      57.656615      -0.0000000000000000       0.0000000000000000        302
  59.399165      58.075229      -0.0000000000000000       0.0000000000000000        302
  62.505060      58.494148      -0.0000000000000000       0.0000000000000000        390
  65.648654      58.912138      -0.0000000000000000       0.0000000000000000        468
  68.831521      59.327921      -0.0000000000000000       0.0000000000000000        468
  72.055178      59.740179      -0.0000000000000000       0.0000000000000000        401
  75.321054      60.147552      -0.0000000000000000       0.0000000000000000        401
  78.630473      60.548644      -0.0000000000000000       0.0000000000000000        401
  81.984613      60.942023      -0.0000000000000000       0.0000000000000000        401
  85.384481      61.326229      -0.0000000000000000       0.0000000000000000        401
  88.830873      61.699775      -0.0000000000000000       0.0000000000000000        401
  92.324334      62.061154      -0.0000000000000000       0.0000000000000000        401
  95.865121      62.408848      -0.0000000000000000       0.0000000000000000        401
  99.453161      62.741339      -0.0000000000000000       0.0000000000000000        401
  103.088011      63.057114      -0.0000000000000000       0.0000000000000000        401
  106.768819      63.354680      -0.0000000000000000       0.0000000000000000        401
  110.494291      63.632576      -0.0000000000000000       0.0000000000000000        401
  114.262660      63.889389      -0.0000000000000000       0.0000000000000000        401
  118.071672      64.123768      -0.0000000000000000       0.0000000000000000        401
  121.918568      64.334441      -0.0000000000000000       0.0000000000000000        401
  125.800088      64.520229      -0.0000000000000000       0.0000000000000000        401
  129.712490      64.680067      -0.0000000000000000       0.0000000000000000      43102
  25.318241      50.825415      -0.0000000000000000       0.0000000000000000        302
  28.129787      51.174944      -0.0000000000000000       0.0000000000000000        302
  30.959553      51.535417      -0.0000000000000000       0.0000000000000000        302
  33.808758      51.906023      -0.0000000000000000       0.0000000000000000        302
  36.678660      52.285915      -0.0000000000000000       0.0000000000000000        302
  39.570552      52.674206      -0.0000000000000000       0.0000000000000000        302
  42.485764      53.069968      -0.0000000000000000       0.0000000000000000        302
  45.425653      53.472234      -0.0000000000000000       0.0000000000000000        302
  48.391603      53.879998      -0.0000000000000000       0.0000000000000000        302
  51.385019      54.292210      -0.0000000000000000       0.0000000000000000        302
  54.407315      54.707784      -0.0000000000000000       0.0000000000000000        302
  57.459912      55.125589      -0.0000000000000000       0.0000000000000000        302
  60.544220      55.544457      -0.0000000000000000       0.0000000000000000        390
  63.661633      55.963179      -0.0000000000000000       0.0000000000000000        390
  66.813509      56.380507      -0.0000000000000000       0.0000000000000000        468
  70.001153      56.795155      -0.0000000000000000       0.0000000000000000        468
  73.225803      57.205803      -0.0000000000000000       0.0000000000000000        401
  76.488606      57.611095      -0.0000000000000000       0.0000000000000000        401
  79.790591      58.009646      -0.0000000000000000       0.0000000000000000        401
  83.132651      58.400042      -0.0000000000000000       0.0000000000000000        401
  86.515507      58.780850      -0.0000000000000000       0.0000000000000000        401
  89.939684      59.150615      -0.0000000000000000       0.0000000000000000        401
  93.405477      59.507877      -0.0000000000000000       0.0000000000000000        401
  96.912925      59.851169      -0.0000000000000000       0.0000000000000000        401
  100.461772      60.179032      -0.0000000000000000       0.0000000000000000        401
  104.051445      60.490021      -0.0000000000000000       0.0000000000000000        401
  107.681021      60.782719      -0.0000000000000000       0.0000000000000000        401
  111.349208      61.055747      -0.0000000000000000       0.0000000000000000        401
  115.054324      61.307776      -0.0000000000000000       0.0000000000000000        401
  118.794287      61.537545      -0.0000000000000000       0.0000000000000000        401
  122.566609      61.743870      -0.0000000000000000       0.0000000000000000        401
  126.368405      61.925661      -0.0000000000000000       0.0000000000000000        401
  130.196405      62.081935      -0.0000000000000000       0.0000000000000000        401
  26.064541      48.263598      -0.0000000000000000       0.0000000000000000        302
  28.906063      48.616165      -0.0000000000000000       0.0000000000000000        302
  31.764693      48.979549      -0.0000000000000000       0.0000000000000000        302
  34.641549      49.352910      -0.0000000000000000       0.0000000000000000        302
  37.537782      49.735369      -0.0000000000000000       0.0000000000000000        302
  40.454569      50.126008      -0.0000000000000000       0.0000000000000000        302
  43.393113      50.523871      -0.0000000000000000       0.0000000000000000        302
  46.354637      50.927962      -0.0000000000000000       0.0000000000000000        302
  49.340379      51.337247      -0.0000000000000000       0.0000000000000000        302
  52.351586      51.750653      -0.0000000000000000       0.0000000000000000        302
  55.389508      52.167070      -0.0000000000000000       0.0000000000000000        302
  58.455387      52.585349      -0.0000000000000000       0.0000000000000000        302
  61.550448      53.004303      -0.0000000000000000       0.0000000000000000        390
  64.675885      53.422713      -0.0000000000000000       0.0000000000000000        465
  67.832852      53.839320      -0.0000000000000000       0.0000000000000000        468
  71.022442      54.252835      -0.0000000000000000       0.0000000000000000        468
  74.245676      54.661939      -0.0000000000000000       0.0000000000000000        468
  77.503479      55.065283      -0.0791005834095484       0.0377773909840901          0
  80.796663      55.461494      -1.2695099707389266       0.7656740429455862          0
  84.125905      55.849178      -1.2059352647047188       0.9270918282335967          0
  87.491720      56.226927      -0.7400977145701899       0.7365513952890331          0
  90.894443      56.593321      -0.1952935342086361       0.2376852884390114          0
  94.334199      56.946938      -0.0000000000000000       0.0000000000000000        401
  97.810883      57.286358      -0.0000000000000000       0.0000000000000000        401
  101.324131      57.610175      -0.0000000000000000       0.0000000000000000        401
  104.873304      57.917004      -0.0000000000000000       0.0000000000000000        401
  108.457462      58.205492      -0.0000000000000000       0.0000000000000000        401
  112.075353      58.474329      -0.0000000000000000       0.0000000000000000        401
  115.725397      58.722258      -0.0000000000000000       0.0000000000000000        401
  119.405684      58.948091      -0.0000000000000000       0.0000000000000000        401
  123.113970      59.150718      -0.0000000000000000       0.0000000000000000        401
  126.847687      59.329119      -0.0000000000000000       0.0000000000000000        401
  130.603958      59.482380      -0.0000000000000000       0.0000000000000000        401
  26.739501      45.697414      -0.0000000000000000       0.0000000000000000          0
  29.607333      46.052673       1.2306939724862067       1.3951785771371590        337
  32.491165      46.418627      -0.0000000000000000       0.0000000000000000        302
  35.392025      46.794407      -0.0000000000000000       0.0000000000000000        302
  38.310966      47.179106      -2.0306865875512567      -0.3146717169559220        503
  41.249061      47.571779      -2.1863032109307206      -0.2636486813444925        503
  44.207401      47.971445      -2.3371838789327950      -0.2056752379985636        503
  47.187092      48.377084      -0.0000000000000000       0.0000000000000000        302
  50.189245      48.787638      -0.0000000000000000       0.0000000000000000        302
  53.214975      49.202014      -0.0000000000000000       0.0000000000000000        302
  56.265388      49.619082      -0.0000000000000000       0.0000000000000000        302
  59.341579      50.037677      -0.0000000000000000       0.0000000000000000        302
  62.444616      50.456602      -0.0000000000000000       0.0000000000000000        465
  65.575534      50.874625      -0.0000000000000000       0.0000000000000000        458
  68.735319      51.290484      -0.0000000000000000       0.0000000000000000        458
  71.924896      51.702888      -0.0000000000000000       0.0000000000000000        459
  75.145113      52.110521      -1.5353083881686271       0.2362436001480885          0
  78.396724      52.512043      -3.3768545692609893       1.3486421565748326        580
  81.680375      52.906094      -2.9489393766927643       1.5644734613346039        580
  84.996581      53.291302      -2.5069589040960549       1.7613601338419966        580
  88.345709      53.666281      -2.0520744182106614       1.9376817867169254        580
  91.727958      54.029643      -1.5855829167262590       2.0918413177117987        580
  95.143336      54.380002      -0.6950958907548593       1.1838528083723396          0
  98.591647      54.715982      -0.0000000000000000       0.0000000000000000        401
  102.072466      55.036223      -0.0000000000000000       0.0000000000000000        401
  105.585127      55.339391      -0.0000000000000000       0.0000000000000000        401
  109.128704      55.624191      -0.0000000000000000       0.0000000000000000          0
  112.702004      55.889371      -0.0897453883103916       0.0452861853766778          0
  116.303557      56.133735      -0.1238869970009248       0.0593170641468172          0
  119.931612      56.356157      -0.1171780964010705       0.0462676821455009          0
  123.584145      56.555588      -0.1229755304598312       0.0412063868725966          0
  127.258860      56.731068      -0.1400018743727885       0.0438497485584583          0
  130.953207      56.881737      -0.1528939241469190       0.0436661598803788          0
  27.355151      43.127604      -0.0000000000000000       0.0000000000000000        319
  30.246306      43.485274       1.3721863879828300       0.6292467782695213        337
  33.152368      43.853518      -0.0000000000000000       0.0000000000000000        551
  36.074282      44.231443      -0.0000000000000000       0.0000000000000000        551
  39.013014      44.618118      -2.0683716822243658      -0.1088861309806060        503
  41.969544      45.012575      -2.2236015380582956      -0.0594323235676831        503
  44.944866      45.413807      -2.3738411799360302      -0.0032235725852960        503
  47.939979      45.820774      -2.5186153995738692       0.0598650449061682        503
  50.955888      46.232399      -0.0000000000000000       0.0000000000000000        302
  53.993591      46.647571      -0.0000000000000000       0.0000000000000000        302
  57.054075      47.065143      -0.0000000000000000       0.0000000000000000        302
  60.138308      47.483939      -0.0000000000000000       0.0000000000000000        390
  63.247232      47.902751      -0.0000000000000000       0.0000000000000000        466
  66.381746      48.320340      -0.0000000000000000       0.0000000000000000        458
  69.542702      48.735441      -0.0000000000000000       0.0000000000000000        459
  72.730887      49.146766      -2.5610670497287886       0.2602557997764380          0
  75.947015      49.553001      -3.3500168485540200       0.4300057395476924        501
  79.191706      49.952817      -3.4671934613371698       0.5509945170912911        501
  82.465478      50.344869      -2.8451393944742991       1.1261482271712961        580
  85.768725      50.727802      -2.4027885238677547       1.3137272489942489        580
  89.101703      51.100256      -1.9483683663072904       1.4813235595537699        580
  92.464515      51.460871      -1.4832052798753277       1.6274379934064409        580
  95.857094      51.808295      -1.0087537622847775       1.7506212301280795        580
  99.279184      52.141188      -0.4277281636045967       1.1833075313620172          0
  102.730332      52.458235      -0.1231813878205534       0.2489737379246860          0
  106.209867      52.758148      -0.3298499943648376       0.1651169321971075          0
  109.716898      53.039679      -0.6834391138206759       0.3705269932032109          0
  113.250299      53.301628      -0.6033229442146539       0.3368228617340598          0
  116.808708      53.542854      -0.4576892558274802       0.2442397474823272          0
  120.390526      53.762281      -0.3626826518834604       0.1655321237207991          0
  123.993920      53.958912      -0.3300905990275928       0.1176046900916621          0
  127.616829      54.131839      -0.3546464108755218       0.1076895582926156          0
  131.256982      54.280248      -0.4046673092207594       0.1197752800777478          0
  27.921099      40.554760      -0.0000000000000000       0.0000000000000000        521
  30.833116      40.914606      -1.2000449250508916       0.0944070147661442        715
  33.758966      41.284911      -0.0000000000000000       0.0000000000000000        520
  36.699522      41.664758      -0.0000000000000000       0.0000000000000000        526
  39.655669      42.053194      -0.0000000000000000       0.0000000000000000        551
  42.628304      42.449228      -0.0000000000000000       0.0000000000000000        551
  45.618335      42.851835      -2.4069740912747042       0.1961276419938464        503
  48.626670      43.259955      -2.5508521629153700       0.2567937235070794        503
  51.654218      43.672493      -2.6885501708269084       0.3242153937621379        503
  54.701878      44.088323      -2.8195820837547121       0.3984628984363430        503
  57.770535      44.506286      -0.0000000000000000       0.0000000000000000        302
  60.861052      44.925195      -0.0000000000000000       0.0000000000000000        390
  63.974260      45.343833      -0.0000000000000000       0.0000000000000000        466
  67.110951      45.760959      -0.0000000000000000       0.0000000000000000        458
  70.271864      46.175305      -1.3362313813216928       0.1909860428944857          0
  73.457677      46.585585      -3.2528164241724755       0.5241038975286606        501
  76.668995      46.990492      -3.3770328362075941       0.6323343984945306        501
  79.906335      47.388707      -3.4915197443405850       0.7488267787444456        501
  83.170114      47.778900      -3.5956601130584493       0.8733920532306275        501
  86.460635      48.159733      -2.9826577415972171       1.0490923404749184          0
  89.778076      48.529869      -2.5784897613719604       1.2217676189136317          0
  93.122470      48.887977      -1.9825939787487108       1.3349013526512881          0
  96.493699      49.232733      -1.4452951131835041       1.4407156267823191          0
  99.891475      49.562834      -1.5650292436558817       1.5825888205505889          0
  103.315334      49.877002      -1.8640231715045528       1.2898616021742413          0
  106.764621      50.173990      -2.2508727736474525       1.1770592134219071          0
  110.238486      50.452594      -1.6541575155518675       0.9078393150253026          0
  113.735876      50.711659      -1.0868638116483216       0.6115936512480081          0
  117.255532      50.950089      -0.7636563341338145       0.4085169872296211          0
  120.795995      51.166855      -0.5967590481846790       0.2739430499160098          0
  124.355600      51.361006      -0.5411658763321440       0.1979958355143912          0
  127.932495      51.531674      -0.5668008964772378       0.1758911930849535          0
  131.524646      51.678085      -0.6433533896708210       0.1955156320431780          0
  28.445115      37.979360      -0.0000000000000000       0.0000000000000000        522
  31.375947      38.341187      -0.0000000000000000       0.0000000000000000        522
  34.319563      38.713362      -1.2229409826196671       0.1645931091164013        715
  37.276766      39.094945      -0.0000000000000000       0.0000000000000000        525
  40.248371      39.484964      -0.0000000000000000       0.0000000000000000        526
  43.235202      39.882407      -0.0000000000000000       0.0000000000000000        526
  46.238087      40.286231      -0.0000000000000000       0.0000000000000000        526
  49.257856      40.695360      -2.5801601489221104       0.4501078227798367        503
  52.295334      41.108684      -2.7167588647962289       0.5144623943524620        503
  55.351335      41.525063      -2.8464862406530922       0.5853987564032304        503
  58.426656      41.943327      -2.9688601271482247       0.6629523917128075        503
  61.522070      42.362282      -3.0833977606369061       0.7471252785757231        503
  64.638318      42.780703      -0.0000000000000000       0.0000000000000000        467
  67.776099      43.197346      -0.2791363754098268       0.0462261441458783          0
  70.936063      43.610946      -2.8415033976577728       0.5703161103218846          0
  74.118798      44.020217      -3.2792374939203297       0.7249105490789084        501
  77.324821      44.423861      -3.4011087188134481       0.8285676539394362        501
  80.554568      44.820569      -3.5131161768802599       0.9401244200560429        501
  83.808379      45.209024      -3.6146721869679626       1.0593860784210349        501
  87.086489      45.587908      -3.7052005391560741       1.1860954957441585        501
  90.389016      45.955904      -3.7841413397017067       1.3199302864924858        501
  93.715948      46.311706      -3.7794902906479235       1.4617052712026393          0
  97.067134      46.654020      -3.2818614813990221       1.5996317356176395          0
  100.442272      46.981574      -3.2673208983090301       1.7545753945119325          0
  103.840900      47.293124      -3.5267483789283558       1.8741256463679845          0
  107.262388      47.587462      -3.9873070142153169       2.0799127089397507        501
  110.705933      47.863420      -2.3371793320500496       1.2992413128767910          0
  114.170556      48.119885      -1.3805204175147732       0.7747701649969943          0
  117.655097      48.355800      -0.9461992333099940       0.4924900901291138          0
  121.158222      48.570178      -0.7593849612248349       0.3335490722780596          0
  124.678422      48.762105      -0.7136338051436915       0.2545677810607804          0
  128.214023      48.930752      -0.7660696531129561       0.2433019525469626          0
  131.763198      49.075381      -0.8662090879820412       0.2690603012083042          0
  28.933563      35.401792      -1.1856947558902251       0.1314250999850916        715
  31.881494      35.765438      -1.2074010176958812       0.1632956689292548        715
  34.841184      36.139322      -0.0000000000000000       0.0000000000000000        522
  37.813371      36.522487      -2.0037913280247093       0.4576851869887201        503
  40.798807      36.913938      -2.1628183384185840       0.4941689230480918        503
  43.798249      37.312651      -2.3166786562169017       0.5365787308346800        503
  46.812458      37.717563      -0.0000000000000000       0.0000000000000000        505
  49.842192      38.127583      -2.6070137110686242       0.6396970066742551        503
  52.888204      38.541588      -2.7425421302841277       0.7006105690404590        503
  55.951233      38.958427      -2.8710125664573711       0.7678540416071604        503
  59.032002      39.376922      -2.9919516558785029       0.8414604901414837        503
  62.131208      39.795869      -0.0000000000000000       0.0000000000000000        301
  65.249513      40.214041      -0.0000000000000000       0.0000000000000000        467
  68.387543      40.630192      -0.0000000000000000       0.0000000000000000        467
  71.545870      41.043056      -0.0000000000000000       0.0000000000000000        466
  74.725010      41.451353      -3.3030805683353548       0.9201737083847059        501
  77.925413      41.853793      -3.4227660756759697       1.0188566248833624        501
  81.147447      42.249076      -3.5324747741003049       1.1250884080580126        501
  84.391394      42.635901      -3.6316465861668128       1.2386727128211479        501
  87.657439      43.012965      -3.7197357840991483       1.3593531274878843        501
  90.945657      43.378973      -3.7962155783634475       1.4868108021117927        501
  94.256005      43.732641      -3.8605831973437708       1.6206626876345032        501
  97.588314      44.072703      -3.9123654235136271       1.7604604993005006        501
  100.942279      44.397917      -3.9511245298225788       1.9056905179359767        501
  104.317449      44.707068      -3.9764645363933062       2.0557743383070699        501
  107.713228      44.998983      -1.7746048673259778       0.9928460806351197          0
  111.128863      45.272529      -1.7775871443705511       1.0034307746424873          0
  114.563445      45.526629      -1.2844861351344359       0.7034305159925752          0
  118.015909      45.760262      -0.9350595970362989       0.4506789875016996          0
  121.485035      45.972475      -0.8199758166936372       0.3253953421858796          0
  124.969454      46.162392      -0.8519509986138996       0.2930576217115903          0
  128.467651      46.329214      -0.9620877430793225       0.3165582281306769          0
  131.977980      46.472234      -1.0766566324605122       0.3429162971052051          0
  29.391714      32.822380      -1.1892757293180685       0.1656302244013242        715
  32.355296      33.187706      -1.2105930267035439       0.1955651843780736        715
  35.329631      33.563164      -0.0000000000000000       0.0000000000000000          0
  38.315403      33.947779      -0.0000000000000000       0.0000000000000000          0
  41.313305      34.340540      -2.1896431583587539       0.6896642083021364        503
  44.324035      34.740404      -2.3430073242729703       0.7290727061603954        503
  47.348291      35.146295      -0.0000000000000000       0.0000000000000000        505
  50.386771      35.557108      -0.0000000000000000       0.0000000000000000        505
  53.440163      35.971709      -0.0000000000000000       0.0000000000000000        505
  56.509143      36.388936      -0.0000000000000000       0.0000000000000000        505
  59.594368      36.807603      -3.0131044590018590       1.0150658331822919        503
  62.696470      37.226501      -3.1245162223631069       1.0904814176114495        503
  65.816047      37.644400      -3.2273207343516321       1.1719639452515755        503
  68.953660      38.060052      -0.0000000000000000       0.0000000000000000        301
  72.109821      38.472193      -0.0000000000000000       0.0000000000000000          0
  75.284986      38.879550      -3.3247766327747508       1.1099115022913462        501
  78.479549      39.280839      -3.4424147211775269       1.2032624101459546        501
  81.693826      39.674770      -3.5499802509170211       1.3038212255080868        501
  84.928057      40.060056      -3.6469391319926441       1.4113935247662335        501
  88.182387      40.435412      -3.7327740236772624       1.5257270386984549        501
  91.456862      40.799562      -3.8069886581484602       1.6465097118695784        501
  94.751420      41.151244      -3.8691125749647695       1.7733683707213101        501
  98.065884      41.489216      -3.9187062283131047       1.9058680975583944        501
  101.399954      41.812263      -3.9553664102011314       2.0435124056254157        501
  104.753199      42.119200      -4.1848472452102943       2.3505584239194763        607
  108.125058      42.408884      -0.8896561437298194       0.3632680068479839          0
  111.514830      42.680214      -0.5574829954538604       0.2088984460165375          0
  114.921675      42.932145      -0.6651097167964372       0.2346351753065972          0
  118.344616      43.163689      -0.7733737603145323       0.2716628997424818          0
  121.782540      43.373925      -0.8875038491959439       0.3105538725332888          0
  125.234202      43.562006      -1.0148518135990714       0.3565199291566210          0
  128.698230      43.727166      -1.1460980512199495       0.4028800202175497          0
  132.173139      43.868721      -1.2775279424800821       0.4426747354375764          0
  29.823984      30.241394      -1.1925846971857794       0.1985414004389970        715
  32.801983      30.608282      -1.2135265595540545       0.2264238606882640        715
  35.789752      30.985199      -1.2312433325025745       0.2555212524206859        715
  38.787923      31.371153      -0.0000000000000000       0.0000000000000000          0
  41.797137      31.765117      -0.0000000000000000       0.0000000000000000          0
  44.818037      32.166033      -2.3675647156909276       0.9180948186501465        503
  47.851268      32.572813      -2.5144243731572740       0.9597576467204262        503
  50.897472      32.984337      -0.0000000000000000       0.0000000000000000        505
  53.957282      33.399462      -0.0000000000000000       0.0000000000000000        505
  57.031317      33.817016      -0.0000000000000000       0.0000000000000000        505
  60.120178      34.235809      -0.0000000000000000       0.0000000000000000        505
  63.224442      34.654624      -0.0000000000000000       0.0000000000000000        506
  66.344653      35.072231      -0.0000000000000000       0.0000000000000000        506
  69.481318      35.487381      -0.0000000000000000       0.0000000000000000        301
  72.634898      35.898814      -0.0000000000000000       0.0000000000000000          0
  75.805801      36.305260      -0.0000000000000000       0.0000000000000000          0
  78.994376      36.705444      -3.4603810707639298       1.3817775382247086        501
  82.200902      37.098088      -3.5659376571510379       1.4763507410344394        501
  85.425581      37.481917      -3.6608306040313310       1.5776098101731697        501
  88.668533      37.855661      -3.7445690934376215       1.6853094618762061        501
  91.929784      38.218064      -3.8166851208285308       1.7991471178470617        501
  95.209262      38.567885      -3.8767378958731751       1.9187619265104638        501
  98.506790      38.903905      -3.9243185469442610       2.0437344683977559        501
  101.822079      39.224933      -0.0000000000000000       0.0000000000000000          0
  105.154723      39.529813      -1.7362045388070233       0.4632707843663294          0
  108.504197      39.817428      -1.0302852546189722       0.1392408513742245          0
  111.869853      40.086707      -0.9232622551731468       0.1070802576849621          0
  115.250919      40.336634      -0.9560373116208122       0.1563070363748888          0
  118.646499      40.566251      -0.9940904515058204       0.2076218262583368          0
  122.055578      40.774667      -1.0517055468142575       0.2567897999016034          0
  125.477025      40.961061      -1.1211298388147946       0.3004475544436611          0
  128.909597      41.124693      -1.1922772254036083       0.3366566327222622          0
  132.351951      41.264905      -1.2658117147536001       0.3600859210595201          0
  30.234112      27.659061      -1.1956614107959607       0.2301617324520375        715
  33.225473      28.027411      -1.2162396378453497       0.2558846959448202        715
  36.225640      28.405689      -1.2335492868963835       0.2827866133039662        715
  39.235199      28.792888      -0.0000000000000000       0.0000000000000000          0
  42.254740      29.187965      -0.0000000000000000       0.0000000000000000          0
  45.284861      29.589850      -0.0000000000000000       0.0000000000000000          0
  48.326157      29.997439      -2.5367893485091249       1.1412401157365082        503
  51.379220      30.409605      -2.6763470548997548       1.1844667326612801        503
  54.444635      30.825193      -0.0000000000000000       0.0000000000000000        505
  57.522972      31.243025      -0.0000000000000000       0.0000000000000000        505
  60.614785      31.661903      -0.0000000000000000       0.0000000000000000        505
  63.720601      32.080608      -0.0000000000000000       0.0000000000000000      50601
  66.840921      32.497908      -0.0000000000000000       0.0000000000000000      50601
  69.976205      32.912555      -0.0000000000000000       0.0000000000000000          0
  73.126873      33.323292      -0.0000000000000000       0.0000000000000000          0
  76.293296      33.728855      -0.0000000000000000       0.0000000000000000          0
  79.475784      34.127977      -0.0000000000000000       0.0000000000000000          0
  82.674587      34.519389      -3.5805919956876728       1.6426482141638161        501
  85.889883      34.901830      -3.6735454917657280       1.7373222376514199        501
  89.121771      35.274047      -3.7553229351398825       1.8381284437802292        501
  92.370267      35.634799      -3.8254826102063864       1.9447759604619652        501
  95.635295      35.982866      -0.0000000000000000       0.0000000000000000          0
  98.916685      36.317052      -1.2590777099397505      -0.1882218070081428        602
  102.214162      36.636188      -1.2870839624553656      -0.1473310913872375        602
  105.527349      36.939144      -1.5025130311332542       0.1218859099482505          0
  108.855760      37.224827      -1.2796422323677561      -0.0436463288341434          0
  112.198796      37.492196      -1.2690726621689277       0.0114114212331243          0
  115.555751      37.740260      -1.2151415581662890       0.0832529152953262          0
  118.925807      37.968087      -1.1836286121749500       0.1501132957036960          0
  122.308040      38.174813      -1.1944238375924416       0.2048064172385136          0
  125.701421      38.359644      -1.2253315258771698       0.2486232580095274          0
  129.104826      38.521863      -1.2619183428632337       0.2841172540860584          0
  132.517040      38.660833      -1.3021374765262048       0.3059504207452544          0
  30.625294      25.075577      -1.1985389213144058       0.2604853763071262        715
  33.629111      25.445302      -1.2187636966675099       0.2839510244270485        715
  36.640788      25.824858      -1.2356791415917696       0.3085600918327435        715
  39.660865      26.213220      -0.0000000000000000       0.0000000000000000          0
  42.689891      26.609334      -0.0000000000000000       0.0000000000000000          0
  45.728419      27.012114      -0.0000000000000000       0.0000000000000000          0
  48.777001      27.420447      -0.0000000000000000       0.0000000000000000          0
  51.836185      27.833195      -2.6965909637777177       1.3573799586287265        503
  54.906513      28.249195      -2.8280984878064346       1.4014678372535168        503
  57.988514      28.667262      -0.0000000000000000       0.0000000000000000        505
  61.082699      29.086192      -0.0000000000000000       0.0000000000000000        505
  64.189556      29.504765      -0.0000000000000000       0.0000000000000000      50601
  67.309544      29.921747      -0.0000000000000000       0.0000000000000000          0
  70.443089      30.335891      -0.0000000000000000       0.0000000000000000          0
  73.590577      30.745944      -0.0000000000000000       0.0000000000000000          0
  76.752344      31.150647      -0.0000000000000000       0.0000000000000000          0
  79.928677      31.548742      -0.0000000000000000       0.0000000000000000          0
  83.119800      31.938971      -3.5941423912371571       1.8026420467696764        501
  86.325873      32.320086      -3.6852654620696779       1.8904857431038449        501
  89.546984      32.690846      -3.7651981966217267       1.9841638089708886        501
  92.783143      33.050031      -0.0000000000000000       0.0000000000000000          0
  96.034277      33.396437      -1.1505992166206300      -0.3128727410488489        603
  99.300224      33.728890      -0.0000000000000000       0.0000000000000000          0
  102.580732      34.046242      -1.5008817769025555       0.0401780929728229          0
  105.875451      34.347387      -1.3124106263817428      -0.0896492987875693          0
  109.183934      34.631257      -1.3303435405266273      -0.0477010546089275          0
  112.505635      34.896834      -1.3438888567175362      -0.0017048555670098          0
  115.839908      35.143153      -1.3547848128302586       0.0454162049029277          0
  119.186008      35.369308      -1.3432609322678355       0.0989952260739478          0
  122.543096      35.574457      -1.3168097089904340       0.1583849173754710          0
  125.910239      35.757830      -1.3173776576691598       0.2055556140227528          0
  129.286418      35.918731      -1.3237062677966667       0.2457236355293004          0
  132.670536      36.056545      -1.3371989281611665       0.2776988849295424          0
  31.000298      22.491110      -1.2012449704721393       0.2894994729205445        715
  34.015788      22.862137      -1.2211249660276551       0.3106186109149001        715
  37.038206      23.242898      -1.2376572649437572       0.3328461478883228        715
  40.068053      23.632354      -1.2507742502193653       0.3561700109514523        715
  43.105836      24.029437      -0.0000000000000000       0.0000000000000000          0
  46.152069      24.433051      -0.0000000000000000       0.0000000000000000          0
  49.207265      24.842072      -0.0000000000000000       0.0000000000000000          0
  52.271935      25.255351      -2.7157353041504075       1.5255725008429348        503
  55.346583      25.671719      -0.0000000000000000       0.0000000000000000          0
  58.431699      26.089983      -0.0000000000000000       0.0000000000000000      50602
  61.527760      26.508938      -0.0000000000000000       0.0000000000000000      50602
  64.635219      26.927359      -0.0000000000000000       0.0000000000000000      50602
  67.754503      27.344012      -0.0000000000000000       0.0000000000000000          0
  70.886007      27.757653      -0.0000000000000000       0.0000000000000000          0
  74.030088      28.167032      -0.0000000000000000       0.0000000000000000          0
  77.187060      28.570897      -0.0000000000000000       0.0000000000000000          0
  80.357185      28.967997      -0.0000000000000000       0.0000000000000000          0
  83.540673      29.357085      -0.0000000000000000       0.0000000000000000          0
  86.737671      29.736925      -3.6961391895180027       2.0370209659649889        501
  89.948261      30.106292      -3.7743273783041618       2.1233593401571862        501
  93.172451      30.463981      -0.0000000000000000       0.0000000000000000          0
  96.410176      30.808806      -0.0000000000000000       0.0000000000000000          0
  99.661287      31.139611      -0.0000000000000000       0.0000000000000000          0
  102.925555      31.455273      -1.2771434846983909      -0.1483063691329932          0
  106.202659      31.754704      -1.3143792277737685      -0.0865517017015226          0
  109.492195      32.036861      -1.3319527987138939      -0.0374993241271282          0
  112.793663      32.300748      -1.3434393656635497       0.0094503574512063          0
  116.106478      32.545424      -1.3521917993434427       0.0554704378490273          0
  119.429964      32.770005      -1.3585259723799776       0.1002314951457718          0
  122.763360      32.973673      -1.3611423230536475       0.1430427618002318          0
  126.105823      33.155678      -1.3566938990875097       0.1861834905793324          0
  129.456430      33.315344      -1.3486979454379331       0.2297727213767234          0
  132.814191      33.452074      -0.0000000000000000       0.0000000000000000          0
  31.361539      19.905807      -1.2038030565625029       0.3171856817517013        715
  34.388027      20.278073      -1.2233455244811380       0.3358773058144906        715
  37.420521      20.659975      -1.2395040157784087       0.3556428918218326        715
  40.459486      21.050465      -1.2522144686630392       0.3764758839725891        715
  43.505394      21.448462      -0.0000000000000000       0.0000000000000000          0
  46.558724      21.852856      -0.0000000000000000       0.0000000000000000          0
  49.619952      22.262515      -0.0000000000000000       0.0000000000000000          0
  52.689557      22.676281      -0.0000000000000000       0.0000000000000000          0
  55.768008      23.092978      -0.0000000000000000       0.0000000000000000          0
  58.855764      23.511409      -0.0000000000000000       0.0000000000000000      50602
  61.953272      23.930363      -0.0000000000000000       0.0000000000000000      50602
  65.060954      24.348615      -0.0000000000000000       0.0000000000000000      50602
  68.179211      24.764931      -0.0000000000000000       0.0000000000000000          0
  71.308413      25.178069      -0.0000000000000000       0.0000000000000000          0
  74.448895      25.586783      -0.0000000000000000       0.0000000000000000          0
  77.600949      25.989828      -0.0000000000000000       0.0000000000000000          0
  80.764826      26.385960      -0.0000000000000000       0.0000000000000000          0
  83.940720      26.773944      -0.0000000000000000       0.0000000000000000          0
  87.128773      27.152554      -3.7062896392900204       2.1768231343014461        501
  90.329064      27.520581      -3.7828195746808997       2.2556321866993581        501
  93.541605      27.876834      -0.0000000000000000       0.0000000000000000          0
  96.766342      28.220146      -1.1595127733476756      -0.2470435689130097        603
  100.003142      28.549379      -1.1966358535729316      -0.2189638821046671        603
  103.251798      28.863430      -1.2857923468495049      -0.1412332790728167          0
  106.512025      29.161231      -1.3221509670724398      -0.0780350886931707          0
  109.783454      29.441761      -1.3369239541719276      -0.0261962493161082          0
  113.065637      29.704045      -1.3457382814730035       0.0210283505414369          0
  116.358044      29.947164      -1.3523990502421797       0.0656632516135295          0
  119.660065      30.170257      -1.3572714396396610       0.1082026195384685          0
  122.971013      30.372524      -1.3599566926830933       0.1478389622562120          0
  126.290127      30.553237      -1.3568887119213642       0.1878534582731200          0
  129.616575      30.711738      -0.0000000000000000       0.0000000000000000          0
  132.949464      30.847447      -1.4204727628209786       0.8707767401764672        649
  31.711157      17.319799      -1.2062332607515360       0.3435214049156471        715
  34.748053      17.693247      -1.2254441116255821       0.3597123615396732        715
  37.790045      18.076239      -1.2412365333998359       0.3769434964098187        715
  40.837562      18.467711      -1.2535500549326364       0.3952141358724715        715
  43.891045      18.866571      -0.0000000000000000       0.0000000000000000          0
  46.950938      19.271699      -1.6786383432401395       1.1627800220673985        710
  50.017690      19.681953      -0.0000000000000000       0.0000000000000000          0
  53.091746      20.096169      -0.0000000000000000       0.0000000000000000          0
  56.173548      20.513161      -0.0000000000000000       0.0000000000000000          0
  59.263528      20.931731      -0.0000000000000000       0.0000000000000000          0
  62.362105      21.350663      -0.0000000000000000       0.0000000000000000          0
  65.469677      21.768731      -0.0000000000000000       0.0000000000000000          0
  68.586624      22.184701      -0.0000000000000000       0.0000000000000000          0
  71.713294      22.597336      -0.0000000000000000       0.0000000000000000          0
  74.850005      23.005392      -0.0000000000000000       0.0000000000000000          0
  77.997035      23.407631      -0.0000000000000000       0.0000000000000000          0
  81.154622      23.802819      -0.0000000000000000       0.0000000000000000          0
  84.322956      24.189729      -0.0000000000000000       0.0000000000000000          0
  87.502173      24.567148      -3.7158195374014302       2.3097690430805708        501
  90.692355      24.933880      -0.0000000000000000       0.0000000000000000          0
  93.893523      25.288750      -3.8541595820801806       2.4567558055933962        502
  97.105631      25.630608      -1.1635798258411303      -0.2144135198856598        603
  100.328569      25.958332      -1.2334646626689858      -0.1388292519792164      60301
  103.562155      26.270839      -1.2943971995638772      -0.1136416915949035      60401
  106.806135      26.567082      -1.3373974031160962      -0.0659324289105450          0
  110.060181      26.846058      -1.3455213905561743      -0.0124535983414337          0
  113.323891      27.106814      -1.3501848645599468       0.0342455392947764          0
  116.596790      27.348451      -1.3546047276273498       0.0768972581729344          0
  119.878331      27.570128      -1.3590750248054955       0.1158677029267945          0
  123.167895      27.771065      -1.3619153333692848       0.1521611615640267          0
  126.464799      27.950551      -0.0000000000000000       0.0000000000000000          0
  129.768296      28.107947      -0.0000000000000000       0.0000000000000000          0
  133.077581      28.242687      -1.4356605580015591       1.2546492072524860        649
  32.051062      14.733202      -1.2085528944134891       0.3684807686525624        715
  35.097856      15.107786      -1.2274367610560615       0.3821054839970288        715
  38.148840      15.491821      -1.2428693491842036       0.3967373207455027        715
  41.204415      15.884230      -1.2547938172514790       0.4123818142954130        715
  44.264989      16.283910      -0.0000000000000000       0.0000000000000000          0
  47.330979      16.689732      -0.0000000000000000       0.0000000000000000          0
  50.402805      17.100544      -0.0000000000000000       0.0000000000000000          0
  53.480887      17.515175      -0.0000000000000000       0.0000000000000000          0
  56.565641      17.932434      -0.0000000000000000       0.0000000000000000          0
  59.657474      18.351117      -0.0000000000000000       0.0000000000000000          0
  62.756784      18.770007      -0.0000000000000000       0.0000000000000000          0
  65.863950      19.187878      -0.0000000000000000       0.0000000000000000          0
  68.979331      19.603496      -0.0000000000000000       0.0000000000000000          0
  72.103261      20.015625      -0.0000000000000000       0.0000000000000000          0
  75.236044      20.423029      -0.0000000000000000       0.0000000000000000          0
  78.377948      20.824475      -0.0000000000000000       0.0000000000000000          0
  81.529204      21.218737      -0.0000000000000000       0.0000000000000000          0
  84.689998      21.604599      -0.0000000000000000       0.0000000000000000          0
  87.860467      21.980859      -0.0000000000000000       0.0000000000000000          0
  91.040698      22.346335      -0.0000000000000000       0.0000000000000000          0
  94.230721      22.699866      -0.0000000000000000       0.0000000000000000          0
  97.430507      23.040319      -1.1674358655606651      -0.1820029059497499        603
  100.639966      23.366589      -1.2395065914779559      -0.0829989766270172      60301
  103.858941      23.677611      -1.2997860588561361      -0.0607036608952614      60404
  107.087213      23.972356      -1.3561200987872095      -0.0359827688182784      60406
  110.324492      24.249841      -1.3553203647793357       0.0065057906815197          0
  113.570424      24.509133      -1.3543742273838710       0.0508268622218170          0
  116.824584      24.749351      -1.3575381914049209       0.0899997997447155          0
  120.086485      24.969673      -1.3630298205803619       0.1228286949266104        612
  123.355576      25.169339      -0.0000000000000000       0.0000000000000000          0
  126.631244      25.347654      -0.0000000000000000       0.0000000000000000          0
  129.912820      25.503996      -0.0000000000000000       0.0000000000000000          0
  133.199585      25.637813      -0.0000000000000000       0.0000000000000000          0
  32.382985      12.146120      -1.2107770114035774       0.3920354115482138        701
  35.439232      12.521800      -1.2293372981241664       0.4030356737977249        715
  38.498768      12.906838      -1.2444148641801591       0.4150108062306476        715
  41.561965      13.300146      -0.0000000000000000       0.0000000000000000          0
  44.629205      13.700609      -1.2437043640985013       0.9876649984433342        709
  47.700879      14.107089      -1.2160993118463239       1.0055250392861594        709
  50.777382      14.518427      -1.1849482864031951       1.0239037386868477        709
  53.859110      14.933443      -1.1503201211331189       1.0427252538354912        709
  56.946457      15.350943      -0.0000000000000000       0.0000000000000000          0
  60.039812      15.769718      -0.0000000000000000       0.0000000000000000          0
  63.139553      16.188549      -0.0000000000000000       0.0000000000000000          0
  66.246042      16.606208      -0.0000000000000000       0.0000000000000000          0
  69.359625      17.021466      -0.0000000000000000       0.0000000000000000          0
  72.480623      17.433088      -0.0000000000000000       0.0000000000000000          0
  75.609330      17.839844      -0.0000000000000000       0.0000000000000000          0
  78.746008      18.240506      -0.0000000000000000       0.0000000000000000          0
  81.890884      18.633857      -0.0000000000000000       0.0000000000000000          0
  85.044143      19.018692      -0.0000000000000000       0.0000000000000000          0
  88.205928      19.393820      -0.0000000000000000       0.0000000000000000          0
  91.376333      19.758073      -0.0000000000000000       0.0000000000000000          0
  94.555399      20.110302      -0.0000000000000000       0.0000000000000000          0
  97.743116      20.449392      -1.1711108699975232      -0.1498427130574433        603
  100.939415      20.774254      -1.2452821774325133      -0.0276252380195377      60401
  104.144167      21.083839      -1.3049321541660941      -0.0082723733074908        604
  107.357186      21.377138      -1.3606385430957078       0.0133405829424956      60404
  110.578222      21.653185      -1.3388302431392933       0.0451338451553970      60201
  113.806963      21.911067      -0.0000000000000000       0.0000000000000000          0
  117.043039      22.149920      -0.0000000000000000       0.0000000000000000          0
  120.286017      22.368941      -0.0000000000000000       0.0000000000000000          0
  123.535409      22.567387      -0.0000000000000000       0.0000000000000000          0
  126.790670      22.744579      -7.1292908765615515       1.0483720480466356        675
  130.051206      22.899909      -7.1664174655442734       1.2029849410085958        684
  133.316375      23.032842      -7.1803457185875441       1.3606607823107455        801
  32.708514       9.558650      -1.2129188174077921       0.4141551161476462        701
  35.773827       9.935392      -1.2311577347910552       0.4224798977281254        715
  38.841529      10.321400      -0.0000000000000000       0.0000000000000000          0
  41.911966      10.715573      -1.2651474808807321       0.9619745368863972        709
  44.985496      11.116787      -1.2406841854771709       0.9766478778647659        709
  48.062486      11.523895      -1.2126180210748743       0.9919680817085448        709
  51.143310      11.935730      -1.1810139478663830       1.0078756198411876        709
  54.228343      12.351105      -1.1459459296057144       1.0243006315066197        709
  57.317961      12.768822      -0.0000000000000000       0.0000000000000000          0
  60.412536      13.187668      -0.0000000000000000       0.0000000000000000          0
  63.512430      13.606423      -0.0000000000000000       0.0000000000000000          0
  66.617994      14.023860      -0.0000000000000000       0.0000000000000000          0
  69.729560      14.438749      -0.0000000000000000       0.0000000000000000          0
  72.847443      14.849861      -0.0000000000000000       0.0000000000000000          0
  75.971929      15.255969      -0.0000000000000000       0.0000000000000000          0
  79.103278      15.655854      -0.0000000000000000       0.0000000000000000          0
  82.241715      16.048307      -0.0000000000000000       0.0000000000000000          0
  85.387430      16.432131      -0.0000000000000000       0.0000000000000000          0
  88.540571      16.806150      -0.0000000000000000       0.0000000000000000          0
  91.701241      17.169204      -0.0000000000000000       0.0000000000000000          0
  94.869498      17.520164      -0.0000000000000000       0.0000000000000000          0
  98.045350      17.857925      -1.1746307580194244      -0.1179694933284489      60302
  101.228750      18.181417      -1.2508303910392016       0.0272065237348044      60402
  104.419600      18.489607      -1.3098708719908014       0.0435742332642199        604
  107.617745      18.781503      -1.3649707896340568       0.0620388865641158        604
  110.822975      19.056158      -0.0000000000000000       0.0000000000000000          0
  114.035023      19.312675      -1.3519410694778411       0.0840103021642366        612
  117.253565      19.550210      -0.0000000000000000       0.0000000000000000          0
  120.478226      19.767974      -0.0000000000000000       0.0000000000000000          0
  123.708575      19.965241      -0.0000000000000000       0.0000000000000000          0
  126.944133      20.141351      -7.1315571496358512       1.1159690658218731        801
  130.184375      20.295708      -7.1674412122252491       1.2527454927510497        801
  133.428733      20.427789      -7.1804101319302998       1.3924320394614873        801
  33.029126       6.970882      -1.2149900001522069       0.4348083110774648        712
  36.103168       7.348658      -1.2329085853303137       0.4404136205202535        712
  39.178698       7.735606      -0.0000000000000000       0.0000000000000000          0
  42.256038       8.130616      -1.2625886063146834       0.9508944305249092        709
  45.335524       8.532553      -1.2376703823666710       0.9629360671022933        709
  48.417501       8.940263      -1.2091532083975824       0.9756899487626860        709
  51.502325       9.352568      -1.1771071172045477       0.9891027480091437        709
  54.590354       9.768279      -0.0000000000000000       0.0000000000000000          0
  57.681948      10.186192      -0.0000000000000000       0.0000000000000000          0
  60.777465      10.605091      -0.0000000000000000       0.0000000000000000          0
  63.877255      11.023754      -0.0000000000000000       0.0000000000000000          0
  66.981658      11.440956      -0.0000000000000000       0.0000000000000000          0
  70.091001      11.855469      -0.0000000000000000       0.0000000000000000          0
  73.205590      12.266066      -0.0000000000000000       0.0000000000000000          0
  76.325710      12.671526      -0.0000000000000000       0.0000000000000000          0
  79.451620      13.070638      -0.0000000000000000       0.0000000000000000          0
  82.583549      13.462200      -0.0000000000000000       0.0000000000000000          0
  85.721689      13.845027      -0.0000000000000000       0.0000000000000000          0
  88.866199      14.217952      -0.0000000000000000       0.0000000000000000          0
  92.017196      14.579831      -0.0000000000000000       0.0000000000000000          0
  95.174752      14.929545      -0.0000000000000000       0.0000000000000000          0
  98.338895      15.266006      -1.1780181712130795      -0.0864244726179107      60302
  101.509604      15.588159      -1.2561854718008942       0.0814068246808679      60402
  104.686811      15.894988      -1.3146332330394181       0.0947540770359508      60402
  107.870392      16.185518      -1.3691445253934984       0.1100374120096629        604
  111.060177      16.458818      -1.3409517367258608       0.0748799048238410        612
  114.255941      16.714009      -0.0000000000000000       0.0000000000000000          0
  117.457410      16.950262      -0.0000000000000000       0.0000000000000000          0
  120.664259      17.166808      -0.0000000000000000       0.0000000000000000          0
  123.876115      17.362934      -0.0000000000000000       0.0000000000000000          0
  127.092562      17.537994      -7.1337004066822240       1.1794496642348646        801
  130.313138      17.691409      -7.1683942687949198       1.2983333683897511        801
  133.537346      17.822666      -7.1804461508570094       1.4199828059309456        801
  33.346214       4.382900      -1.2170009982464949       0.4539624635352154        712
  36.428693       4.761685      -1.2345991205114264       0.4568112190074738        712
  39.511756       5.149550      -0.0000000000000000       0.0000000000000000          0
  42.595700       5.545373      -1.2600178705467591       0.9371888142588341        709
  45.680842       5.948010      -1.2346518589481619       0.9465759202440629        709
  48.767511       6.356297      -0.0000000000000000       0.0000000000000000          0
  51.856043       6.769051      -0.0000000000000000       0.0000000000000000          0
  54.946785       7.185077      -0.0000000000000000       0.0000000000000000          0
  58.040081       7.603166      -0.0000000000000000       0.0000000000000000          0
  61.136280       8.022100      -0.0000000000000000       0.0000000000000000          0
  64.235722       8.440658      -0.0000000000000000       0.0000000000000000          0
  67.338742       8.857612      -0.0000000000000000       0.0000000000000000          0
  70.445658       9.271738      -0.0000000000000000       0.0000000000000000          0
  73.556777       9.681815      -0.0000000000000000       0.0000000000000000          0
  76.672382      10.086625      -0.0000000000000000       0.0000000000000000          0
  79.792735      10.484965      -0.0000000000000000       0.0000000000000000          0
  82.918068      10.875642      -0.0000000000000000       0.0000000000000000          0
  86.048585      11.257480      -0.0000000000000000       0.0000000000000000          0
  89.184453      11.629325      -0.0000000000000000       0.0000000000000000          0
  92.325803      11.990043      -0.0000000000000000       0.0000000000000000          0
  95.472727      12.338531      -0.0000000000000000       0.0000000000000000          0
  98.625274      12.673714      -0.0000000000000000       0.0000000000000000          0
  101.783450      12.994554      -1.2766170785426372       0.0468787383093547        647
  104.947213      13.300050      -1.3192467349907180       0.1451817596296363      60402
  108.116476      13.589243      -1.3731842379451766       0.1572580995008299      60402
  111.291105      13.861219      -1.3419346321620773       0.0887531332758607        613
  114.470919      14.115115      -1.3532458234585552       0.1057979986230470        613
  117.655690      14.350119      -1.3603978858644643       0.1236814737325250        613
  120.845142      14.565476      -7.0023086104748655       1.0476757348950907        801
  124.038961      14.760491      -7.0799916402992977       1.1411779354982217        801
  127.236785      14.934531      -7.1357370818420298       1.2387637432388527        801
  130.438218      15.087028      -7.1692853998560757       1.3397263452813351        801
  133.642827      15.217484      -7.1804564334520604       1.4433179054338603        801
  33.661112       1.794785      -1.2189612220637658       0.4715843763386086        712
  36.751778       2.174561      -1.2362375734369158       0.4716462945753558        712
  39.842113       2.563323      -0.0000000000000000       0.0000000000000000          0
  42.932397       2.959939      -1.2574258720398190       0.9208986275409551        709
  46.022928       3.363254      -0.0000000000000000       0.0000000000000000          0
  49.114019       3.772098      -0.0000000000000000       0.0000000000000000          0
  52.205993       4.185282      -0.0000000000000000       0.0000000000000000          0
  55.299184       4.601603      -0.0000000000000000       0.0000000000000000          0
  58.393927       5.019850      -0.0000000000000000       0.0000000000000000          0
  61.490562       5.438803      -0.0000000000000000       0.0000000000000000          0
  64.589423       5.857239      -0.0000000000000000       0.0000000000000000          0
  67.690838       6.273934      -0.0000000000000000       0.0000000000000000          0
  70.795128       6.687664      -0.0000000000000000       0.0000000000000000          0
  73.902596       7.097212      -0.0000000000000000       0.0000000000000000          0
  77.013530       7.501369      -0.0000000000000000       0.0000000000000000          0
  80.128195       7.898935      -0.0000000000000000       0.0000000000000000          0
  83.246831       8.288728      -0.0000000000000000       0.0000000000000000          0
  86.369652       8.669583      -0.0000000000000000       0.0000000000000000          0
  89.496838       9.040354      -0.0000000000000000       0.0000000000000000          0
  92.628537       9.399923      -0.0000000000000000       0.0000000000000000          0
  95.764861       9.747199      -1.2207884196971672       0.0522417538267961      67352
  98.905881      10.081122      -1.2516461957167497       0.0605261763238062        647
  102.051629      10.400668      -1.2787811789600183       0.0700132250082295      64701
  105.202094      10.704852      -0.0000000000000000       0.0000000000000000          0
  108.357223      10.992731      -1.3771118361799910       0.2036202616898198      60402
  111.516920      11.263408      -1.3428746834584515       0.1019464906975022        613
  114.681045      11.516034      -1.3538468107423558       0.1156651734137651        613
  117.849415      11.749814      -0.0000000000000000       0.0000000000000000          0
  121.021805      11.964008      -7.0071764105424901       1.1379717116847869        801
  124.197952      12.157936      -7.0832857985290634       1.2139972607798670        801
  127.377552      12.330979      -7.1376813457203410       1.2938549425907109        801
  130.560268      12.482581      -7.1701220058151520       1.3768977446976496        801
  133.745729      12.612255      -7.1804430134605193       1.4624396683423857        801
  33.975120      -0.793384      -1.2208792368345849       0.4876403991579149        712
  37.073755      -0.412631      -1.2378313069112714       0.4848918948759772        712
  40.171136      -0.022989      -1.2511591953242733       0.4829723751657304        713
  43.267525       0.374402      -1.2548028296421831       0.9020660633173774        709
  46.363203       0.778380      -0.0000000000000000       0.0000000000000000          0
  49.458471       1.187763      -0.0000000000000000       0.0000000000000000          0
  52.553640       1.601358      -0.0000000000000000       0.0000000000000000          0
  55.649033       2.017957      -0.0000000000000000       0.0000000000000000          0
  58.744980       2.436345      -0.0000000000000000       0.0000000000000000          0
  61.841813       2.855301      -0.0000000000000000       0.0000000000000000          0
  64.939863       3.273602      -0.0000000000000000       0.0000000000000000          0
  68.039459       3.690023      -0.0000000000000000       0.0000000000000000          0
  71.140919       4.103346      -0.0000000000000000       0.0000000000000000          0
  74.244550       4.512357      -0.0000000000000000       0.0000000000000000          0
  77.350645       4.915852      -0.0000000000000000       0.0000000000000000          0
  80.459476       5.312641      -0.0000000000000000       0.0000000000000000          0
  83.571294       5.701549      -0.0000000000000000       0.0000000000000000          0
  86.686323       6.081421      -0.0000000000000000       0.0000000000000000          0
  89.804760       6.451123      -0.0000000000000000       0.0000000000000000          0
  92.926771       6.809550      -0.0000000000000000       0.0000000000000000          0
  96.052488       7.155623      -0.0000000000000000       0.0000000000000000          0
  99.182006       7.488297      -1.2541803100466757       0.0860369573617575      67301
  102.315384       7.806563      -1.2808822590874860       0.0924615658352137        647
  105.452644       8.109451      -1.3037802861792560       0.0999581567144690      64701
  108.593766       8.396034      -1.3809471607608044       0.2490411670923107      60402
  111.738690       8.665429      -1.3437775959280134       0.1144469373220245      61404
  114.887319       8.916805      -0.0000000000000000       0.0000000000000000          0
  118.039514       9.149381      -1.2670080878578951       0.0481054159476008      61407
  121.195098       9.362432      -7.0118866472637862       1.2239427871058399        801
  124.353859       9.555293      -7.0864630984773367       1.2825079967192057        801
  127.515548       9.727356      -7.1395455169299318       1.3446624993708389        801
  130.679884       9.878080      -7.1709103620186960       1.4098180434950591        801
  133.846557      10.006987      -7.1804073986840127       1.4773492696585120        801
  34.289521      -3.381529      -1.2227629157200459       0.5020965597087376        701
  37.395942      -2.999811      -1.2393869497381340       0.4965206516572367        713
  40.500172      -2.609300      -1.2523608136145985       0.4917484163042295        713
  43.602455      -2.211147      -0.0000000000000000       0.0000000000000000          0
  46.703062      -1.806523      -0.0000000000000000       0.0000000000000000          0
  49.802279      -1.396615      -0.0000000000000000       0.0000000000000000          0
  52.900410      -0.982625      -0.0000000000000000       0.0000000000000000          0
  55.997771      -0.565765      -0.0000000000000000       0.0000000000000000          0
  59.094687      -0.147251      -0.0000000000000000       0.0000000000000000          0
  62.191486       0.271692      -0.0000000000000000       0.0000000000000000          0
  65.288500       0.689842      -0.0000000000000000       0.0000000000000000          0
  68.386056       1.105977      -0.0000000000000000       0.0000000000000000          0
  71.484477       1.518880      -0.0000000000000000       0.0000000000000000          0
  74.584076       1.927342      -0.0000000000000000       0.0000000000000000          0
  77.685152       2.330167      -0.0000000000000000       0.0000000000000000          0
  80.787986       2.726171      -0.0000000000000000       0.0000000000000000          0
  83.892842       3.114189      -0.0000000000000000       0.0000000000000000          0
  86.999959       3.493076      -0.0000000000000000       0.0000000000000000          0
  90.109550       3.861709      -0.0000000000000000       0.0000000000000000          0
  93.221800       4.218996      -0.0000000000000000       0.0000000000000000          0
  96.336864       4.563871      -0.0000000000000000       0.0000000000000000          0
  99.454862       4.895302      -1.2566558204067788       0.1108264149630694      67352
  102.575883       5.212297      -1.2829307550719096       0.1141875802589454        673
  105.699978       5.513899      -1.3054201385560800       0.1185471762321058      64701
  108.827162       5.799197      -1.3240458575476082       0.1238548387711905        614
  111.957414       6.067324      -0.0000000000000000       0.0000000000000000          0
  115.090676       6.317464      -0.0000000000000000       0.0000000000000000          0
  118.226852       6.548850      -1.3561272983637394       0.1447950901436048      61405
  121.365815       6.760774      -7.0164641148344362       1.3054588635753879        801
  124.507399       6.952581      -7.0895408614847391       1.3466134344820535        801
  127.651409       7.123679      -7.1413403906350190       1.3911227134881776        801
  130.797620       7.273537      -7.1716558058762923       1.4384561344765010        801
  133.945779       7.401690      -7.1803506433124022       1.4880477621474157        801
>