>anchorPlateId 301
>reconstructionTime 86
>DeformingMeshPoints.gpml lat_lon_velocity_domain_28_32.gpml
>MeshNode <identity>GPlates-b7a3af0e-8119-4abb-9ae6-39bb7e5702ce</identity> <revision>GPlates-7b04c5e6-7801-49f1-bcc4-23d6f4e5417f</revision>
> reconstructionPlateId 0
> validTime TimePeriod <begin> TimeInstant <timePosition>http://gplates.org/times/distantPast</timePosition></begin> <end> TimeInstant <timePosition>http://gplates.org/times/distantFuture</timePosition></end>
  34.980219      72.104608      -0.0000000000000000       0.0000000000000000        302
  37.942286      72.209590      -0.0000000000000000       0.0000000000000000        302
  40.920549      72.317111      -0.0000000000000000       0.0000000000000000        302
  43.915691      72.426895      -0.0000000000000000       0.0000000000000000        302
  46.928376      72.538654      -0.0000000000000000       0.0000000000000000        302
  49.959252      72.652090      -0.0000000000000000       0.0000000000000000        302
  53.008939      72.766895      -0.0000000000000000       0.0000000000000000        373
  56.078034      72.882751      -0.0000000000000000       0.0000000000000000        373
  59.167099      72.999331      -0.0000000000000000       0.0000000000000000        372
  62.276658      73.116301      -0.0000000000000000       0.0000000000000000        372
  65.407192      73.233317      -0.0000000000000000       0.0000000000000000        372
  68.559133      73.350029      -0.0000000000000000       0.0000000000000000        372
  71.732857      73.466081      -0.0000000000000000       0.0000000000000000        372
  74.928680      73.581111      -0.0000000000000000       0.0000000000000000        401
  78.146844      73.694752      -0.0000000000000000       0.0000000000000000        401
  81.387520      73.806636      -0.0000000000000000       0.0000000000000000        401
  84.650794      73.916391      -0.0000000000000000       0.0000000000000000        401
  87.936659      74.023645      -0.0000000000000000       0.0000000000000000        401
  91.245015      74.128027      -0.0000000000000000       0.0000000000000000        401
  94.575657      74.229169      -0.0000000000000000       0.0000000000000000        401
  97.928267      74.326706      -0.0000000000000000       0.0000000000000000        401
  101.302416      74.420280      -0.0000000000000000       0.0000000000000000        401
  104.697552      74.509540      -0.0000000000000000       0.0000000000000000        401
  108.112999      74.594145      -0.0000000000000000       0.0000000000000000        401
  111.547957      74.673768      -0.0000000000000000       0.0000000000000000        401
  115.001496      74.748094      -0.0000000000000000       0.0000000000000000          0
  118.472561      74.816824      -0.0000000000000000       0.0000000000000000          0
  121.959969      74.879678      -0.0000000000000000       0.0000000000000000          0
  125.462419      74.936397      -0.0000000000000000       0.0000000000000000          0
  128.978492      74.986743      -0.0000000000000000       0.0000000000000000          0
  132.506662      75.030503      -0.0000000000000000       0.0000000000000000          0
  136.045306      75.067489      -0.0000000000000000       0.0000000000000000          0
  139.592711      75.097543       0.1208132626671695       0.3883454935372093      42101
  35.824755      69.512224      -0.0000000000000000       0.0000000000000000        302
  38.812927      69.617967      -0.0000000000000000       0.0000000000000000        302
  41.815427      69.726188      -0.0000000000000000       0.0000000000000000        302
  44.832816      69.836600      -0.0000000000000000       0.0000000000000000        302
  47.865633      69.948907      -0.0000000000000000       0.0000000000000000        302
  50.914398      70.062803      -0.0000000000000000       0.0000000000000000        302
  53.979603      70.177974      -0.0000000000000000       0.0000000000000000        302
  57.061713      70.294096      -0.0000000000000000       0.0000000000000000        302
  60.161159      70.410838      -0.0000000000000000       0.0000000000000000        372
  63.278333      70.527860      -0.0000000000000000       0.0000000000000000        372
  66.413587      70.644817      -0.0000000000000000       0.0000000000000000        372
  69.567227      70.761358      -0.0000000000000000       0.0000000000000000        372
  72.739506      70.877125      -0.0000000000000000       0.0000000000000000        401
  75.930623      70.991759      -0.0000000000000000       0.0000000000000000        401
  79.140713      71.104895      -0.0000000000000000       0.0000000000000000        401
  82.369847      71.216170      -0.0000000000000000       0.0000000000000000        401
  85.618025      71.325218      -0.0000000000000000       0.0000000000000000        401
  88.885169      71.431674      -0.0000000000000000       0.0000000000000000        401
  92.171121      71.535176      -0.0000000000000000       0.0000000000000000        401
  95.475640      71.635366      -0.0000000000000000       0.0000000000000000        401
  98.798393      71.731892      -0.0000000000000000       0.0000000000000000        401
  102.138957      71.824409      -0.0000000000000000       0.0000000000000000        401
  105.496815      71.912579      -0.0000000000000000       0.0000000000000000        401
  108.871352      71.996077      -0.0000000000000000       0.0000000000000000        401
  112.261856      72.074592      -0.0000000000000000       0.0000000000000000        401
  115.667519      72.147823      -0.0000000000000000       0.0000000000000000        401
  119.087435      72.215490      -0.0000000000000000       0.0000000000000000        401
  122.520606      72.277328      -0.0000000000000000       0.0000000000000000        401
  125.965945      72.333093      -0.0000000000000000       0.0000000000000000          0
  129.422277      72.382564      -0.0000000000000000       0.0000000000000000          0
  132.888350      72.425541      -0.0000000000000000       0.0000000000000000          0
  136.362842      72.461849      -0.0000000000000000       0.0000000000000000          0
  139.844363      72.491340      -0.0000000000000000       0.0000000000000000          0
  36.486641      66.916640      -0.0000000000000000       0.0000000000000000        302
  39.494367      67.022964      -0.0000000000000000       0.0000000000000000        302
  42.514871      67.131714      -0.0000000000000000       0.0000000000000000        302
  45.548623      67.242597      -0.0000000000000000       0.0000000000000000        302
  48.596072      67.355311      -0.0000000000000000       0.0000000000000000        302
  51.657645      67.469544      -0.0000000000000000       0.0000000000000000        302
  54.733743      67.584978      -0.0000000000000000       0.0000000000000000        302
  57.824738      67.701283      -0.0000000000000000       0.0000000000000000        302
  60.930969      67.818126      -0.0000000000000000       0.0000000000000000        302
  64.052740      67.935165      -0.0000000000000000       0.0000000000000000        302
  67.190318      68.052052      -0.0000000000000000       0.0000000000000000        302
  70.343923      68.168435      -0.0000000000000000       0.0000000000000000        401
  73.513733      68.283959      -0.0000000000000000       0.0000000000000000        401
  76.699872      68.398264      -0.0000000000000000       0.0000000000000000        401
  79.902411      68.510990      -0.0000000000000000       0.0000000000000000        401
  83.121366      68.621776      -0.0000000000000000       0.0000000000000000        401
  86.356686      68.730262      -0.0000000000000000       0.0000000000000000        401
  89.608261      68.836089      -0.0000000000000000       0.0000000000000000        401
  92.875909      68.938902      -0.0000000000000000       0.0000000000000000        401
  96.159377      69.038352      -0.0000000000000000       0.0000000000000000        401
  99.458342      69.134095      -0.0000000000000000       0.0000000000000000        401
  102.772402      69.225796      -0.0000000000000000       0.0000000000000000        401
  106.101079      69.313130      -0.0000000000000000       0.0000000000000000        401
  109.443820      69.395782      -0.0000000000000000       0.0000000000000000        401
  112.799989      69.473451      -0.0000000000000000       0.0000000000000000        401
  116.168879      69.545851      -0.0000000000000000       0.0000000000000000        401
  119.549703      69.612713      -0.0000000000000000       0.0000000000000000        401
  122.941603      69.673783      -0.0000000000000000       0.0000000000000000        401
  126.343650      69.728830      -0.0000000000000000       0.0000000000000000        401
  129.754850      69.777642      -0.0000000000000000       0.0000000000000000      43101
  133.174148      69.820030      -0.0000000000000000       0.0000000000000000      43101
  136.600434      69.855830       0.0662477634697257       0.1544191170106674      43202
  140.032549      69.884900       0.1288096927299947       0.1502606303187301      43202
  37.021212      64.318828      -0.0000000000000000       0.0000000000000000        302
  40.044143      64.425611      -0.0000000000000000       0.0000000000000000        302
  43.078547      64.534776      -0.0000000000000000       0.0000000000000000        302
  46.124826      64.646026      -0.0000000000000000       0.0000000000000000        302
  49.183360      64.759054      -0.0000000000000000       0.0000000000000000        302
  52.254506      64.873545      -0.0000000000000000       0.0000000000000000        302
  55.338598      64.989175      -0.0000000000000000       0.0000000000000000        302
  58.435939      65.105612      -0.0000000000000000       0.0000000000000000        302
  61.546805      65.222521      -0.0000000000000000       0.0000000000000000        302
  64.671437      65.339557      -0.0000000000000000       0.0000000000000000        390
  67.810039      65.456373      -0.0000000000000000       0.0000000000000000        468
  70.962779      65.572616      -0.0000000000000000       0.0000000000000000        401
  74.129778      65.687930      -0.0000000000000000       0.0000000000000000        401
  77.311118      65.801960      -0.0000000000000000       0.0000000000000000        401
  80.506827      65.914346      -0.0000000000000000       0.0000000000000000        401
  83.716886      66.024730      -0.0000000000000000       0.0000000000000000        401
  86.941222      66.132758      -0.0000000000000000       0.0000000000000000        401
  90.179705      66.238075      -0.0000000000000000       0.0000000000000000        401
  93.432146      66.340333      -0.0000000000000000       0.0000000000000000        401
  96.698299      66.439189      -0.0000000000000000       0.0000000000000000        401
  99.977851      66.534306      -0.0000000000000000       0.0000000000000000        401
  103.270431      66.625358      -0.0000000000000000       0.0000000000000000        401
  106.575601      66.712027      -0.0000000000000000       0.0000000000000000        401
  109.892858      66.794009      -0.0000000000000000       0.0000000000000000        401
  113.221639      66.871010      -0.0000000000000000       0.0000000000000000        401
  116.561314      66.942756      -0.0000000000000000       0.0000000000000000        401
  119.911195      67.008983      -0.0000000000000000       0.0000000000000000        401
  123.270531      67.069451      -0.0000000000000000       0.0000000000000000        401
  126.638519      67.123935      -0.0000000000000000       0.0000000000000000      43102
  130.014299      67.172232      -0.0000000000000000       0.0000000000000000      43101
  133.396967      67.214160      -0.0000000000000000       0.0000000000000000      43101
  136.785571      67.249563       0.0696306064192585       0.0349511475555211      43202
  140.179124      67.278305       0.1314728325960573       0.0307722636873502      43200
  37.463578      61.719405      -0.0000000000000000       0.0000000000000000        302
  40.498690      61.826560      -0.0000000000000000       0.0000000000000000        302
  43.544162      61.936060      -0.0000000000000000       0.0000000000000000        302
  46.600341      62.047605      -0.0000000000000000       0.0000000000000000        302
  49.667553      62.160883      -0.0000000000000000       0.0000000000000000        302
  52.746103      62.275577      -0.0000000000000000       0.0000000000000000        302
  55.836272      62.391358      -0.0000000000000000       0.0000000000000000        302
  58.938315      62.507895      -0.0000000000000000       0.0000000000000000        302
  62.052457      62.624848      -0.0000000000000000       0.0000000000000000        390
  65.178894      62.741872      -0.0000000000000000       0.0000000000000000        390
  68.317787      62.858619      -0.0000000000000000       0.0000000000000000        468
  71.469263      62.974737      -0.0000000000000000       0.0000000000000000        401
  74.633410      63.089871      -0.0000000000000000       0.0000000000000000        401
  77.810275      63.203665      -0.0000000000000000       0.0000000000000000        401
  80.999864      63.315764      -0.0000000000000000       0.0000000000000000        401
  84.202136      63.425812      -0.0000000000000000       0.0000000000000000        401
  87.417004      63.533458      -0.0000000000000000       0.0000000000000000        401
  90.644333      63.638353      -0.0000000000000000       0.0000000000000000        401
  93.883934      63.740152      -0.0000000000000000       0.0000000000000000        401
  97.135570      63.838519      -0.0000000000000000       0.0000000000000000        401
  100.398950      63.933123      -0.0000000000000000       0.0000000000000000        401
  103.673726      64.023643      -0.0000000000000000       0.0000000000000000        401
  106.959500      64.109770      -0.0000000000000000       0.0000000000000000        401
  110.255817      64.191205      -0.0000000000000000       0.0000000000000000        401
  113.562170      64.267664      -0.0000000000000000       0.0000000000000000        401
  116.877998      64.338878      -0.0000000000000000       0.0000000000000000        401
  120.202691      64.404592      -0.0000000000000000       0.0000000000000000        401
  123.535588      64.464573      -0.0000000000000000       0.0000000000000000        401
  126.875982      64.518602      -0.0000000000000000       0.0000000000000000      43102
  130.223123      64.566483      -0.0000000000000000       0.0000000000000000      43102
  133.576221      64.608042      -0.0000000000000000       0.0000000000000000      43101
  136.934451      64.643125      -0.0000000000000000       0.0000000000000000      43101
  140.296955      64.671602      -0.0000000000000000       0.0000000000000000      43101
  37.837081      59.118779      -0.0000000000000000       0.0000000000000000        302
  40.882193      59.226242      -0.0000000000000000       0.0000000000000000        302
  43.936702      59.336020      -0.0000000000000000       0.0000000000000000        302
  47.000911      59.447807      -0.0000000000000000       0.0000000000000000        302
  50.075103      59.561290      -0.0000000000000000       0.0000000000000000        302
  53.159542      59.676148      -0.0000000000000000       0.0000000000000000        302
  56.254468      59.792050      -0.0000000000000000       0.0000000000000000        302
  59.360097      59.908664      -0.0000000000000000       0.0000000000000000        302
  62.476617      60.025646      -0.0000000000000000       0.0000000000000000        390
  65.604190      60.142654      -0.0000000000000000       0.0000000000000000        468
  68.742945      60.259336      -0.0000000000000000       0.0000000000000000        468
  71.892981      60.375342      -0.0000000000000000       0.0000000000000000        401
  75.054359      60.490317      -0.0000000000000000       0.0000000000000000        401
  78.227108      60.603908      -0.0000000000000000       0.0000000000000000        401
  81.411214      60.715761      -0.0000000000000000       0.0000000000000000        401
  84.606626      60.825523      -0.0000000000000000       0.0000000000000000        401
  87.813250      60.932846      -0.0000000000000000       0.0000000000000000        401
  91.030950      61.037383      -0.0000000000000000       0.0000000000000000        401
  94.259545      61.138796      -0.0000000000000000       0.0000000000000000        401
  97.498808      61.236752      -0.0000000000000000       0.0000000000000000        401
  100.748467      61.330925      -0.0000000000000000       0.0000000000000000        401
  104.008202      61.421001      -0.0000000000000000       0.0000000000000000        401
  107.277649      61.506675      -0.0000000000000000       0.0000000000000000        401
  110.556395      61.587655      -0.0000000000000000       0.0000000000000000        401
  113.843981      61.663663      -0.0000000000000000       0.0000000000000000        401
  117.139907      61.734435      -0.0000000000000000       0.0000000000000000        401
  120.443625      61.799724      -0.0000000000000000       0.0000000000000000        401
  123.754548      61.859300      -0.0000000000000000       0.0000000000000000        401
  127.072050      61.912953      -0.0000000000000000       0.0000000000000000        401
  130.395467      61.960491      -0.0000000000000000       0.0000000000000000        401
  133.724104      62.001743      -0.0000000000000000       0.0000000000000000        401
  137.057234      62.036563      -0.0000000000000000       0.0000000000000000      43101
  140.394105      62.064822      -0.0000000000000000       0.0000000000000000      43101
  38.157846      56.517231      -0.0000000000000000       0.0000000000000000        302
  41.211337      56.624956      -0.0000000000000000       0.0000000000000000        302
  44.273381      56.734967      -0.0000000000000000       0.0000000000000000        302
  47.344245      56.846959      -0.0000000000000000       0.0000000000000000        302
  50.424179      56.960613      -0.0000000000000000       0.0000000000000000        302
  53.513412      57.075606      -0.0000000000000000       0.0000000000000000        302
  56.612151      57.191607      -0.0000000000000000       0.0000000000000000        302
  59.720582      57.308281      -0.0000000000000000       0.0000000000000000        302
  62.838866      57.425284      -0.0000000000000000       0.0000000000000000        390
  65.967136      57.542272      -0.0000000000000000       0.0000000000000000        468
  69.105499      57.658894      -0.0000000000000000       0.0000000000000000        468
  72.254032      57.774799      -0.0000000000000000       0.0000000000000000        401
  75.412778      57.889635      -0.0000000000000000       0.0000000000000000        401
  78.581751      58.003049      -0.0000000000000000       0.0000000000000000        401
  81.760927      58.114687      -0.0000000000000000       0.0000000000000000        401
  84.950248      58.224202      -0.0000000000000000       0.0000000000000000        401
  88.149619      58.331245      -0.0000000000000000       0.0000000000000000        401
  91.358906      58.435476      -0.0000000000000000       0.0000000000000000        401
  94.577936      58.536558      -0.0000000000000000       0.0000000000000000        401
  97.806496      58.634162      -0.0000000000000000       0.0000000000000000        401
  101.044333      58.727968      -0.0000000000000000       0.0000000000000000        401
  104.291151      58.817665      -0.0000000000000000       0.0000000000000000        401
  107.546617      58.902954      -0.0000000000000000       0.0000000000000000        401
  110.810356      58.983548      -0.0000000000000000       0.0000000000000000        401
  114.081952      59.059173      -0.0000000000000000       0.0000000000000000        401
  117.360954      59.129571      -0.0000000000000000       0.0000000000000000        401
  120.646869      59.194500      -0.0000000000000000       0.0000000000000000        401
  123.939172      59.253735      -0.0000000000000000       0.0000000000000000        401
  127.237304      59.307069      -0.0000000000000000       0.0000000000000000        401
  130.540673      59.354317      -0.0000000000000000       0.0000000000000000        401
  133.848661      59.395312      -0.0000000000000000       0.0000000000000000        401
  137.160623      59.429909      -0.0000000000000000       0.0000000000000000      43101
  140.475892      59.457985      -0.0000000000000000       0.0000000000000000      43400
  38.437370      53.914964      -0.0000000000000000       0.0000000000000000        302
  41.498004      54.022913      -0.0000000000000000       0.0000000000000000        302
  44.566444      54.133125      -0.0000000000000000       0.0000000000000000        302
  47.642927      54.245290      -0.0000000000000000       0.0000000000000000        302
  50.727674      54.359090      -0.0000000000000000       0.0000000000000000        302
  53.820886      54.474198      -0.0000000000000000       0.0000000000000000        302
  56.922745      54.590281      -0.0000000000000000       0.0000000000000000        302
  60.033412      54.707003      -0.0000000000000000       0.0000000000000000        302
  63.153025      54.824021      -0.0000000000000000       0.0000000000000000        390
  66.281697      54.940987      -0.0000000000000000       0.0000000000000000        468
  69.419516      55.057554      -0.0000000000000000       0.0000000000000000        468
  72.566542      55.173369      -0.0000000000000000       0.0000000000000000        468
  75.722807      55.288080      -0.0000000000000000       0.0000000000000000        401
  78.888314      55.401336      -0.0402243493924604       0.0032105284487391          0
  82.063033      55.512787      -0.2064302944361791       0.0247670571716489          0
  85.246903      55.622084      -0.2877635369704187       0.0462102847273633          0
  88.439829      55.728884      -0.2840912833556825       0.0573197474184908          0
  91.641681      55.832847      -0.1897091955139478       0.0462174729655970          0
  94.852297      55.933641      -0.0241420008013805       0.0069110397351245          0
  98.071477      56.030940      -0.0000000000000000       0.0000000000000000        401
  101.298986      56.124427      -0.0000000000000000       0.0000000000000000        401
  104.534552      56.213797      -0.0000000000000000       0.0000000000000000        401
  107.777869      56.298753      -0.0000000000000000       0.0000000000000000        401
  111.028595      56.379013      -0.0000000000000000       0.0000000000000000          0
  114.286353      56.454308      -0.0004770808911389       0.0529165947336563          0
  117.550732      56.524384       0.0048749180574576       0.1038510576745652          0
  120.821291      56.589003       0.0156341202255037       0.1364416502938723          0
  124.097555      56.647945       0.0316928914712568       0.1559378786732713          0
  127.379021      56.701007       0.0500408887048951       0.1626788918586411          0
  130.665159      56.748006       0.0680134110337055       0.1571415312959033          0
  133.955417      56.788779       0.0841414556239295       0.1483544192994698          0
  137.249216      56.823185       0.0932063941758733       0.1388927472679022          0
  140.545961      56.851104       0.0845411104562444       0.1143290050093311          0
  38.684075      51.312123      -0.0000000000000000       0.0000000000000000        302
  41.750890      51.420268      -0.0000000000000000       0.0000000000000000        302
  44.824843      51.530656      -0.0000000000000000       0.0000000000000000        302
  47.906145      51.642972      -0.0000000000000000       0.0000000000000000        302
  50.994992      51.756896      -0.0000000000000000       0.0000000000000000        302
  54.091564      51.872102      -0.0000000000000000       0.0000000000000000        302
  57.196021      51.988256      -0.0000000000000000       0.0000000000000000        302
  60.308503      52.105017      -0.0000000000000000       0.0000000000000000        390
  63.429130      52.222045      -0.0000000000000000       0.0000000000000000        465
  66.557999      52.338990      -0.0000000000000000       0.0000000000000000        458
  69.695183      52.455504      -0.0000000000000000       0.0000000000000000        458
  72.840731      52.571237      -0.0000000000000000       0.0000000000000000        459
  75.994665      52.685836      -0.3057060848163604       0.0133281264370788          0
  79.156981      52.798952      -0.6636148566397156       0.0549344831466811          0
  82.327645      52.910235      -0.8794703659349494       0.1076772892731009          0
  85.506596      53.019339      -0.9632969151360533       0.1566287816381248          0
  88.693740      53.125923      -0.9364101971946992       0.1903856545476116          0
  91.888956      53.229651      -0.8119282213286700       0.1986259675728390          0
  95.092088      53.330191      -0.5898106235248815       0.1690420361190488          0
  98.302952      53.427221      -0.2893420089352602       0.0952883772968908          0
  101.521329      53.520429      -0.0000000000000000       0.0000000000000000        401
  104.746969      53.609512      -0.0000000000000000       0.0000000000000000        401
  107.979592      53.694176      -0.0043439674321819       0.0317884192880479          0
  111.218884      53.774145      -0.0118046863337994       0.1641116400471571          0
  114.464503      53.849151      -0.0028481850531804       0.2558253983388129          0
  117.716075      53.918946       0.0174830039925889       0.3161474402948291          0
  120.973200      53.983294       0.0472237909190586       0.3546266861764837          0
  124.235450      54.041980       0.0829079884094017       0.3789242957621998          0
  127.502370      54.094804       0.1229223834762880       0.3934152745873383          0
  130.773483      54.141586       0.1659007454271657       0.3990833024161108          0
  134.048290      54.182167       0.2132353708437217       0.4011553028845739          0
  137.326273      54.216407       0.2658627537510107       0.4091726431682545          0
  140.606898      54.244189       0.3212636725729253       0.4306157830664373          0
  38.904273      48.708820      -0.0000000000000000       0.0000000000000000        302
  41.976507      48.817139      -0.0000000000000000       0.0000000000000000        302
  45.055275      48.927680      -0.0000000000000000       0.0000000000000000        302
  48.140767      49.040128      -0.0000000000000000       0.0000000000000000        302
  51.233159      49.154163      -0.0000000000000000       0.0000000000000000        302
  54.332609      49.269454      -0.0000000000000000       0.0000000000000000        302
  57.439262      49.385667      -0.0000000000000000       0.0000000000000000        302
  60.553239      49.502462      -0.0000000000000000       0.0000000000000000        390
  63.674647      49.619495      -0.0000000000000000       0.0000000000000000        465
  66.803569      49.736420      -0.0000000000000000       0.0000000000000000        458
  69.940067      49.852885      -0.0000000000000000       0.0000000000000000        459
  73.084180      49.968543      -0.3956967946084039       0.0034354140130095          0
  76.235923      50.083040      -0.9842981734832099       0.0460203993881330          0
  79.395289      50.196029      -1.3988480172521114       0.1195027089324963          0
  82.562241      50.307162      -1.6404277597587997       0.2045680261653718          0
  85.736718      50.416094      -1.7203893655390332       0.2830437284510418          0
  88.918631      50.522485      -1.6610201453965550       0.3402773616924706          0
  92.107865      50.626001      -1.4903544374807827       0.3661341434755924          0
  95.304275      50.726315      -1.2133250891390455       0.3555849228865588          0
  98.507688      50.823107      -0.8468980061258858       0.3248466959633498          0
  101.717903      50.916067      -0.4378885870950052       0.2750357397072566          0
  104.934690      51.004894      -0.1377272459118279       0.2720295757835020          0
  108.157790      51.089300      -0.0513751947926917       0.3304284382738944          0
  111.386919      51.169010      -0.0352151298615480       0.4239865341468834          0
  114.621762      51.243761      -0.0075149445304792       0.4998266170868542          0
  117.861981      51.313307       0.0314992471708108       0.5531121835301541          0
  121.107211      51.377416       0.0790951373681851       0.5890647300646205          0
  124.357063      51.435876       0.1330111227538671       0.6105752411674861          0
  127.611126      51.488490       0.1917271611466332       0.6213432622085346          0
  130.868969      51.535080       0.2549797414504236       0.6250070252946196          0
  134.130141      51.575491       0.3256112207731428       0.6275555676032982          0
  137.394174      51.609585       0.4088039874800240       0.6425272444401798          0
  140.660586      51.637246       0.5123514056669540       0.6865304958714964          0
  39.102792      46.105139      -0.0000000000000000       0.0000000000000000        301
  42.179833      46.213612      -0.0000000000000000       0.0000000000000000        301
  45.262857      46.324290      -0.0000000000000000       0.0000000000000000        301
  48.352037      46.436857      -0.0000000000000000       0.0000000000000000        302
  51.447530      46.550988      -0.0000000000000000       0.0000000000000000        302
  54.549479      46.666355      -0.0000000000000000       0.0000000000000000        302
  57.658012      46.782620      -0.0000000000000000       0.0000000000000000        302
  60.773238      46.899443      -0.0000000000000000       0.0000000000000000        390
  63.895250      47.016480      -0.0000000000000000       0.0000000000000000        466
  67.024121      47.133383      -0.0000000000000000       0.0000000000000000        458
  70.159904      47.249804      -0.2138853923056033      -0.0048349365578688          0
  73.302631      47.365391      -1.0841403740743705       0.0140412615884719          0
  76.452313      47.479796      -1.7599851750948519       0.0879084945594743          0
  79.608937      47.592670      -2.2262144106978905       0.1958312853900075          0
  82.772469      47.703666      -2.4872521416101900       0.3155835024032909          0
  85.942848      47.812441      -2.5471413159161687       0.4239961956522466          0
  89.119990      47.918658      -2.4392509145353638       0.5037154389549112          0
  92.303786      48.021985      -2.2064540579460790       0.5478293067979356          0
  95.494102      48.122095      -1.8310913948057428       0.5855568381321787          0
  98.690778      48.218673      -1.3671918908066467       0.6133531807875979          0
  101.893627      48.311409      -0.8577902548024097       0.6262250167799460          0
  105.102437      48.400007      -0.4112240058396857       0.6400977888000723          0
  108.316973      48.484182      -0.1433639093711348       0.6598225686629096          0
  111.536973      48.563660      -0.0638713011396959       0.7128945086965635          0
  114.762149      48.638183      -0.0145817260321415       0.7670329616577774          0
  117.992194      48.707506       0.0431226025089130       0.8063666841799960          0
  121.226775      48.771402       0.1082402298008654       0.8329807342970316          0
  124.465540      48.829660       0.1788357747604146       0.8447265125510770          0
  127.708113      48.882086       0.2541631471409759       0.8450647514420968          0
  130.954105      48.928506       0.3341887291410352       0.8368197489065656          0
  134.203107      48.968765       0.4217694139151023       0.8250013685743010          0
  137.454695      49.002729       0.5229975967847402       0.8269069946324257          0
  140.708434      49.030282       0.6517683340730556       0.8700357660482874          0
  39.283391      43.501145      -0.0000000000000000       0.0000000000000000        551
  42.364739      43.609758      -0.0000000000000000       0.0000000000000000        301
  45.451566      43.720559      -0.0000000000000000       0.0000000000000000        301
  48.544027      43.833232      -0.0000000000000000       0.0000000000000000        301
  51.642264      43.947450      -0.0000000000000000       0.0000000000000000        301
  54.746407      44.062883      -0.0000000000000000       0.0000000000000000        301
  57.856570      44.179194      -0.0000000000000000       0.0000000000000000        301
  60.972850      44.296041      -0.0000000000000000       0.0000000000000000        390
  64.095331      44.413080      -0.0000000000000000       0.0000000000000000        466
  67.224075      44.529963      -0.0000000000000000       0.0000000000000000        466
  70.359130      44.646341      -0.9042504812806818      -0.0134650909868017          0
  73.500521      44.761864      -1.9228635015255597       0.0328719778873328          0
  76.648257      44.876184      -2.6792024715113327       0.1426200216282250          0
  79.802322      44.988951      -3.1762857476925017       0.2874001108102312          0
  82.962682      45.099822      -3.4275247321458160       0.4422740166818353          0
  86.129280      45.208455      -3.4187203989826838       0.5760571279760153          0
  89.302038      45.314514      -3.2408321762524528       0.6752268960017536          0
  92.480852      45.417667      -2.9192651194761501       0.7369095190689295          0
  95.665598      45.517593      -2.4326874822172746       0.8301510048511742          0
  98.856128      45.613975      -1.8570746980995243       0.9176684109049128          0
  102.052270      45.706510      -1.2418265270743700       0.9783586902381202          0
  105.253831      45.794901      -0.6568368471089465       1.0052879557600951          0
  108.460592      45.878866      -0.2481887871375609       1.0035047387072880          0
  111.672314      45.958134      -0.0976495163535138       1.0169985115147346          0
  114.888737      46.032451      -0.0243430255748775       1.0458043264999746          0
  118.109577      46.101573       0.0519543482403445       1.0669264783555092          0
  121.334533      46.165276       0.1333744123885071       1.0813580683148265          0
  124.563282      46.223352       0.2194635595511197       1.0810293382643283          0
  127.795486      46.275609       0.3093286902625761       1.0657908893076444          0
  131.030788      46.321875       0.4032312581020660       1.0362312664896294          0
  134.268818      46.361997       0.5021637657974678       0.9942317929790735          0
  137.509192      46.395843       0.6088170735266265       0.9538042413588488          0
  140.751513      46.423300       0.6399908154045577       0.3245999910432968        625
  39.449046      40.896890      -0.0000000000000000       0.0000000000000000        526
  42.534289      41.005630      -0.0000000000000000       0.0000000000000000        526
  45.624545      41.116544      -0.0000000000000000       0.0000000000000000        526
  48.719953      41.229312      -0.0000000000000000       0.0000000000000000        301
  51.820643      41.343609      -0.0000000000000000       0.0000000000000000        301
  54.926732      41.459102      -0.0000000000000000       0.0000000000000000        301
  58.038323      41.575453      -0.0000000000000000       0.0000000000000000        301
  61.155502      41.692321      -0.0000000000000000       0.0000000000000000        301
  64.278345      41.809360      -0.0000000000000000       0.0000000000000000        467
  67.406907      41.926223      -0.2981751428624806       0.0339034535107677          0
  70.541228      42.042561      -1.6506127328644631       0.1137556677003089          0
  73.681333      42.158025      -2.8867317562078023       0.1405042372949200          0
  76.827224      42.272265      -3.7838942859060545       0.2149701170585573        580
  79.978888      42.384935      -3.7829353643520331       0.3546818553188326        580
  83.136291      42.495691      -3.7705000681852203       0.4950039713956314        580
  86.299379      42.604193      -3.7465641646613381       0.6354860072651872        580
  89.468078      42.710105      -3.7111398288323101       0.7756671410416274        580
  92.642294      42.813101      -3.6303709162196278       0.9057622950635063          0
  95.821910      42.912857      -2.9869535668437850       1.0774361701345592          0
  99.006790      43.009061      -2.3356741846808458       1.2152470840406535          0
  102.196777      43.101410      -1.6452586122050117       1.3103603255523242          0
  105.391692      43.189612      -0.9241331346342138       1.3592860939572853          0
  108.591337      43.273386      -0.3017687534476798       1.3558147794366240          0
  111.795492      43.352463      -0.1402054058351097       1.3416952568890159          0
  115.003918      43.426591      -0.0381673141767176       1.3338585552268141          0
  118.216358      43.495531       0.0587017217711897       1.3321789682306255          0
  121.432536      43.559058       0.1550981477879533       1.3272014391748703          0
  124.652159      43.616968       0.2548918597627058       1.3179060615237592          0
  127.874919      43.669071       0.3583702407581942       1.2920900390741570          0
  131.100492      43.715197       0.4633509814305559       1.2330458340853847          0
  134.328540      43.755196       0.5637316758355964       1.1244085859522968          0
  137.558716      43.788935      -0.0000000000000000       0.0000000000000000          0
  140.790659      43.816304       0.6377556845182316       0.5553334908414850        625
  39.602142      38.292416      -2.2389419930081500      -0.0141251886706218        503
  42.690939      38.401273      -2.4165446743448045       0.0557387557130993        503
  45.784314      38.512289      -0.0000000000000000       0.0000000000000000        526
  48.882394      38.625146      -0.0000000000000000       0.0000000000000000        301
  51.985296      38.739514      -0.0000000000000000       0.0000000000000000        301
  55.093127      38.855061      -0.0000000000000000       0.0000000000000000        301
  58.205979      38.971449      -0.0000000000000000       0.0000000000000000        301
  61.323933      39.088335      -0.0000000000000000       0.0000000000000000        301
  64.447052      39.205373      -0.0000000000000000       0.0000000000000000        301
  67.575389      39.322217      -0.9742916680823607       0.1425437829227017          0
  70.708980      39.438517      -2.6277014938381735       0.4352860281336313          0
  73.847843      39.553924      -3.6346379736627252       0.6256399186912001          0
  76.991981      39.668090      -3.7841278219290118       0.2358938020934828        580
  80.141381      39.780669      -3.7825755409739585       0.3684130036869950        580
  83.296010      39.891318      -3.7695663748530626       0.5015226332934477        580
  86.455818      39.999698      -3.7450833481390466       0.6347943075541680        580
  89.620737      40.105476      -3.7285632112477325       0.8063946229720663          0
  92.790678      40.208325      -3.7831901003158093       1.0643116273820536          0
  95.965536      40.307925      -3.4225641374466651       1.3059154881758690          0
  99.145185      40.403965      -2.7939938064562657       1.4726977958357326          0
  102.329480      40.496144      -2.0057712672637207       1.5343943744988966          0
  105.518259      40.584171      -1.1663966234972398       1.5266820978968738          0
  108.711339      40.667769      -0.4034515936417104       1.4418824779129278          0
  111.908520      40.746671      -0.1485178354323078       1.4024586114666295          0
  115.109584      40.820626      -0.0415544059135273       1.4199517737291341          0
  118.314297      40.889397       0.0662034807216399       1.4377470462489303          0
  121.522407      40.952764       0.1751968457453386       1.4495056826174224          0
  124.733647      41.010521       0.2850114001564031       1.4535018476778641          0
  127.947736      41.062483       0.3945746081652135       1.4420301240201796          0
  131.164380      41.108481       0.5028646189745426       1.4224612753638706          0
  134.383273      41.148365       0.5706066920180997       1.0360305559552916          0
  137.604097      41.182007      -0.0000000000000000       0.0000000000000000          0
  140.826527      41.209295      -0.0000000000000000       0.0000000000000000          0
  39.744623      35.687757      -2.2472816430267066       0.1829767341157621        503
  42.836687      35.796722      -2.4247554862847780       0.2486364960355324        503
  45.932920      35.907833      -0.0000000000000000       0.0000000000000000        505
  49.033441      36.020770      -0.0000000000000000       0.0000000000000000        505
  52.138356      36.135204      -0.0000000000000000       0.0000000000000000        505
  55.247760      36.250800      -0.0000000000000000       0.0000000000000000        505
  58.361737      36.367221      -0.0000000000000000       0.0000000000000000        505
  61.480361      36.484123      -0.0000000000000000       0.0000000000000000        301
  64.603689      36.601160      -0.0000000000000000       0.0000000000000000        301
  67.731769      36.717985      -1.7524693471735180       0.3843313472558289          0
  70.864632      36.834248      -3.4939262894477654       0.7344060921670736        501
  74.002295      36.949602      -3.6352460470160803       0.8439317554089642        501
  77.144761      37.063699      -3.7658577098124466       0.9588368403558520        501
  80.292015      37.176193      -3.8131063043421527       0.7748466262751175          0
  83.444028      37.286742      -3.8252505403628652       0.7370157382871780          0
  86.600753      37.395009      -3.8570418699778468       0.9501371692857032          0
  89.762128      37.500662      -3.8883061460882917       1.1218257060670955          0
  92.928072      37.603374      -3.9552825814534422       1.3081142072937357          0
  96.098487      37.702829      -3.8234459822132747       1.5249114050571544          0
  99.273259      37.798716      -3.2497884114095354       1.6620151019871900          0
  102.452256      37.890737      -2.2874682209589121       1.6186746769855946          0
  105.635328      37.978603      -1.2794753336744935       1.4671506714862235          0
  108.822310      38.062037      -0.4273619072994471       1.2488609100426580          0
  112.013019      38.140777      -0.1166824099591013       1.1774712386869524          0
  115.207256      38.214572      -0.0173716683568702       1.2024922525077397          0
  118.404809      38.283187       0.0832978688657834       1.2266557726873197          0
  121.605447      38.346404       0.1858802991895699       1.2383042608577663          0
  124.808928      38.404021       0.2891052213741759       1.2227994487514113          0
  128.014997      38.455853       0.3900528426595817       1.1714480158174208          0
  131.223387      38.501732       0.4840390834672728       1.0683560005474479          0
  134.433818      38.541511      -0.0000000000000000       0.0000000000000000          0
  137.646002      38.575062      -0.0000000000000000       0.0000000000000000          0
  140.859644      38.602276       0.6338160085479996       1.0130339176720486        626
  39.878087      33.082941      -2.2550809368259968       0.3791180207154329        503
  42.973175      33.192006      -2.4324304725660570       0.4403747225350964        503
  46.072050      33.303205      -2.6028874105770683       0.5071338874842004        503
  49.174817      33.416217      -0.0000000000000000       0.0000000000000000        505
  52.281575      33.530711      -0.0000000000000000       0.0000000000000000        505
  55.392410      33.646354      -0.0000000000000000       0.0000000000000000        505
  58.507399      33.762805      -0.0000000000000000       0.0000000000000000        505
  61.626607      33.879720      -0.0000000000000000       0.0000000000000000        506
  64.750089      33.996755      -0.0000000000000000       0.0000000000000000        506
  67.877886      34.113562      -2.7713513136186463       0.7278802981097678          0
  71.010028      34.229791      -3.5007097292412652       0.9156538935572087        501
  74.146529      34.345094      -3.6414833805295692       1.0182209581076163        501
  77.287391      34.459125      -3.7715200648923042       1.1258670165747300        501
  80.432602      34.571539      -3.8903822944653244       1.2383076736734302        501
  83.582135      34.681994      -3.9604043789169410       1.2516551011845816          0
  86.735947      34.790155      -4.0009827077916338       1.3307187319583613          0
  89.893981      34.895690      -4.0385136315927452       1.4361440318662164          0
  93.056163      34.998275      -4.1056516449560227       1.5780431784974498          0
  96.222405      35.097594      -4.1962825946219473       1.7592293153250842          0
  99.392601      35.193338      -3.7919167012685047       1.8718630234742970          0
  102.566633      35.285212      -2.4528680048690821       1.6225188980740790          0
  105.744365      35.372927      -1.1839043127115461       1.2820880480372874          0
  108.925644      35.456209      -0.2850228502283670       0.9827071372393840          0
  112.110306      35.534796      -0.0862981510578018       0.9544051398317321          0
  115.298170      35.608442       0.0053273938558949       0.9888833128253973          0
  118.489042      35.676912       0.0991375372738515       1.0212216510320491          0
  121.682714      35.739991       0.1958158663606970       1.0306266950385132          0
  124.878965      35.797477       0.2929523908426801       1.0102805452174188          0
  128.077564      35.849187       0.3875910576656907       0.9567137364477484          0
  131.278268      35.894956       0.4754725040935972       0.8548089509563799          0
  134.480824      35.934637      -0.0000000000000000       0.0000000000000000          0
  137.684970      35.968104      -0.0000000000000000       0.0000000000000000          0
  140.890438      35.995248      -0.0000000000000000       0.0000000000000000          0
  40.003868      30.477991      -2.2624200195872746       0.5739416566805966        503
  43.101774      30.587149      -2.4396492024735585       0.6306113515814111        503
  46.203104      30.698432      -2.6099318574360115       0.6924221355266826        503
  49.307954      30.811513      -2.7727496568222390       0.7592688061326581        503
  52.416413      30.926064      -0.0000000000000000       0.0000000000000000        505
  55.528559      31.041749      -0.0000000000000000       0.0000000000000000        505
  58.644463      31.158227      -0.0000000000000000       0.0000000000000000        505
  61.764185      31.275155      -0.0000000000000000       0.0000000000000000      50601
  64.887774      31.392188      -0.0000000000000000       0.0000000000000000      50601
  68.015268      31.508976      -0.0000000000000000       0.0000000000000000      50601
  71.146694      31.625172      -3.5070653407788148       1.0940826680833573        501
  74.282066      31.740427      -3.6473236154660187       1.1894463170914198        501
  77.421386      31.854396      -3.7768183029086995       1.2895843830568086        501
  80.564643      31.966734      -3.8951183319050013       1.3942330966585601        501
  83.711812      32.077101      -4.0018236202340063       1.5031055125663115        501
  86.862856      32.185161      -4.0965668353418394       1.6158919750873295        501
  90.017722      32.290585      -4.1781534909779010       1.7314815241194130          0
  93.176344      32.393050      -4.2459715734279690       1.8487445936570177          0
  96.338642      32.492240      -4.3058771425846221       1.9743134977374295        501
  99.504522      32.587851      -3.2843127862290964       1.6843742072501904          0
  102.673874      32.679585      -1.9845345827112295       1.3292475730614552          0
  105.846576      32.767158      -0.6612404850004450       0.9018103855211149          0
  109.022490      32.850297      -0.1478168108430103       0.7320603828710081          0
  112.201468      32.928743      -0.0587020739046787       0.7377348686888577          0
  115.383344      33.002248       0.0262109145598454       0.7799070752487389          0
  118.567944      33.070583       0.1133238671875951       0.8231226657207280          0
  121.755079      33.133531       0.2045236979504343       0.8379530891493643          0
  124.944550      33.190894       0.2965163593136649       0.8213706953160447          0
  128.136146      33.242490       0.3865507595550298       0.7800879621409381          0
  131.329648      33.288156       0.4724213668136296       0.7141951118121539          0
  134.524827      33.327745      -0.0000000000000000       0.0000000000000000          0
  137.721445      33.361133      -0.0000000000000000       0.0000000000000000          0
  140.919260      33.388213      -0.0000000000000000       0.0000000000000000          0
  40.123088      27.872926      -2.2693662587643226       0.7670850575667146        503
  43.223638      27.982173      -2.4464785027003337       0.8189981056891358        503
  46.327265      28.093533      -2.6165931643784912       0.8756815136604099        503
  49.434057      28.206680      -2.7791936110877367       0.9370432813520416        503
  52.544095      28.321284      -2.9337815347630340       1.0029743591010598        503
  55.657451      28.437008      -3.0798785353196942       1.0733480914061344        503
  58.774189      28.553512      -0.0000000000000000       0.0000000000000000        505
  61.894364      28.670452      -0.0000000000000000       0.0000000000000000        505
  65.018021      28.787481      -0.0000000000000000       0.0000000000000000      50601
  68.145195      28.904251      -3.3629532639760846       1.1861509318671133        501
  71.275911      29.020415      -3.5130562097956162       1.2693988168818655        501
  74.410183      29.135625      -3.6528253817005369       1.3573324476387967        501
  77.548013      29.249534      -3.7818062603699802       1.4497318907789862        501
  80.689392      29.361799      -3.8995738617966147       1.5463548852535203        501
  83.834299      29.472082      -4.0057344773673718       1.6469370918191171        501
  86.982699      29.580047      -4.0999273598866308       1.7511925187121169        501
  90.134546      29.685366      -4.1818263447098696       1.8588141289079161        501
  93.289782      29.787717      -4.2511413945484016       1.9694746325118337        501
  96.448333      29.886786      -4.4947297769963850       2.2969573681079787        607
  99.610115      29.982270      -0.0000000000000000       0.0000000000000000          0
  102.775031      30.073873      -0.8551944600061137       0.8293405177634040          0
  105.942969      30.161312      -0.2352626446735741       0.6466810886898239          0
  109.113806      30.244316      -0.1482490633687023       0.6545269742213408          0
  112.287408      30.322627      -0.0583478931922410       0.6631541287515138          0
  115.463627      30.396000       0.0324076933495420       0.6703113496877994          0
  118.642303      30.464206       0.1225078590265742       0.6732734904041258          0
  121.823268      30.527032       0.2113834515036324       0.6708770371211665          0
  125.006341      30.584279       0.2993775128392551       0.6670015538490389          0
  128.191333      30.635768       0.3868471891911789       0.6553708280186289          0
  131.378045      30.681336      -0.0000000000000000       0.0000000000000000          0
  134.566271      30.720839      -0.0000000000000000       0.0000000000000000          0
  137.755797      30.754153      -0.0000000000000000       0.0000000000000000          0
  140.946403      30.781171      -0.0000000000000000       0.0000000000000000          0
  40.236706      25.267764      -2.2759769145343478       0.9581823215897005        503
  43.339749      25.377095      -2.4529751261015074       1.0051829285465170        503
  46.445538      25.488528      -2.6229271609907414       1.0565745446155859        503
  49.554153      25.601737      -2.7853180613667203       1.1122791108697827        503
  52.665667      25.716391      -2.9396517522955974       1.1722025955404012        503
  55.780146      25.832152      -3.0854526061944458       1.2362344153309366        503
  58.897648      25.948680      -0.0000000000000000       0.0000000000000000      50602
  62.018224      26.065630      -0.0000000000000000       0.0000000000000000      50602
  65.141915      26.182655      -0.0000000000000000       0.0000000000000000      50602
  68.268755      26.299408      -0.0000000000000000       0.0000000000000000          0
  71.398767      26.415541      -3.5187355477467821       1.4413024049840759        501
  74.531964      26.530706      -3.6580380785271469       1.5215975199858267        501
  77.668349      26.644558      -3.7865292454696489       1.6060460295328345        501
  80.807915      26.756754      -3.9037898693886319       1.6944279814220458        501
  83.950645      26.866957      -4.0094323073235767       1.7865024225670219        501
  87.096508      26.974831      -4.1031020673434320       1.8820077794417280        501
  90.245463      27.080049      -4.1844793545868884       1.9806624142846070        501
  93.397459      27.182292      -4.2532805379638532       2.0821653601928487        501
  96.552432      27.281246      -4.4938888186533301       2.3342820316902388        607
  99.710305      27.376608      -0.3376336152212511       0.4531538686349579        603
  102.870993      27.468086      -0.3495992314965283       0.5447050062074965          0
  106.034395      27.555398      -0.2356518453670158       0.5602507306993134          0
  109.200401      27.638274      -0.1492328605950188       0.5770819085304264          0
  112.368892      27.716457      -0.0584110712786771       0.5894573421760135          0
  115.539733      27.789705       0.0333326667491732       0.5985855408938616          0
  118.712784      27.857790       0.1245167860754942       0.6037894331503788          0
  121.887892      27.920499       0.2131328112669658       0.6024392853148466          0
  125.064895      27.977636       0.3011200915201897       0.5975331373046279          0
  128.243622      28.029023       0.3885691327965133       0.5908315038416567          0
  131.423897      28.074499      -0.0000000000000000       0.0000000000000000          0
  134.605532      28.113921      -0.0000000000000000       0.0000000000000000          0
  137.788336      28.147164      -0.0000000000000000       0.0000000000000000          0
  140.972112      28.174124      -0.0000000000000000       0.0000000000000000          0
  40.345546      22.662518      -0.0000000000000000       0.0000000000000000          0
  43.450954      22.771929      -2.4591878049101874       1.1888120198484553        503
  46.558789      22.883432      -2.6289817442611816       1.2347616866918911        503
  49.669124      22.996701      -2.7911697155441599       1.2846517017749799        503
  52.782025      23.111401      -2.9452578362060966       1.3384037428126900        503
  55.897552      23.227197      -3.0907731849639575       1.3959240044972916        503
  59.015758      23.343747      -0.0000000000000000       0.0000000000000000      50602
  62.136691      23.460706      -0.0000000000000000       0.0000000000000000      50602
  65.260388      23.577728      -0.0000000000000000       0.0000000000000000          0
  68.386881      23.694464      -0.0000000000000000       0.0000000000000000          0
  71.516192      23.810567      -0.0000000000000000       0.0000000000000000          0
  74.648335      23.925689      -3.6630037896117180       1.6819562377174155        501
  77.783313      24.039486      -3.7910258121505533       1.7582598690208919        501
  80.921122      24.151616      -3.9078011867822635       1.8382040360445688        501
  84.061748      24.261740      -4.0129480726294391       1.9215718769375822        501
  87.205164      24.369527      -4.1061179504471221       2.0081269184011710        501
  90.351336      24.474649      -0.0000000000000000       0.0000000000000000          0
  93.500219      24.576788      -0.0000000000000000       0.0000000000000000          0
  96.651757      24.675632      -4.4930725987932645       2.3659641873310799        607
  99.805882      24.770879      -0.3352348195873616       0.3899813877801118        603
  102.962519      24.862238      -0.3078278118135540       0.4406511662739898          0
  106.121579      24.949428      -0.2399758669280122       0.4796027498546409          0
  109.282965      25.032181      -0.1518052132733998       0.5018395963290846          0
  112.446569      25.110243      -0.0588458857536290       0.5175129556240425          0
  115.612274      25.183371       0.0344259000936349       0.5285325906866323          0
  118.779953      25.251339       0.1263910825553595       0.5349087713800681          0
  121.949471      25.313937       0.2149055737837054       0.5343122626236991          0
  125.120683      25.370970       0.3028766710658437       0.5307644591784925          0
  128.293437      25.422260      -0.0000000000000000       0.0000000000000000          0
  131.467574      25.467648      -0.0000000000000000       0.0000000000000000          0
  134.642928      25.506991      -0.0000000000000000       0.0000000000000000          0
  137.819328      25.540168      -0.0000000000000000       0.0000000000000000          0
  140.996597      25.567073      -0.0000000000000000       0.0000000000000000          0
  40.450327      20.057202      -0.0000000000000000       0.0000000000000000          0
  43.557990      20.166690      -0.0000000000000000       0.0000000000000000          0
  46.667772      20.278259      -2.6347984641783948       1.4099031645918625        503
  49.779739      20.391584      -2.7967890536640501       1.4538360174693141        503
  52.893950      20.506330      -2.9506388974937341       1.5012681552284313        503
  56.010461      20.622159      -3.0958777260432204       1.5521231899108814        503
  59.129320      20.738730      -0.0000000000000000       0.0000000000000000          0
  62.250570      20.855697      -0.0000000000000000       0.0000000000000000          0
  65.374248      20.972714      -0.0000000000000000       0.0000000000000000          0
  68.500382      21.089433      -0.0000000000000000       0.0000000000000000          0
  71.628995      21.205507      -0.0000000000000000       0.0000000000000000          0
  74.760100      21.320587      -0.0000000000000000       0.0000000000000000          0
  77.893704      21.434331      -3.7953291288499180       1.9061055375261280        501
  81.029802      21.546397      -3.9116377426796749       1.9774339127721718        501
  84.168385      21.656447      -4.0163083402173623       2.0519152662929785        501
  87.309432      21.764149      -0.0000000000000000       0.0000000000000000          0
  90.452913      21.869179      -0.0000000000000000       0.0000000000000000          0
  93.598789      21.971218      -0.0000000000000000       0.0000000000000000          0
  96.747013      22.069955      -0.4115074521222897       0.3158925845713242        603
  99.897527      22.165091      -0.3329338282430890       0.3259445433014187        603
  103.050264      22.256336      -0.3074400317051969       0.3879365371523739      60401
  106.205147      22.343409      -0.2504223115624314       0.4034167987634906          0
  109.362091      22.426045      -0.1565582774243910       0.4301857275807747          0
  112.521001      22.503989      -0.0590381202910225       0.4485762335016921          0
  115.681774      22.577002       0.0365478658328308       0.4611709234385081          0
  118.844299      22.644859       0.1282718952231943       0.4668991041442400          0
  122.008454      22.707351      -0.0000000000000000       0.0000000000000000          0
  125.174113      22.764283      -0.0000000000000000       0.0000000000000000          0
  128.341141      22.815481      -6.3987419539563124       3.4235275839910004        678
  131.509397      22.860784      -0.0000000000000000       0.0000000000000000          0
  134.678734      22.900053      -0.0000000000000000       0.0000000000000000          0
  137.849000      22.933165      -0.0000000000000000       0.0000000000000000          0
  141.020038      22.960018      -0.0000000000000000       0.0000000000000000          0
  40.551684      17.451825      -0.9750750580126308       0.7353250075554195        710
  43.661508      17.561387      -0.0000000000000000       0.0000000000000000          0
  46.773152      17.673021      -2.6404137758070241       1.5816605527763690        503
  49.886674      17.786400      -2.8022115571524449       1.6195082179953117        503
  53.002130      17.901189      -0.0000000000000000       0.0000000000000000          0
  56.119568      18.017050      -0.0000000000000000       0.0000000000000000          0
  59.239035      18.133640      -0.0000000000000000       0.0000000000000000          0
  62.360569      18.250615      -0.0000000000000000       0.0000000000000000          0
  65.484204      18.367628      -0.0000000000000000       0.0000000000000000          0
  68.609969      18.484330      -0.0000000000000000       0.0000000000000000          0
  71.737885      18.600374      -0.0000000000000000       0.0000000000000000          0
  74.867966      18.715415      -0.0000000000000000       0.0000000000000000          0
  78.000220      18.829107      -3.7994680488226029       2.0493162733191697        501
  81.134646      18.941110      -3.9153255382438212       2.1118697493119014        501
  84.271238      19.051087      -0.0000000000000000       0.0000000000000000          0
  87.409979      19.158708      -0.0000000000000000       0.0000000000000000          0
  90.550845      19.263649      -0.0000000000000000       0.0000000000000000          0
  93.693805      19.365591      -0.0000000000000000       0.0000000000000000          0
  96.838818      19.464226      -0.4092342926900909       0.2520267450905669        603
  99.985836      19.559254      -0.3573361200529643       0.3411511753599010      60301
  103.134800      19.650388      -0.3060504567171400       0.3486491682667343        604
  106.285646      19.737349      -0.2538091383129789       0.3551780252218099      60405
  109.438300      19.819871      -0.1607111792286637       0.3671007937584742          0
  112.592678      19.897702      -0.0556429643160677       0.3852714082578911          0
  115.748693      19.970605       0.0412296275469492       0.3972019979171033        602
  118.906245      20.038355      -0.0000000000000000       0.0000000000000000          0
  122.065232      20.100744      -0.0000000000000000       0.0000000000000000          0
  125.225540      20.157580      -0.0000000000000000       0.0000000000000000          0
  128.387052      20.208688      -0.0000000000000000       0.0000000000000000          0
  131.549645      20.253910      -0.0000000000000000       0.0000000000000000          0
  134.713189      20.293107      -0.0000000000000000       0.0000000000000000          0
  137.877551      20.326157      -0.0000000000000000       0.0000000000000000          0
  141.042592      20.352959      -0.0000000000000000       0.0000000000000000          0
  40.650182      14.846399      -1.2093570239404026       0.3484940627021357        715
  43.762087      14.956033      -1.4048941893764668       1.1134940481979037        710
  46.875520      15.067729      -0.0000000000000000       0.0000000000000000          0
  49.990533      15.181159      -0.0000000000000000       0.0000000000000000          0
  53.107176      15.295990      -0.0000000000000000       0.0000000000000000          0
  56.225494      15.411881      -0.0000000000000000       0.0000000000000000          0
  59.345528      15.528490      -0.0000000000000000       0.0000000000000000          0
  62.467315      15.645472      -0.0000000000000000       0.0000000000000000          0
  65.590888      15.762480      -0.0000000000000000       0.0000000000000000          0
  68.716272      15.879166      -0.0000000000000000       0.0000000000000000          0
  71.843490      15.995182      -0.0000000000000000       0.0000000000000000          0
  74.972556      16.110182      -0.0000000000000000       0.0000000000000000          0
  78.103481      16.223824      -3.8034679584350006       2.1876281454807791        501
  81.236266      16.335766      -3.9188874193712446       2.2412666767405960        501
  84.370908      16.445673      -0.0000000000000000       0.0000000000000000          0
  87.507396      16.553215      -0.0000000000000000       0.0000000000000000          0
  90.645711      16.658068      -0.0000000000000000       0.0000000000000000          0
  93.785829      16.759916      -0.0000000000000000       0.0000000000000000          0
  96.927717      16.858451      -0.4070320977472232       0.1875752001910127      60302
  100.071334      16.953376      -0.3559572104494690       0.3018913292539706      60301
  103.216633      17.044402      -0.3047046913699721       0.3085965236963287        604
  106.363558      17.131253      -0.2525069694810507       0.3144555947145912        604
  109.512048      17.213666      -0.1995212247185800       0.3194338360208922      60405
  112.662032      17.291388      -0.0000000000000000       0.0000000000000000          0
  115.813433      17.364184      -0.0000000000000000       0.0000000000000000          0
  118.966169      17.431829      -0.0000000000000000       0.0000000000000000          0
  122.120148      17.494119      -0.0000000000000000       0.0000000000000000          0
  125.275276      17.550862      -0.0000000000000000       0.0000000000000000          0
  128.431450      17.601883      -0.0000000000000000       0.0000000000000000          0
  131.588563      17.647027      -6.4506386891187839       3.7570281380140829        678
  134.746503      17.686154      -0.0000000000000000       0.0000000000000000          0
  137.905154      17.719145      -0.0000000000000000       0.0000000000000000          0
  141.064397      17.745898      -0.0000000000000000       0.0000000000000000          0
  40.746331      12.240932      -0.0000000000000000       0.0000000000000000          0
  43.860250      12.350635      -1.4179739200355816       1.4856432638504775        710
  46.975410      12.462391      -0.0000000000000000       0.0000000000000000          0
  50.091858      12.575872      -1.1638359022360831       0.9812258664777780        709
  53.209640      12.690743      -0.0000000000000000       0.0000000000000000          0
  56.328795      12.806663      -0.0000000000000000       0.0000000000000000          0
  59.449362      12.923290      -0.0000000000000000       0.0000000000000000          0
  62.571375      13.040279      -0.0000000000000000       0.0000000000000000          0
  65.694865      13.157282      -0.0000000000000000       0.0000000000000000          0
  68.819858      13.273951      -0.0000000000000000       0.0000000000000000          0
  71.946375      13.389939      -0.0000000000000000       0.0000000000000000          0
  75.074433      13.504900      -0.0000000000000000       0.0000000000000000          0
  78.204043      13.618492      -3.8073514588739705       2.3207815139169963        501
  81.335211      13.730374      -3.9223436963202296       2.3653842694299279        501
  84.467936      13.840212      -4.0256730502294458       2.4123196214825611        502
  87.602212      13.947677      -0.0000000000000000       0.0000000000000000          0
  90.738028      14.052445      -0.0000000000000000       0.0000000000000000          0
  93.875365      14.154201      -0.0000000000000000       0.0000000000000000          0
  97.014197      14.252640      -0.4048888783112347       0.1226746607495964      60302
  100.154492      14.347463      -0.3264775167873683       0.1300158856372622        603
  103.296213      14.438384      -0.3033953701268132       0.2678637181159999        604
  106.439315      14.525129      -0.2512403859936028       0.2730495086720948        604
  109.583745      14.607435      -0.1983070110247841       0.2774811555308764        604
  112.729447      14.685051      -0.0436426332293726       0.2509658137665735        612
  115.876356      14.757742      -0.0000000000000000       0.0000000000000000          0
  119.024403      14.825287      -0.0000000000000000       0.0000000000000000          0
  122.173512      14.887480      -0.0000000000000000       0.0000000000000000          0
  125.323600      14.944131      -0.0000000000000000       0.0000000000000000          0
  128.474583      14.995069      -0.0000000000000000       0.0000000000000000          0
  131.626369      15.040136      -6.4511211338870762       3.8436043355983527        678
  134.778863      15.079196      -0.0000000000000000       0.0000000000000000          0
  137.931966      15.112129      -0.0000000000000000       0.0000000000000000          0
  141.085575      15.138834      -0.0000000000000000       0.0000000000000000          0
  40.840601       9.635433      -1.2062495754971563       0.9402509678710933        709
  43.956476       9.745203      -1.1954308208346500       0.9513230506117373        709
  47.073311       9.857018      -1.1810725679610166       0.9625292921206894        709
  50.191147       9.970548      -1.1632137890077705       0.9738381320260761        709
  53.310025      10.085458      -0.0000000000000000       0.0000000000000000          0
  56.429981      10.201406      -0.0000000000000000       0.0000000000000000          0
  59.551050      10.318051      -0.0000000000000000       0.0000000000000000          0
  62.673265      10.435045      -0.0000000000000000       0.0000000000000000          0
  65.796655      10.552042      -0.0000000000000000       0.0000000000000000          0
  68.921244      10.668694      -0.0000000000000000       0.0000000000000000          0
  72.047056      10.784655      -0.0000000000000000       0.0000000000000000          0
  75.174108      10.899578      -0.0000000000000000       0.0000000000000000          0
  78.302412      11.013121      -0.0000000000000000       0.0000000000000000          0
  81.431979      11.124944      -0.0000000000000000       0.0000000000000000          0
  84.562812      11.234715      -4.0286161985252109       2.5215108758222384        502
  87.694910      11.342103      -0.0000000000000000       0.0000000000000000          0
  90.828266      11.446788      -0.0000000000000000       0.0000000000000000          0
  93.962869      11.548454      -0.0000000000000000       0.0000000000000000          0
  97.098700      11.646797      -0.4027937557731466       0.0574621977840023      60302
  100.235737      11.741521      -0.3876833795449818       0.1592794945694808        647
  103.373950      11.832341      -0.3021158157061509       0.2265368901582896      60402
  106.513305      11.918981      -0.2500029034760181       0.2310469604905854        604
  109.653761      12.001182      -0.1971209685264815       0.2349306635559232        604
  112.795273      12.078694      -0.0000000000000000       0.0000000000000000          0
  115.937788      12.151283      -0.0000000000000000       0.0000000000000000          0
  119.081251      12.218730      -0.0000000000000000       0.0000000000000000          0
  122.225598      12.280829       0.8107405637907614       1.0077152302810952        563
  125.370764      12.337391      -0.0000000000000000       0.0000000000000000          0
  128.516677      12.388247      -0.0000000000000000       0.0000000000000000          0
  131.663262      12.433240      -0.0000000000000000       0.0000000000000000          0
  134.810439      12.472234      -0.0000000000000000       0.0000000000000000          0
  137.958126      12.505110      -0.0000000000000000       0.0000000000000000          0
  141.106238      12.531768      -0.0000000000000000       0.0000000000000000          0
  40.933426       7.029908      -1.2059786852297920       0.9391099132747216        709
  44.051209       7.139744      -1.1950463383922665       0.9473324725210010        709
  47.169676       7.251617      -1.1805727131708137       0.9557210306110784        709
  50.288860       7.365195      -1.1625981393210245       0.9642522873317910        709
  53.408798       7.480142      -0.0000000000000000       0.0000000000000000          0
  56.529523       7.596118      -0.0000000000000000       0.0000000000000000          0
  59.651068       7.712779      -0.0000000000000000       0.0000000000000000          0
  62.773462       7.829779      -0.0000000000000000       0.0000000000000000          0
  65.896733       7.946771      -0.0000000000000000       0.0000000000000000          0
  69.020907       8.063406      -0.0000000000000000       0.0000000000000000          0
  72.146006       8.179339      -0.0000000000000000       0.0000000000000000          0
  75.272050       8.294224      -0.0000000000000000       0.0000000000000000          0
  78.399055       8.407718      -0.0000000000000000       0.0000000000000000          0
  81.527032       8.519484      -0.0000000000000000       0.0000000000000000          0
  84.655989       8.629188      -0.0000000000000000       0.0000000000000000          0
  87.785931       8.736501      -0.0000000000000000       0.0000000000000000          0
  90.916856       8.841103      -0.0000000000000000       0.0000000000000000          0
  94.048760       8.942682      -0.0000000000000000       0.0000000000000000          0
  97.181632       9.040931      -0.4007367248472442      -0.0079249673981669      60302
  100.315458       9.135557      -0.3855182966380043       0.0884574218539294        647
  103.450218       9.226276      -0.3008598927392980       0.1847030733748274      60402
  106.585887       9.312815      -0.2487885684700757       0.1885361099326725      60402
  109.722435       9.394913      -0.0000000000000000       0.0000000000000000          0
  112.859829       9.472323      -0.0399783628923515       0.1046856107497313        613
  115.998028       9.544812       0.0482366414310829       0.1066913877372837        613
  119.136989       9.612161       0.3801013855766929       0.6423902211194029        677
  122.276663       9.674168      -0.0000000000000000       0.0000000000000000          0
  125.416998       9.730643      -0.0000000000000000       0.0000000000000000          0
  128.557938       9.781418      -0.0000000000000000       0.0000000000000000          0
  131.699421       9.826338      -0.0000000000000000       0.0000000000000000          0
  134.841385       9.865268      -6.5415165077707593       4.5227491831643833        680
  137.983763       9.898088      -0.0000000000000000       0.0000000000000000          0
  141.126486       9.924701      -0.0000000000000000       0.0000000000000000          0
  41.025214       4.424365      -1.2057077057205989       0.9358490702463421        709
  44.144869       4.534267      -1.1946630025866212       0.9412031198215929        709
  47.264931       4.646196      -1.1800753314813186       0.9467557803029495        709
  50.385430       4.759821      -0.0000000000000000       0.0000000000000000          0
  53.506398       4.874806      -0.0000000000000000       0.0000000000000000          0
  56.627865       4.990808      -0.0000000000000000       0.0000000000000000          0
  59.749860       5.107485      -0.0000000000000000       0.0000000000000000          0
  62.872412       5.224490      -0.0000000000000000       0.0000000000000000          0
  65.995548       5.341476      -0.0000000000000000       0.0000000000000000          0
  69.119293       5.458095      -0.0000000000000000       0.0000000000000000          0
  72.243671       5.574000      -0.0000000000000000       0.0000000000000000          0
  75.368702       5.688846      -0.0000000000000000       0.0000000000000000          0
  78.494406       5.802293      -0.0000000000000000       0.0000000000000000          0
  81.620797       5.914001      -0.0000000000000000       0.0000000000000000          0
  84.747888       6.023638      -0.0000000000000000       0.0000000000000000          0
  87.875687       6.130877      -0.0000000000000000       0.0000000000000000          0
  91.004201       6.235399      -0.0000000000000000       0.0000000000000000          0
  94.133430       6.336889      -0.5508715432887041       0.0064998139679386      67352
  97.263372       6.435047      -0.3987084513539670      -0.0733496896600854      60302
  100.394021       6.529576      -0.3833839464429970       0.0174024045811302        647
  103.525367       6.620196      -0.2977691953502930       0.0220240220297915      64701
  106.657393       6.706633      -0.2475918369575003       0.1456059320743176      60402
  109.790083       6.788630      -0.1261549979899734       0.0284225025835007      61404
  112.923411       6.865940      -0.0381913500303644       0.0311373434281691        613
  116.057352       6.938330      -0.0000000000000000       0.0000000000000000          0
  119.191874       7.005584      -0.0000000000000000       0.0000000000000000          0
  122.326941       7.067499      -0.0000000000000000       0.0000000000000000          0
  125.462516       7.123889      -0.0000000000000000       0.0000000000000000          0
  128.598555       7.174585      -0.0000000000000000       0.0000000000000000          0
  131.735015       7.219433      -0.0000000000000000       0.0000000000000000          0
  134.871845       7.258299      -6.9853178818050274       0.6254249692985430      61502
  138.008996       7.291065      -0.0000000000000000       0.0000000000000000          0
  141.146415       7.317633      -0.0000000000000000       0.0000000000000000          0
  41.116358       1.818811      -1.2054355658860600       0.9304776378520577        709
  44.237856       1.928777      -1.1942792655908854       0.9329502291440022        709
  47.359485       2.040762      -0.0000000000000000       0.0000000000000000          0
  50.481272       2.154434      -0.0000000000000000       0.0000000000000000          0
  53.603244       2.269455      -0.0000000000000000       0.0000000000000000          0
  56.725428       2.385484      -0.0000000000000000       0.0000000000000000          0
  59.847852       2.502176      -0.0000000000000000       0.0000000000000000          0
  62.970542       2.619186      -0.0000000000000000       0.0000000000000000          0
  66.093526       2.736165      -0.0000000000000000       0.0000000000000000          0
  69.216827       2.852767      -0.0000000000000000       0.0000000000000000          0
  72.340472       2.968644      -0.0000000000000000       0.0000000000000000          0
  75.464482       3.083453      -0.0000000000000000       0.0000000000000000          0
  78.588879       3.196851      -0.0000000000000000       0.0000000000000000          0
  81.713682       3.308502      -0.0000000000000000       0.0000000000000000          0
  84.838908       3.418074      -0.0000000000000000       0.0000000000000000          0
  87.964570       3.525239      -0.0000000000000000       0.0000000000000000          0
  91.090681       3.629680      -0.0000000000000000       0.0000000000000000          0
  94.217248       3.731084      -0.0000000000000000       0.0000000000000000          0
  97.344277       3.829149      -0.4656692649830437      -0.0578600227145800      67352
  100.471770       3.923583      -0.3812710091965881      -0.0537371323372306        647
  103.599726       4.014104      -0.2957243087228753      -0.0499710787752726      64701
  106.728139       4.100442      -0.2092837518110316      -0.0465992188673716      64701
  109.857001       4.182338      -0.0000000000000000       0.0000000000000000          0
  112.986301       4.259548      -0.0000000000000000       0.0000000000000000          0
  116.116022       4.331841      -0.0000000000000000       0.0000000000000000          0
  119.246148       4.399000      -0.0000000000000000       0.0000000000000000          0
  122.376655       4.460825      -0.0000000000000000       0.0000000000000000          0
  125.507518       4.517131      -0.0000000000000000       0.0000000000000000          0
  128.638710       4.567748      -0.0000000000000000       0.0000000000000000          0
  131.770200       4.612525      -5.9956589159852429       1.4425073275081499        681
  134.901954       4.651328      -6.9948291938626559       1.4586874847085831      61501
  138.033937       4.684040      -7.3580982629071841       1.6288181505416715        615
  141.166112       4.710563      -7.3126765977370738       1.6619882516698810        615
  41.207240      -0.786748      -1.2051611742210953       0.9230080801286215        709
  44.330557      -0.676718      -0.0000000000000000       0.0000000000000000          0
  47.453732      -0.564677      -0.0000000000000000       0.0000000000000000          0
  50.576785      -0.450960      -0.0000000000000000       0.0000000000000000          0
  53.699741      -0.335902      -0.0000000000000000       0.0000000000000000          0
  56.822622      -0.219848      -0.0000000000000000       0.0000000000000000          0
  59.945455      -0.103140      -0.0000000000000000       0.0000000000000000          0
  63.068265       0.013874      -0.0000000000000000       0.0000000000000000          0
  66.191078       0.130847      -0.0000000000000000       0.0000000000000000          0
  69.313920       0.247431      -0.0000000000000000       0.0000000000000000          0
  72.436817       0.363280      -0.0000000000000000       0.0000000000000000          0
  75.559793       0.478051      -0.0000000000000000       0.0000000000000000          0
  78.682874       0.591401      -0.0000000000000000       0.0000000000000000          0
  81.806080       0.702995      -0.0000000000000000       0.0000000000000000          0
  84.929435       0.812500      -0.0000000000000000       0.0000000000000000          0
  88.052957       0.919592      -0.0000000000000000       0.0000000000000000          0
  91.176663       1.023952      -0.0000000000000000       0.0000000000000000          0
  94.300570       1.125270      -0.0000000000000000       0.0000000000000000          0
  97.424691       1.223244      -0.0000000000000000       0.0000000000000000          0
  100.549035       1.317583      -0.3791705272613046      -0.1248129232587714      67301
  103.673611       1.408006      -0.2936919501786608      -0.1218980592929150      64701
  106.798424       1.494244      -0.2073335900339813      -0.1191639063022209      64701
  109.923475       1.576040      -0.1203520173021711      -0.1166429855846386        735
  113.048765       1.653151      -0.0000000000000000       0.0000000000000000          0
  116.174290       1.725347      -0.0000000000000000       0.0000000000000000          0
  119.300043       1.792413       0.1417404370796125      -0.1106448051174816      61405
  122.426016       1.854148      -1.5663801420330268      -0.4595390393323293        667
  125.552198       1.910370      -3.9617177001526822       2.3011327094620588        681
  128.678574       1.960909      -4.9917129140074037       2.2926614141059627        681
  131.805127       2.005615      -7.3830280369422159       1.5756602713981573        684
  134.931840       2.044356      -7.3814158027323948       1.5898810777449848        801
  138.058692       2.077014      -7.3578253227572299       1.6045602944856912        801
  141.185661       2.103494      -7.3123243113468464       1.6195232930201757        615
>