>anchorPlateId 301
>reconstructionTime 77
>DeformingMeshPoints.gpml lat_lon_velocity_domain_28_32.gpml
>MeshNode <identity>GPlates-b7a3af0e-8119-4abb-9ae6-39bb7e5702ce</identity> <revision>GPlates-7b04c5e6-7801-49f1-bcc4-23d6f4e5417f</revision>
> reconstructionPlateId 0
> validTime TimePeriod <begin> TimeInstant <timePosition>http://gplates.org/times/distantPast</timePosition></begin> <end> TimeInstant <timePosition>http://gplates.org/times/distantFuture</timePosition></end>
  29.705984      71.371045      -0.0000000000000000       0.0000000000000000        302
  32.531528      71.535381      -0.0000000000000000       0.0000000000000000        302
  35.379054      71.704390      -0.0000000000000000       0.0000000000000000        302
  38.249812      71.877690      -0.0000000000000000       0.0000000000000000        302
  41.145078      72.054879      -0.0000000000000000       0.0000000000000000        302
  44.066146      72.235538      -0.0000000000000000       0.0000000000000000        302
  47.014326      72.419226      -0.0000000000000000       0.0000000000000000        302
  49.990941      72.605484      -0.0000000000000000       0.0000000000000000        302
  52.997317      72.793830      -0.0000000000000000       0.0000000000000000        373
  56.034780      72.983767      -0.0000000000000000       0.0000000000000000        373
  59.104644      73.174772      -0.0000000000000000       0.0000000000000000        372
  62.208202      73.366307      -0.0000000000000000       0.0000000000000000        372
  65.346712      73.557813      -0.0000000000000000       0.0000000000000000        372
  68.521384      73.748712      -0.0000000000000000       0.0000000000000000        372
  71.733368      73.938406      -0.0000000000000000       0.0000000000000000        372
  74.983727      74.126283      -0.0000000000000000       0.0000000000000000        401
  78.273425      74.311711      -0.0000000000000000       0.0000000000000000        404
  81.603302      74.494048      -0.0000000000000000       0.0000000000000000        404
  84.974049      74.672635      -0.0000000000000000       0.0000000000000000        404
  88.386183      74.846804      -0.0000000000000000       0.0000000000000000        404
  91.840022      75.015880      -0.0000000000000000       0.0000000000000000        404
  95.335654      75.179185      -0.0000000000000000       0.0000000000000000        404
  98.872912      75.336036      -0.0000000000000000       0.0000000000000000        401
  102.451344      75.485757      -0.0000000000000000       0.0000000000000000        401
  106.070191      75.627679      -0.0000000000000000       0.0000000000000000        401
  109.728359      75.761148      -0.0000000000000000       0.0000000000000000        401
  113.424403      75.885526      -0.0000000000000000       0.0000000000000000        401
  117.156515      76.000203      -0.0000000000000000       0.0000000000000000        401
  120.922507      76.104599      -0.0000000000000000       0.0000000000000000          0
  124.719821      76.198172      -0.0000000000000000       0.0000000000000000          0
  128.545530      76.280423      -0.0000000000000000       0.0000000000000000          0
  132.396357      76.350907      -0.0000000000000000       0.0000000000000000          0
  136.268700      76.409233      -0.0000000000000000       0.0000000000000000          0
  30.983006      68.800295      -0.0000000000000000       0.0000000000000000        302
  33.856815      68.966825      -0.0000000000000000       0.0000000000000000        302
  36.750656      69.137910      -0.0000000000000000       0.0000000000000000        302
  39.665585      69.313146      -0.0000000000000000       0.0000000000000000        302
  42.602665      69.492107      -0.0000000000000000       0.0000000000000000        302
  45.562964      69.674350      -0.0000000000000000       0.0000000000000000        302
  48.547547      69.859414      -0.0000000000000000       0.0000000000000000        302
  51.557475      70.046818      -0.0000000000000000       0.0000000000000000        302
  54.593797      70.236062      -0.0000000000000000       0.0000000000000000        302
  57.657542      70.426629      -0.0000000000000000       0.0000000000000000        302
  60.749711      70.617984      -0.0000000000000000       0.0000000000000000        372
  63.871268      70.809575      -0.0000000000000000       0.0000000000000000        372
  67.023133      71.000832      -0.0000000000000000       0.0000000000000000        372
  70.206161      71.191170      -0.0000000000000000       0.0000000000000000        372
  73.421140      71.379991      -0.0000000000000000       0.0000000000000000        401
  76.668769      71.566681      -0.0000000000000000       0.0000000000000000        401
  79.949645      71.750616      -0.0000000000000000       0.0000000000000000        401
  83.264250      71.931162      -0.0000000000000000       0.0000000000000000        401
  86.612927      72.107677      -0.0000000000000000       0.0000000000000000        401
  89.995868      72.279513      -0.0000000000000000       0.0000000000000000        401
  93.413096      72.446022      -0.0000000000000000       0.0000000000000000        401
  96.864441      72.606554      -0.0000000000000000       0.0000000000000000        401
  100.349531      72.760465      -0.0000000000000000       0.0000000000000000        401
  103.867771      72.907121      -0.0000000000000000       0.0000000000000000        401
  107.418326      73.045897      -0.0000000000000000       0.0000000000000000        401
  111.000117      73.176188      -0.0000000000000000       0.0000000000000000        401
  114.611805      73.297410      -0.0000000000000000       0.0000000000000000        401
  118.251787      73.409006      -0.0000000000000000       0.0000000000000000          0
  121.918197      73.510453      -0.0000000000000000       0.0000000000000000          0
  125.608907      73.601262      -0.0000000000000000       0.0000000000000000          0
  129.321541      73.680991      -0.0000000000000000       0.0000000000000000          0
  133.053483      73.749241      -0.0000000000000000       0.0000000000000000          0
  136.801903      73.805667      -0.0000000000000000       0.0000000000000000          0
  31.994718      66.221941      -0.0000000000000000       0.0000000000000000        302
  34.904811      66.390147      -0.0000000000000000       0.0000000000000000        302
  37.833155      66.562806      -0.0000000000000000       0.0000000000000000        302
  40.780653      66.739495      -0.0000000000000000       0.0000000000000000        302
  43.748201      66.919770      -0.0000000000000000       0.0000000000000000        302
  46.736692      67.103173      -0.0000000000000000       0.0000000000000000        302
  49.747010      67.289224      -0.0000000000000000       0.0000000000000000        302
  52.780019      67.477428      -0.0000000000000000       0.0000000000000000        302
  55.836564      67.667271      -0.0000000000000000       0.0000000000000000        302
  58.917463      67.858225      -0.0000000000000000       0.0000000000000000        302
  62.023498      68.049744      -0.0000000000000000       0.0000000000000000        302
  65.155407      68.241268      -0.0000000000000000       0.0000000000000000        302
  68.313877      68.432222      -0.0000000000000000       0.0000000000000000        372
  71.499531      68.622019      -0.0000000000000000       0.0000000000000000        401
  74.712923      68.810059      -0.0000000000000000       0.0000000000000000        401
  77.954520      68.995733      -0.0000000000000000       0.0000000000000000        401
  81.224698      69.178424      -0.0000000000000000       0.0000000000000000        401
  84.523721      69.357508      -0.0000000000000000       0.0000000000000000        401
  87.851738      69.532357      -0.0000000000000000       0.0000000000000000        401
  91.208760      69.702341      -0.0000000000000000       0.0000000000000000        401
  94.594659      69.866833      -0.0000000000000000       0.0000000000000000        401
  98.009146      70.025209      -0.0000000000000000       0.0000000000000000        401
  101.451765      70.176853      -0.0000000000000000       0.0000000000000000        401
  104.921883      70.321162      -0.0000000000000000       0.0000000000000000        401
  108.418678      70.457548      -0.0000000000000000       0.0000000000000000        401
  111.941138      70.585440      -0.0000000000000000       0.0000000000000000        401
  115.488052      70.704294      -0.0000000000000000       0.0000000000000000        401
  119.058010      70.813591      -0.0000000000000000       0.0000000000000000        401
  122.649405      70.912848      -0.0000000000000000       0.0000000000000000        401
  126.260438      71.001615      -0.0000000000000000       0.0000000000000000        401
  129.889129      71.079485      -0.0000000000000000       0.0000000000000000      43101
  133.533325      71.146095      -0.0000000000000000       0.0000000000000000      43101
  137.190717      71.201132      -0.0000000000000000       0.0000000000000000          0
  32.818631      63.638219      -0.0000000000000000       0.0000000000000000        302
  35.756965      63.807748      -0.0000000000000000       0.0000000000000000        302
  38.711951      63.981642      -0.0000000000000000       0.0000000000000000        302
  41.684368      64.159462      -0.0000000000000000       0.0000000000000000        302
  44.674983      64.340751      -0.0000000000000000       0.0000000000000000        302
  47.684554      64.525035      -0.0000000000000000       0.0000000000000000        302
  50.713821      64.711824      -0.0000000000000000       0.0000000000000000        302
  53.763504      64.900612      -0.0000000000000000       0.0000000000000000        302
  56.834295      65.090873      -0.0000000000000000       0.0000000000000000        302
  59.926856      65.282072      -0.0000000000000000       0.0000000000000000        302
  63.041810      65.473655      -0.0000000000000000       0.0000000000000000        390
  66.179735      65.665057      -0.0000000000000000       0.0000000000000000        468
  69.341156      65.855700      -0.0000000000000000       0.0000000000000000        401
  72.526538      66.044997      -0.0000000000000000       0.0000000000000000        401
  75.736276      66.232350      -0.0000000000000000       0.0000000000000000        401
  78.970688      66.417154      -0.0000000000000000       0.0000000000000000        401
  82.230005      66.598798      -0.0000000000000000       0.0000000000000000        401
  85.514361      66.776669      -0.0000000000000000       0.0000000000000000        401
  88.823785      66.950150      -0.0000000000000000       0.0000000000000000        401
  92.158191      67.118628      -0.0000000000000000       0.0000000000000000        401
  95.517370      67.281493      -0.0000000000000000       0.0000000000000000        401
  98.900980      67.438142      -0.0000000000000000       0.0000000000000000        401
  102.308540      67.587982      -0.0000000000000000       0.0000000000000000        401
  105.739424      67.730435      -0.0000000000000000       0.0000000000000000        401
  109.192853      67.864937      -0.0000000000000000       0.0000000000000000        401
  112.667896      67.990950      -0.0000000000000000       0.0000000000000000        401
  116.163462      68.107956      -0.0000000000000000       0.0000000000000000        401
  119.678310      68.215467      -0.0000000000000000       0.0000000000000000        401
  123.211040      68.313028      -0.0000000000000000       0.0000000000000000        401
  126.760108      68.400218      -0.0000000000000000       0.0000000000000000      43102
  130.323829      68.476658      -0.0000000000000000       0.0000000000000000      43101
  133.900389      68.542010      -0.0000000000000000       0.0000000000000000      43101
  137.487855      68.595982       0.0824558520381254       0.0957196056160480      43202
  33.504930      61.050570      -0.0000000000000000       0.0000000000000000        302
  36.465873      61.221174      -0.0000000000000000       0.0000000000000000        302
  39.442039      61.396064      -0.0000000000000000       0.0000000000000000        302
  42.434106      61.574789      -0.0000000000000000       0.0000000000000000        302
  45.442738      61.756883      -0.0000000000000000       0.0000000000000000        302
  48.468584      61.941861      -0.0000000000000000       0.0000000000000000        302
  51.512276      62.129221      -0.0000000000000000       0.0000000000000000        302
  54.574417      62.318448      -0.0000000000000000       0.0000000000000000        302
  57.655587      62.509011      -0.0000000000000000       0.0000000000000000        302
  60.756330      62.700367      -0.0000000000000000       0.0000000000000000        390
  63.877151      62.891957      -0.0000000000000000       0.0000000000000000        390
  67.018511      63.083214      -0.0000000000000000       0.0000000000000000        468
  70.180819      63.273558      -0.0000000000000000       0.0000000000000000        468
  73.364428      63.462402      -0.0000000000000000       0.0000000000000000        401
  76.569624      63.649151      -0.0000000000000000       0.0000000000000000        401
  79.796624      63.833203      -0.0000000000000000       0.0000000000000000        401
  83.045564      64.013956      -0.0000000000000000       0.0000000000000000        401
  86.316495      64.190804      -0.0000000000000000       0.0000000000000000        401
  89.609375      64.363142      -0.0000000000000000       0.0000000000000000        401
  92.924062      64.530369      -0.0000000000000000       0.0000000000000000        401
  96.260307      64.691891      -0.0000000000000000       0.0000000000000000        401
  99.617750      64.847122      -0.0000000000000000       0.0000000000000000        401
  102.995910      64.995488      -0.0000000000000000       0.0000000000000000        401
  106.394189      65.136430      -0.0000000000000000       0.0000000000000000        401
  109.811860      65.269408      -0.0000000000000000       0.0000000000000000        401
  113.248072      65.393903      -0.0000000000000000       0.0000000000000000        401
  116.701845      65.509422      -0.0000000000000000       0.0000000000000000        401
  120.172076      65.615501      -0.0000000000000000       0.0000000000000000        401
  123.657537      65.711705      -0.0000000000000000       0.0000000000000000        401
  127.156884      65.797638      -0.0000000000000000       0.0000000000000000      43102
  130.668660      65.872939      -0.0000000000000000       0.0000000000000000      43101
  134.191309      65.937290      -0.0000000000000000       0.0000000000000000      43101
  137.723181      65.990417       0.0867507515026737      -0.0238769488857895      43202
  34.087502      58.459966      -0.0000000000000000       0.0000000000000000        302
  37.066976      58.631461      -0.0000000000000000       0.0000000000000000        302
  40.060392      58.807173      -0.0000000000000000       0.0000000000000000        302
  43.068345      58.986643      -0.0000000000000000       0.0000000000000000        302
  46.091416      59.169392      -0.0000000000000000       0.0000000000000000        302
  49.130168      59.354928      -0.0000000000000000       0.0000000000000000        302
  52.185143      59.542742      -0.0000000000000000       0.0000000000000000        302
  55.256858      59.732311      -0.0000000000000000       0.0000000000000000        302
  58.345801      59.923098      -0.0000000000000000       0.0000000000000000        302
  61.452427      60.114555      -0.0000000000000000       0.0000000000000000        390
  64.577151      60.306120      -0.0000000000000000       0.0000000000000000        390
  67.720349      60.497224      -0.0000000000000000       0.0000000000000000        468
  70.882343      60.687287      -0.0000000000000000       0.0000000000000000        401
  74.063404      60.875721      -0.0000000000000000       0.0000000000000000        401
  77.263744      61.061935      -0.0000000000000000       0.0000000000000000        401
  80.483508      61.245333      -0.0000000000000000       0.0000000000000000        401
  83.722769      61.425317      -0.0000000000000000       0.0000000000000000        401
  86.981525      61.601289      -0.0000000000000000       0.0000000000000000        401
  90.259691      61.772655      -0.0000000000000000       0.0000000000000000        401
  93.557093      61.938825      -0.0000000000000000       0.0000000000000000        401
  96.873467      62.099217      -0.0000000000000000       0.0000000000000000        401
  100.208449      62.253259      -0.0000000000000000       0.0000000000000000        401
  103.561577      62.400394      -0.0000000000000000       0.0000000000000000        401
  106.932284      62.540079      -0.0000000000000000       0.0000000000000000        401
  110.319900      62.671792      -0.0000000000000000       0.0000000000000000        401
  113.723648      62.795033      -0.0000000000000000       0.0000000000000000        401
  117.142644      62.909326      -0.0000000000000000       0.0000000000000000        401
  120.575904      63.014225      -0.0000000000000000       0.0000000000000000        401
  124.022339      63.109316      -0.0000000000000000       0.0000000000000000        401
  127.480767      63.194218      -0.0000000000000000       0.0000000000000000        401
  130.949916      63.268588      -0.0000000000000000       0.0000000000000000        401
  134.428430      63.332122      -0.0000000000000000       0.0000000000000000        401
  137.914879      63.384559      -0.0000000000000000       0.0000000000000000      43101
  34.590048      55.867083      -0.0000000000000000       0.0000000000000000        302
  37.585013      56.039332      -0.0000000000000000       0.0000000000000000        302
  40.592767      56.215737      -0.0000000000000000       0.0000000000000000        302
  43.613837      56.395830      -0.0000000000000000       0.0000000000000000        302
  46.648733      56.579124      -0.0000000000000000       0.0000000000000000        302
  49.697950      56.765120      -0.0000000000000000       0.0000000000000000        302
  52.761957      56.953303      -0.0000000000000000       0.0000000000000000        302
  55.841201      57.143144      -0.0000000000000000       0.0000000000000000        302
  58.936098      57.334101      -0.0000000000000000       0.0000000000000000        302
  62.047034      57.525622      -0.0000000000000000       0.0000000000000000        390
  65.174356      57.717144      -0.0000000000000000       0.0000000000000000        468
  68.318371      57.908094      -0.0000000000000000       0.0000000000000000        468
  71.479340      58.097895      -0.0000000000000000       0.0000000000000000        401
  74.657473      58.285959      -0.0000000000000000       0.0000000000000000        401
  77.852926      58.471698      -0.0000000000000000       0.0000000000000000        401
  81.065795      58.654519      -0.0000000000000000       0.0000000000000000        401
  84.296111      58.833831      -0.0000000000000000       0.0000000000000000        401
  87.543837      59.009044      -0.0000000000000000       0.0000000000000000        401
  90.808863      59.179571      -0.0000000000000000       0.0000000000000000        401
  94.090999      59.344832      -0.0000000000000000       0.0000000000000000        401
  97.389976      59.504256      -0.0000000000000000       0.0000000000000000        401
  100.705442      59.657285      -0.0000000000000000       0.0000000000000000        401
  104.036954      59.803373      -0.0000000000000000       0.0000000000000000        401
  107.383984      59.941993      -0.0000000000000000       0.0000000000000000        401
  110.745914      60.072636      -0.0000000000000000       0.0000000000000000        401
  114.122034      60.194818      -0.0000000000000000       0.0000000000000000        401
  117.511545      60.308079      -0.0000000000000000       0.0000000000000000        401
  120.913564      60.411988      -0.0000000000000000       0.0000000000000000        401
  124.327120      60.506145      -0.0000000000000000       0.0000000000000000        401
  127.751165      60.590183      -0.0000000000000000       0.0000000000000000        401
  131.184573      60.663774      -0.0000000000000000       0.0000000000000000        401
  134.626154      60.726626      -0.0000000000000000       0.0000000000000000        401
  138.074652      60.778488      -0.0000000000000000       0.0000000000000000      43101
  35.029635      53.272409      -0.0000000000000000       0.0000000000000000        302
  38.037771      53.445306      -0.0000000000000000       0.0000000000000000        302
  41.057653      53.622304      -0.0000000000000000       0.0000000000000000        302
  44.089749      53.802928      -0.0000000000000000       0.0000000000000000        302
  47.134512      53.986684      -0.0000000000000000       0.0000000000000000        302
  50.192377      54.173066      -0.0000000000000000       0.0000000000000000        302
  53.263757      54.361555      -0.0000000000000000       0.0000000000000000        302
  56.349040      54.551616      -0.0000000000000000       0.0000000000000000        302
  59.448586      54.742704      -0.0000000000000000       0.0000000000000000        302
  62.562725      54.934264      -0.0000000000000000       0.0000000000000000        390
  65.691749      55.125732      -0.0000000000000000       0.0000000000000000        468
  68.835915      55.316533      -0.0000000000000000       0.0000000000000000        468
  71.995435      55.506090      -0.0000000000000000       0.0000000000000000        468
  75.170474      55.693818      -0.0000000000000000       0.0000000000000000        401
  78.361148      55.879130      -0.0000000000000000       0.0000000000000000        401
  81.567518      56.061440      -0.0883162553546318       0.0450679539813417          0
  84.789586      56.240159      -0.1438870808930121       0.0813582006947880          0
  88.027293      56.414705      -0.1237270904274097       0.0771788993125911          0
  91.280514      56.584497      -0.0400531107927273       0.0274689423442611          0
  94.549054      56.748966      -0.0000000000000000       0.0000000000000000        401
  97.832649      56.907551      -0.0000000000000000       0.0000000000000000        401
  101.130959      57.059702      -0.0000000000000000       0.0000000000000000        401
  104.443568      57.204886      -0.0000000000000000       0.0000000000000000        401
  107.769984      57.342587      -0.0000000000000000       0.0000000000000000        401
  111.109638      57.472311      -0.0000000000000000       0.0000000000000000          0
  114.461881      57.593585      -0.0012363322877963       0.0004969453244453          0
  117.825991      57.705961      -0.0267109074337999       0.0120504525134717          0
  121.201169      57.809023      -0.0440761650664335       0.0221427524688441          0
  124.586545      57.902382      -0.0492319274174511       0.0271466340011235          0
  127.981184      57.985684      -0.0437203433823606       0.0215442057901464          0
  131.384083      58.058611      -0.0342647654774585       0.0113058169653335          0
  134.794185      58.120882      -0.0079750959971559       0.0020442518589021          0
  138.210381      58.172255      -0.0000000000000000       0.0000000000000000      43400
  35.418869      50.676304      -0.0000000000000000       0.0000000000000000        302
  38.438371      50.849766      -0.0000000000000000       0.0000000000000000        302
  41.468667      51.027279      -0.0000000000000000       0.0000000000000000        302
  44.510177      51.208361      -0.0000000000000000       0.0000000000000000        302
  47.563305      51.392515      -0.0000000000000000       0.0000000000000000        302
  50.628437      51.579227      -0.0000000000000000       0.0000000000000000        302
  53.705937      51.767973      -0.0000000000000000       0.0000000000000000        302
  56.796147      51.958216      -0.0000000000000000       0.0000000000000000        302
  59.899380      52.149407      -0.0000000000000000       0.0000000000000000        390
  63.015921      52.340989      -0.0000000000000000       0.0000000000000000        465
  66.146020      52.532395      -0.0000000000000000       0.0000000000000000        465
  69.289892      52.723053      -0.0000000000000000       0.0000000000000000        458
  72.447712      52.912383      -0.0000000000000000       0.0000000000000000        459
  75.619613      53.099804      -0.1530965960677370       0.0633483488443586          0
  78.805680      53.284732      -0.5306763015691549       0.2457745968976199          0
  82.005949      53.466582      -0.7404618604764606       0.3813134665923151          0
  85.220402      53.644772      -0.8086970912644783       0.4605950444168120          0
  88.448967      53.818725      -0.7618344850711127       0.4778293449082471          0
  91.691512      53.987869      -0.6132084433537179       0.4220886714281507          0
  94.947844      54.151639      -0.3888843075893922       0.2929717038975891          0
  98.217706      54.309484      -0.1011976790469853       0.0832710538933261          0
  101.500774      54.460865      -0.0000000000000000       0.0000000000000000        401
  104.796661      54.605257      -0.0000000000000000       0.0000000000000000        401
  108.104909      54.742157      -0.0000000000000000       0.0000000000000000        401
  111.424995      54.871078      -0.0842501892361645       0.0299278921714777          0
  114.756325      54.991560      -0.1640359628522390       0.0658894064100707          0
  118.098244      55.103168      -0.2111282150647992       0.0948695257192470          0
  121.450028      55.205494      -0.2404127525424794       0.1133237798436446          0
  124.810894      55.298162      -0.2619678578365579       0.1219257887482777          0
  128.180000      55.380826      -0.2793349782131716       0.1227761627988111          0
  131.556451      55.453179      -0.2926371709933690       0.1158204134875715          0
  134.939301      55.514948      -0.3104242884827533       0.1078075617701207          0
  138.327561      55.565898      -0.3293545016665869       0.1059271672100041          0
  35.767266      48.079039      -0.0000000000000000       0.0000000000000000        302
  38.796703      48.252999      -0.0000000000000000       0.0000000000000000        302
  41.836062      48.430966      -0.0000000000000000       0.0000000000000000        302
  44.885719      48.612450      -0.0000000000000000       0.0000000000000000        302
  47.946039      48.796949      -0.0000000000000000       0.0000000000000000        302
  51.017365      48.983946      -0.0000000000000000       0.0000000000000000        302
  54.100022      49.172912      -0.0000000000000000       0.0000000000000000        302
  57.194310      49.363308      -0.0000000000000000       0.0000000000000000        302
  60.300506      49.554581      -0.0000000000000000       0.0000000000000000        390
  63.418858      49.746172      -0.0000000000000000       0.0000000000000000        465
  66.549581      49.937514      -0.0000000000000000       0.0000000000000000        458
  69.692858      50.128034      -0.0000000000000000       0.0000000000000000        459
  72.848836      50.317154      -0.2961445179087503       0.1110350139166047          0
  76.017621      50.504293      -0.8728083757408022       0.3671328531176954          0
  79.199276      50.688870      -1.2742050084893366       0.5974603344035225          0
  82.393820      50.870305      -1.4918314685325171       0.7755999719713626          0
  85.601222      51.048019      -1.5357923512035758       0.8813321676616756          0
  88.821402      51.221440      -1.4407030047303948       0.9090131250199793          0
  92.054226      51.390003      -1.2294077975272351       0.8500210647726573          0
  95.299506      51.553150      -0.9360536258873698       0.7072169903161816          0
  98.556996      51.710337      -0.5930987753490772       0.4871739732228825          0
  101.826392      51.861034      -0.2786770808453757       0.2248113527786196          0
  105.107332      52.004725      -0.1496865851515275       0.0646758692118149          0
  108.399392      52.140915      -0.2166783436605986       0.0683264120064955          0
  111.702090      52.269127      -0.3168268986400012       0.1134366041890016          0
  115.014885      52.388912      -0.3871145778698744       0.1558858008111139          0
  118.337179      52.499843      -0.4301965497232677       0.1898364605660466          0
  121.668315      52.601521      -0.4613874053464434       0.2113791897994176          0
  125.007586      52.693581      -0.4869527352974205       0.2228066602153439          0
  128.354231      52.775686      -0.5120425453042746       0.2263799023303556          0
  131.707446      52.847535      -0.5394122058251976       0.2236110945054414          0
  135.066381      52.908863      -0.5786759276542228       0.2194725197425593          0
  138.430150      52.959443      -0.6349009151108347       0.2248757374624496          0
  36.082150      45.480822      -0.0000000000000000       0.0000000000000000        302
  39.120370      45.655227      -0.0000000000000000       0.0000000000000000        301
  42.167708      45.833596      -0.0000000000000000       0.0000000000000000        301
  45.224503      46.015436      -0.0000000000000000       0.0000000000000000        301
  48.291083      46.200240      -0.0000000000000000       0.0000000000000000        302
  51.367756      46.387487      -0.0000000000000000       0.0000000000000000        302
  54.454813      46.576645      -0.0000000000000000       0.0000000000000000        302
  57.552521      46.767169      -0.0000000000000000       0.0000000000000000        302
  60.661125      46.958508      -0.0000000000000000       0.0000000000000000        390
  63.780842      47.150100      -0.0000000000000000       0.0000000000000000        466
  66.911860      47.341376      -0.0000000000000000       0.0000000000000000        458
  70.054337      47.531764      -0.1176870574599899       0.0399111808335718          0
  73.208395      47.720687      -1.0337236241799506       0.3955545822420161          0
  76.374122      47.907566      -1.6920269401447063       0.7232411888266761          0
  79.551564      48.091822      -2.1128523641891319       1.0028178925031863          0
  82.740728      48.272877      -2.3220361088035495       1.2188943891184338          0
  85.941574      48.450159      -2.3176942219908483       1.3408120521419886          0
  89.154020      48.623099      -2.1520623422472580       1.3672900641700618          0
  92.377933      48.791137      -1.8665063013991301       1.2978945434394118          0
  95.613132      48.953723      -1.5153506267947559       1.1429149759155151          0
  98.859384      49.110320      -1.1635613934322837       0.8897008085417946          0
  102.116404      49.260403      -0.8487551858054933       0.5898499534573560          0
  105.383856      49.403465      -0.6339252639418351       0.3308718061705879          0
  108.661349      49.539020      -0.5531499673724472       0.2024505598808586          0
  111.948439      49.666600      -0.5902590943195840       0.2125872781396646          0
  115.244632      49.785762      -0.6372620159819338       0.2574049722586953          0
  118.549380      49.896090      -0.6668153604328986       0.2946108782692123          0
  121.862088      49.997193      -0.6902917501018924       0.3195032109761217          0
  125.182114      50.088711      -0.7114689750800307       0.3324479601946717          0
  128.508771      50.170319      -0.7358433249675633       0.3357493405987203          0
  131.841330      50.241720      -0.7676709131055917       0.3311530651704746          0
  135.179028      50.302658      -0.8174126790870543       0.3240601552830579          0
  138.521066      50.352910      -0.8972934622792659       0.3291527386639920          0
  36.369249      42.881816      -0.0000000000000000       0.0000000000000000        551
  39.415317      43.056622      -0.0000000000000000       0.0000000000000000        551
  42.469753      43.235353      -2.3712939869234879      -0.2114894644515771        503
  45.532869      43.417512      -0.0000000000000000       0.0000000000000000        301
  48.604959      43.602588      -0.0000000000000000       0.0000000000000000        301
  51.686301      43.790056      -0.0000000000000000       0.0000000000000000        301
  54.777156      43.979380      -0.0000000000000000       0.0000000000000000        301
  57.877764      44.170016      -0.0000000000000000       0.0000000000000000        301
  60.988342      44.361408      -0.0000000000000000       0.0000000000000000        390
  64.109082      44.552993      -0.0000000000000000       0.0000000000000000        466
  67.240151      44.744204      -0.0000000000000000       0.0000000000000000        466
  70.381684      44.934466      -0.9622690497692988       0.2011113661550026          0
  73.533787      45.123204      -1.9990217127881327       0.6626361588628744          0
  76.696531      45.309841      -2.7424145610014703       1.1903572783169805          0
  79.869951      45.493801      -2.8615615899954685       1.3750461395655587        580
  83.054045      45.674508      -2.8063660047247634       1.4874359602953555        580
  86.248770      45.851394      -2.7422780945453900       1.5984883616840349        580
  89.454041      46.023894      -2.6694130494516926       1.7077847414291403        580
  92.669732      46.191455      -2.5074480847943774       1.7565991537191352          0
  95.895668      46.353531      -2.1126784686176281       1.5494140569312744          0
  99.131632      46.509591      -1.7629080123615282       1.2338884481010819          0
  102.377359      46.659118      -1.4178229488069580       0.8964390391391384          0
  105.632535      46.801613      -1.1078986499350862       0.5739895460503863          0
  108.896801      46.936594      -0.9164753279734461       0.3593327036198627          0
  112.169750      47.063603      -0.8820392500008796       0.3196482232378195          0
  115.450929      47.182205      -0.9025095323300501       0.3659447414717938          0
  118.739838      47.291989      -0.9109609193544572       0.4075212060030188          0
  122.035935      47.392574      -0.9191541329801022       0.4372622751624971          0
  125.338637      47.483607      -0.9287190512092902       0.4520936993387585          0
  128.647320      47.564768      -0.9448327088469294       0.4530966885840522          0
  131.961326      47.635768      -0.9737894313362785       0.4410294827638723          0
  135.279964      47.696355      -1.0259881319865998       0.4211128224391589          0
  138.602512      47.746313      -1.1134580889995775       0.4088549319227369          0
  36.633120      40.282151      -0.0000000000000000       0.0000000000000000        525
  39.686262      40.457321      -0.0000000000000000       0.0000000000000000        526
  42.747076      40.636380      -0.0000000000000000       0.0000000000000000        526
  45.815843      40.818827      -0.0000000000000000       0.0000000000000000        526
  48.892831      41.004147      -0.0000000000000000       0.0000000000000000        301
  51.978291      41.191813      -0.0000000000000000       0.0000000000000000        301
  55.072458      41.381286      -0.0000000000000000       0.0000000000000000        301
  58.175549      41.572018      -0.0000000000000000       0.0000000000000000        301
  61.287757      41.763453      -0.0000000000000000       0.0000000000000000        390
  64.409255      41.955027      -0.0000000000000000       0.0000000000000000        467
  67.540190      42.146172      -0.4130862833034354       0.0522182706467607          0
  70.680680      42.336314      -2.1241094116303900       0.2997043500144568          0
  73.830817      42.524878      -3.4287561686485635       0.6100223883772986          0
  76.990660      42.711289      -2.9038705762985488       1.2797438541841921        580
  80.160236      42.894973      -2.8568932254700243       1.3877908058385260        580
  83.339537      43.075358      -2.8009910572591306       1.4949511996839826        580
  86.528518      43.251879      -2.7362572493524304       1.6008323740876140        580
  89.727097      43.423975      -2.6628162453060105       1.7050338702072443        580
  92.935152      43.591097      -2.6590088615857139       1.8039597012965027          0
  96.152521      43.752706      -2.6986961960788172       1.7635113128961186          0
  99.378998      43.908275      -2.4077856674422771       1.4971660587101123          0
  102.614339      44.057295      -2.0403623504418231       1.1739626007276525          0
  105.858254      44.199271      -1.6350680394237562       0.8138340778601938          0
  109.110413      44.333730      -1.2859017520810712       0.4947023999145310          0
  112.370441      44.460220      -1.1895784599890022       0.4342014468437488          0
  115.637924      44.578312      -1.1746167790932467       0.4786341234942205          0
  118.912406      44.687603      -1.1581166427603993       0.5232441142677045          0
  122.193395      44.787718      -1.1421094327306069       0.5618258570447987          0
  125.480358      44.878310      -1.1330452487010869       0.5839647101576438          0
  128.772730      44.959066      -1.1335620576631280       0.5845479794119101          0
  132.069914      45.029703      -1.1517216707884717       0.5585326396751758          0
  135.371283      45.089973      -1.1972750890550956       0.5080094481719101          0
  138.676185      45.139664      -1.2790536835876534       0.4353175559350892          0
  36.877433      37.681931      -0.0000000000000000       0.0000000000000000        522
  39.937008      37.857435      -2.2289260920978649       0.1161112664982726        503
  43.003600      38.036794      -2.4007200030753575       0.1792171178391796        503
  46.077465      38.219503      -0.0000000000000000       0.0000000000000000        505
  49.158846      38.405045      -2.7243148619466608       0.3238106134430682        503
  52.247971      38.592890      -0.0000000000000000       0.0000000000000000        301
  55.345054      38.782495      -0.0000000000000000       0.0000000000000000        301
  58.450289      38.973311      -0.0000000000000000       0.0000000000000000        301
  61.563852      39.164781      -0.0000000000000000       0.0000000000000000        301
  64.685897      39.356340      -0.0000000000000000       0.0000000000000000        301
  67.816554      39.547419      -1.2497461649871158       0.1967296910669826          0
  70.955931      39.737446      -3.3130002782033432       0.6058058412083485          0
  74.104106      39.925846      -3.5583823597886424       0.7365291812261267        501
  77.261130      40.112045      -3.6866624451998984       0.8528692140711718        501
  80.427025      40.295471      -3.3895537225773875       1.1792070044748324          0
  83.601778      40.475557      -2.9733722419724025       1.4601449996964611          0
  86.785345      40.651738      -3.0678143489209440       1.5621824761128631          0
  89.977647      40.823459      -3.0968399004556928       1.6792025986920813          0
  93.178570      40.990176      -3.1681503251966916       1.7857337426705722          0
  96.387962      41.151353      -3.2748391813087987       1.8397506499831806          0
  99.605633      41.306471      -3.1018489681468493       1.7079716566005565          0
  102.831355      41.455023      -2.7323315794341330       1.4305964427770819          0
  106.064864      41.596523      -2.1938082724944405       1.0310085717682764          0
  109.305855      41.730502      -1.6642065930858938       0.6141495054455773          0
  112.553985      41.856515      -1.4244118401232060       0.4900925079964716          0
  115.808877      41.974140      -1.4156895980540667       0.5592641788407402          0
  119.070114      42.082979      -1.4015219633431188       0.6327592234679111          0
  122.337247      42.182663      -1.3602040660435244       0.6798058084341557          0
  125.609793      42.272853      -1.3145837889850114       0.7189419343715343          0
  128.887237      42.353239      -1.2877076360948490       0.7478003996623966          0
  132.169038      42.423544      -1.2832491225538392       0.7280052409695407          0
  135.454626      42.483524      -1.2991073754058600       0.5098849950104946          0
  138.743413      42.532972      -0.0000000000000000       0.0000000000000000          0
  37.105187      35.081241      -2.0646036668549934       0.2600118370057846        503
  40.170656      35.257053      -2.2422462974782298       0.3133098327699014        503
  43.242525      35.436688      -2.4138223266737455       0.3724758758807891        503
  46.321025      35.619639      -0.0000000000000000       0.0000000000000000        505
  49.406378      35.805384      -0.0000000000000000       0.0000000000000000        505
  52.498793      35.993390      -0.0000000000000000       0.0000000000000000        505
  55.598463      36.183115      -0.0000000000000000       0.0000000000000000        505
  58.705565      36.374006      -0.0000000000000000       0.0000000000000000        505
  61.820258      36.565505      -0.0000000000000000       0.0000000000000000        301
  64.942680      36.757046      -0.0000000000000000       0.0000000000000000        301
  68.072950      36.948060      -2.1359968607080635       0.4966860321936718          0
  71.211163      37.137976      -3.4313393036664337       0.8130320796553506        501
  74.357389      37.326219      -3.5690779668382824       0.9168457121874083        501
  77.511674      37.512218      -3.6963684454807657       1.0265377391182193        501
  80.674032      37.695402      -3.8127413132328081       1.1418432231341435        501
  83.844453      37.875206      -3.7634755812653955       1.3198841443486748          0
  87.022892      38.051070      -3.6971195185476722       1.4947522774630309          0
  90.209277      38.222443      -3.6413075715456609       1.6530098788942713          0
  93.403499      38.388782      -3.6694466527213185       1.7802031572011305          0
  96.605419      38.549558      -3.8044285740576189       1.8841621845967649          0
  99.814862      38.704256      -3.8836056740607039       1.9130717611303991          0
  103.031618      38.852375      -3.3231730810480400       1.5802682156029637          0
  106.255444      38.993433      -2.4408363316900692       1.0209885742813301          0
  109.486062      39.126968      -1.7051338696946940       0.5295012562051916          0
  112.723160      39.252541      -1.4033850560918277       0.3485645872876019          0
  115.966390      39.369734      -1.3939352973735877       0.4171681573126487          0
  119.215376      39.478156      -1.3853838517991124       0.4939011401782074          0
  122.469707      39.577444      -1.3704377383362842       0.5638853294292072          0
  125.728944      39.667262      -1.3502545398089609       0.6141074275416686          0
  128.992621      39.747307      -1.3281699698811806       0.6335731670269170          0
  132.260244      39.817306      -1.3082629813155937       0.6053395744657004          0
  135.531298      39.877019      -0.0000000000000000       0.0000000000000000          0
  138.805249      39.926243      -0.0000000000000000       0.0000000000000000          0
  37.318857      32.480152      -2.0771833260552586       0.4594595953064954        503
  40.389767      32.656250      -2.2547038656897200       0.5089389806653524        503
  43.466489      32.836141      -2.4260661524339029       0.5639431347101791        503
  46.549236      33.019315      -2.5907490690175039       0.6244384699082786        503
  49.638209      33.205247      -0.0000000000000000       0.0000000000000000        505
  52.733600      33.393402      -0.0000000000000000       0.0000000000000000        505
  55.835583      33.583235      -0.0000000000000000       0.0000000000000000        505
  58.944320      33.774193      -0.0000000000000000       0.0000000000000000        505
  62.059957      33.965715      -0.0000000000000000       0.0000000000000000        506
  65.182618      34.157236      -0.0000000000000000       0.0000000000000000        506
  68.312413      34.348186      -0.0000000000000000       0.0000000000000000      50601
  71.449425      34.537994      -3.4421376067444687       0.9963977158763787        501
  74.593720      34.726089      -3.5789948126857234       1.0935945775792506        501
  77.745337      34.911897      -3.7053568380247772       1.1963610827780187        501
  80.904290      35.094853      -3.8207651977920225       1.3044489736273197        501
  84.070567      35.274392      -3.9247891504835244       1.4175780026345439        501
  87.244128      35.449958      -4.0170280042865443       1.5354359692448425        501
  90.424904      35.621003      -4.0971134297493705       1.6576790485533550        501
  93.612796      35.786988      -4.1428632067669175       1.7892383864622925          0
  96.807677      35.947389      -4.2195262524985804       1.9137912598490325        501
  100.009386      36.101694      -4.2612993002159882       2.0468219507282193        501
  103.217732      36.249409      -3.1715678992500393       1.3475640394784318          0
  106.432492      36.390055      -2.2214944161060952       0.7444489673502923          0
  109.653413      36.523177      -1.5750164386815435       0.3056464136020958          0
  112.880210      36.648340      -1.3726657740238102       0.1982150068248552          0
  116.112569      36.765131      -1.3763926139777913       0.2788513868511162          0
  119.350144      36.873166      -1.3733080236497346       0.3598390918456400          0
  122.592564      36.972085      -1.3632470120138096       0.4208907156055085          0
  125.839430      37.061558      -1.3490780346572930       0.4563809342343437          0
  129.090318      37.141287      -1.3346671921556361       0.4564648036045795          0
  132.344781      37.211002      -1.3265130927637272       0.3958160879987713          0
  135.602352      37.270468      -0.0000000000000000       0.0000000000000000          0
  138.862546      37.319485      -0.0000000000000000       0.0000000000000000          0
  37.520516      29.878722      -2.0890293092066736       0.6571997139258395        503
  40.596480      30.055087      -2.2664263381878675       0.7026668664662079        503
  43.677697      30.235218      -2.4375786460851279       0.7533049055546459        503
  46.764361      30.418600      -2.6019667351436366       0.8090896884411707        503
  49.856656      30.604706      -2.7590840802014260       0.8699783771530893        503
  52.954756      30.792998      -0.0000000000000000       0.0000000000000000        505
  56.058822      30.982930      -0.0000000000000000       0.0000000000000000        505
  59.169001      31.173947      -0.0000000000000000       0.0000000000000000        505
  62.285426      31.365488      -0.0000000000000000       0.0000000000000000      50601
  65.408213      31.556987      -0.0000000000000000       0.0000000000000000      50601
  68.537460      31.747874      -0.0000000000000000       0.0000000000000000          0
  71.673245      31.937579      -3.4522271294560949       1.1762357496331721        501
  74.815627      32.125529      -3.5882509614624301       1.2665605980260870        501
  77.964642      32.311157      -3.7137368388828316       1.3621449068076259        501
  81.120304      32.493895      -3.8282366224128079       1.4627583261120292        501
  84.282602      32.673183      -3.9313305090509552       1.5681398190688558        501
  87.451499      32.848467      -4.0226292143093501       1.6779977147109790        501
  90.626933      33.019203      -4.1017761490299431       1.7920100442776856        501
  93.808816      33.184855      -4.1684495726300055       1.9098251741944561        501
  96.997029      33.344902      -4.4455315573578540       2.2398057551219037        607
  100.191428      33.498839      -4.4123412624394014       2.3736734361808853       7250
  103.391838      33.646173      -2.3564855651098857       0.7294228843630692          0
  106.598059      33.786433      -1.6940927281048628       0.2494785184297844          0
  109.809859      33.919167      -1.3387287337173652      -0.0110013873283776          0
  113.026980      34.043946      -1.3528059845565565       0.0524406513837844          0
  116.249137      34.160361      -1.3634462329537740       0.1447181825139312          0
  119.476017      34.268033      -1.3656297635202876       0.2320287192502984          0
  122.707282      34.366607      -1.3602932670604870       0.2901091951604551          0
  125.942573      34.455759      -1.3508554606730070       0.3220026296827276          0
  129.181503      34.535192      -1.3412027715459374       0.3253370174021180          0
  132.423669      34.604642      -1.3365685808511958       0.2860822498197480          0
  135.668648      34.663877      -0.0000000000000000       0.0000000000000000          0
  138.916000      34.712700      -0.0000000000000000       0.0000000000000000          0
  37.711914      27.277001      -0.0000000000000000       0.0000000000000000          0
  40.792603      27.453619      -2.2775209884360050       0.8941534205726448        503
  43.878009      27.633974      -2.4484666201586469       0.9402378131708096        503
  46.968309      27.817551      -2.6125677135938115       0.9911157232325109        503
  50.063671      28.003818      -2.7693203790917980       1.0467556412939978        503
  53.164255      28.192238      -2.9182361280350140       1.1071069562935874        503
  56.270207      28.382261      -3.0588434008097178       1.1720987236104854        503
  59.381665      28.573332      -0.0000000000000000       0.0000000000000000        505
  62.498748      28.764888      -0.0000000000000000       0.0000000000000000      50601
  65.621564      28.956363      -0.0000000000000000       0.0000000000000000      50601
  68.750204      29.147188      -0.0000000000000000       0.0000000000000000          0
  71.884739      29.336792      -3.4617126491585877       1.3522926978677485        501
  75.025226      29.524605      -3.5969443221656716       1.4355105782703359        501
  78.171698      29.710059      -3.7215988508113100       1.5236761677677637        501
  81.324169      29.892589      -3.8352379271219355       1.6165781205281644        501
  84.482630      30.071638      -3.9374521055617322       1.7139756603346141        501
  87.647049      30.246654      -4.0278628668229750       1.8155986383103555        501
  90.817372      30.417095      -4.1061246660224349       1.9211478657908685        501
  93.993518      30.582432      -4.1719269484100225       2.0302957339252878        501
  97.175383      30.742145      -4.4440418009740155       2.2858546092611927        607
  100.362834      30.895732      -4.4101715945227511       2.4102115463726457       7250
  103.555716      31.042707      -1.5919653418411930       0.1381547638536000          0
  106.753847      31.182603      -1.3180183981644260      -0.0579471242397130          0
  109.957019      31.314972      -1.3338862542409067      -0.0192310723945277          0
  113.164997      31.439388      -1.3461082802732347       0.0224220086432357          0
  116.377525      31.555449      -1.3559385970990183       0.0646056404409782          0
  119.594320      31.662779      -1.3624117848714890       0.1151415265941333          0
  122.815076      31.761029      -1.3616978336956893       0.1754117813358815          0
  126.039469      31.849878      -1.3548064257434222       0.2148508964854016          0
  129.267149      31.929033      -1.3474340688461814       0.2362255515690327          0
  132.497753      31.998234      -0.0000000000000000       0.0000000000000000          0
  135.730897      32.057253      -0.0000000000000000       0.0000000000000000          0
  138.966184      32.105894      -0.0000000000000000       0.0000000000000000          0
  37.894548      24.675031      -1.2040278584488762       0.2565637337537816        715
  40.979680      24.851888      -0.0000000000000000       0.0000000000000000          0
  44.069013      25.032456      -2.4588207830720434       1.1244121732601418        503
  47.162708      25.216215      -2.6226415541379891       1.1702034434386597        503
  50.260920      25.402635      -2.7790401303930752       1.2204077068665298        503
  53.363794      25.591174      -2.9275315669649382       1.2749875395841912        503
  56.471466      25.781282      -3.0676487018035141       1.3338861217376494        503
  59.584061      25.972401      -0.0000000000000000       0.0000000000000000      50602
  62.701690      26.163969      -0.0000000000000000       0.0000000000000000      50602
  65.824454      26.355419      -0.0000000000000000       0.0000000000000000      50602
  68.952435      26.546182      -0.0000000000000000       0.0000000000000000          0
  72.085704      26.735688      -0.0000000000000000       0.0000000000000000          0
  75.224311      26.923368      -3.6051570052086093       1.6001986539088222        501
  78.368290      27.108655      -3.7290185510907046       1.6807286928642504        501
  81.517655      27.290986      -3.8418379050825426       1.7657017504318415        501
  84.672402      27.469806      -3.9432154785817444       1.8548982479793070        501
  87.832504      27.644566      -4.0327829650540972       1.9480704441590821        501
  90.997912      27.814726      -0.0000000000000000       0.0000000000000000          0
  94.168557      27.979761      -0.0000000000000000       0.0000000000000000          0
  97.344346      28.139156      -0.0000000000000000       0.0000000000000000          0
  100.525161      28.292412      -4.4080804671635025       2.4404144370716923       7250
  103.710863      28.439046      -1.2935096328557854      -0.1055633149695786          0
  106.901290      28.578596      -1.3193721356488051      -0.0555647573496245          0
  110.096254      28.710617      -1.3346121096600887      -0.0111191800993093          0
  113.295546      28.834690      -1.3449512450129459       0.0311539167067836          0
  116.498934      28.950416      -1.3529567549951553       0.0721697598359638          0
  119.706164      29.057423      -1.3588860396506890       0.1111389717723560          0
  122.916963      29.155366      -1.3607522866819262       0.1482279756888533          0
  126.131036      29.243927      -1.3566561944101356       0.1853911101286011          0
  129.348071      29.322820      -1.3499429676535428       0.2228873276004567          0
  132.567738      29.391785      -0.0000000000000000       0.0000000000000000          0
  135.789694      29.450599      -0.0000000000000000       0.0000000000000000          0
  139.013581      29.499069      -0.0000000000000000       0.0000000000000000          0
  38.069712      22.072850      -1.2052866917964640       0.2836995367749887        715
  41.159045      22.249933      -0.0000000000000000       0.0000000000000000          0
  44.252079      22.430703      -0.0000000000000000       0.0000000000000000          0
  47.348963      22.614637      -2.6322650287500542       1.3460352768290558        503
  50.449837      22.801200      -2.7883184447951157       1.3906335519320761        503
  53.554835      22.989851      -2.9363978490396638       1.4392659906012073        503
  56.664082      23.180037      -3.0760404256208274       1.4918907705854241        503
  59.777692      23.371201      -0.0000000000000000       0.0000000000000000      50602
  62.895772      23.562778      -0.0000000000000000       0.0000000000000000      50602
  66.018411      23.754202      -0.0000000000000000       0.0000000000000000          0
  69.145691      23.944904      -0.0000000000000000       0.0000000000000000          0
  72.277676      24.134314      -0.0000000000000000       0.0000000000000000          0
  75.414416      24.321864      -0.0000000000000000       0.0000000000000000          0
  78.555944      24.506989      -3.7360599855188035       1.8330675831947898        501
  81.702277      24.689129      -3.8480946628087906       1.9099137031980622        501
  84.853414      24.867728      -3.9486724964134323       1.9907113470908826        501
  88.009334      25.042242      -0.0000000000000000       0.0000000000000000          0
  91.169997      25.212134      -0.0000000000000000       0.0000000000000000          0
  94.335341      25.376880      -0.0000000000000000       0.0000000000000000          0
  97.505287      25.535970      -1.1736928674649196      -0.2179835500027098        603
  100.679732      25.688909      -4.4060563678936582       2.4643207763191102       7250
  103.858552      25.835217      -1.2953803463511981      -0.1067647942559992          0
  107.041603      25.974436      -1.3258246767968258      -0.0491816344153242          0
  110.228720      26.106127      -1.3386499029379844      -0.0019301375571501          0
  113.419715      26.229872      -1.3466267064678876       0.0405269448565939          0
  116.614381      26.345278      -1.3528733670746178       0.0802233961060008          0
  119.812493      26.451978      -1.3577576782480134       0.1170545233346445          0
  123.013804      26.549629      -1.3602746323039467       0.1510395634110904          0
  126.218052      26.637918      -1.3576467618363814       0.1852499654214087          0
  129.424957      26.716560      -0.0000000000000000       0.0000000000000000          0
  132.634224      26.785302      -6.4310248755259094       3.5220715838343972        678
  135.845545      26.843921      -0.0000000000000000       0.0000000000000000          0
  139.058598      26.892228      -0.0000000000000000       0.0000000000000000          0
  38.238536      19.470489      -1.2064893035275259       0.3098988351564800        715
  41.331862      19.647790      -0.0000000000000000       0.0000000000000000          0
  44.428404      19.828752      -0.0000000000000000       0.0000000000000000          0
  47.528298      20.012851      -2.6415046789082863       1.5182915101981587        503
  50.631673      20.199551      -2.7972203245801075       1.5571294991758218        503
  53.738650      20.388308      -0.0000000000000000       0.0000000000000000          0
  56.849346      20.578567      -0.0000000000000000       0.0000000000000000          0
  59.963867      20.769771      -0.0000000000000000       0.0000000000000000          0
  63.082311      20.961356      -0.0000000000000000       0.0000000000000000          0
  66.204765      21.152753      -0.0000000000000000       0.0000000000000000          0
  69.331303      21.343394      -0.0000000000000000       0.0000000000000000          0
  72.461988      21.532710      -0.0000000000000000       0.0000000000000000          0
  75.596869      21.720134      -0.0000000000000000       0.0000000000000000          0
  78.735981      21.905101      -3.7427779426187140       1.9804527419881426        501
  81.879343      22.087055      -3.8540578101211258       2.0489931813655717        501
  85.026958      22.265441      -3.9538673473561463       2.1212134591715071        501
  88.178811      22.439717      -0.0000000000000000       0.0000000000000000          0
  91.334869      22.609350      -0.0000000000000000       0.0000000000000000          0
  94.495084      22.773819      -0.0000000000000000       0.0000000000000000          0
  97.659385      22.932616      -1.1754987772499010      -0.1873777944070037        603
  100.827685      23.085249      -1.2426687901749047      -0.1136507542565551      60301
  103.999877      23.231245      -1.3025638557227586      -0.0888213100828003      60406
  107.175833      23.370147      -1.3393220833607031      -0.0389712024232428          0
  110.355409      23.501521      -1.3462428451262018       0.0098311975510377          0
  113.538439      23.624953      -1.3504855588482334       0.0517965035661000          0
  116.724740      23.740053      -1.3548613067208084       0.0895857391292303          0
  119.914113      23.846458      -1.3598628650304627       0.1227377921735436          0
  123.106339      23.943829      -0.0000000000000000       0.0000000000000000          0
  126.301184      24.031857      -0.0000000000000000       0.0000000000000000          0
  129.498400      24.110261      -0.0000000000000000       0.0000000000000000          0
  132.697724      24.178789      -6.4316492390905324       3.6310850187274415        678
  135.898880      24.237223      -0.0000000000000000       0.0000000000000000          0
  139.101583      24.285373      -0.0000000000000000       0.0000000000000000          0
  38.402020      16.867976      -1.2076438936326381       0.3351244736377840        715
  41.499159      17.045486      -0.0000000000000000       0.0000000000000000          0
  44.599043      17.226633      -0.0000000000000000       0.0000000000000000          0
  47.701793      17.410891      -0.0000000000000000       0.0000000000000000          0
  50.807528      17.597721      -0.0000000000000000       0.0000000000000000          0
  53.916360      17.786578      -0.0000000000000000       0.0000000000000000          0
  57.028396      17.976907      -0.0000000000000000       0.0000000000000000          0
  60.143735      18.168148      -0.0000000000000000       0.0000000000000000          0
  63.262468      18.359737      -0.0000000000000000       0.0000000000000000          0
  66.384679      18.551106      -0.0000000000000000       0.0000000000000000          0
  69.510438      18.741686      -0.0000000000000000       0.0000000000000000          0
  72.639807      18.930910      -0.0000000000000000       0.0000000000000000          0
  75.772835      19.118210      -0.0000000000000000       0.0000000000000000          0
  78.909557      19.303025      -0.0000000000000000       0.0000000000000000          0
  82.049997      19.484797      -3.8597701592711249       2.1827170286010613        501
  85.194160      19.662976      -0.0000000000000000       0.0000000000000000          0
  88.342041      19.837022      -0.0000000000000000       0.0000000000000000          0
  91.493615      20.006404      -0.0000000000000000       0.0000000000000000          0
  94.648843      20.170604      -0.0000000000000000       0.0000000000000000          0
  97.807667      20.329118      -1.1772284882465058      -0.1566877680013810        603
  100.970013      20.481458      -1.2454391209794300      -0.0595021141836710      60301
  104.135789      20.627152      -1.3050421461017401      -0.0376396997002196      60404
  107.304888      20.765749      -1.3607182074329116      -0.0141565770339898      60406
  110.477183      20.896816      -1.3551775593107767       0.0268932136167883          0
  113.652530      21.019946      -1.3541820080937728       0.0667589823600448          0
  116.830769      21.134752      -1.3579049872819393       0.1007553439866489          0
  120.011726      21.240874      -1.3629854228975216       0.1280213551231388        612
  123.195208      21.337977      -0.0000000000000000       0.0000000000000000          0
  126.381009      21.425754      -0.0000000000000000       0.0000000000000000          0
  129.568910      21.503928      -0.0000000000000000       0.0000000000000000          0
  132.758679      21.572251      -0.0000000000000000       0.0000000000000000          0
  135.950072      21.630506      -0.0000000000000000       0.0000000000000000          0
  139.142837      21.678507      -0.0000000000000000       0.0000000000000000          0
  38.561059      14.265338      -1.2087576556519823       0.3593382907797498        715
  41.661859      14.443049      -0.0000000000000000       0.0000000000000000          0
  44.764940      14.624375      -1.5112135473197956       1.3183780758081183        710
  47.870413      14.808785      -0.0000000000000000       0.0000000000000000          0
  50.978386      14.995740      -0.0000000000000000       0.0000000000000000          0
  54.088963      15.184693      -0.0000000000000000       0.0000000000000000          0
  57.202242      15.375087      -0.0000000000000000       0.0000000000000000          0
  60.318317      15.566363      -0.0000000000000000       0.0000000000000000          0
  63.437272      15.757954      -0.0000000000000000       0.0000000000000000          0
  66.559188      15.949294      -0.0000000000000000       0.0000000000000000          0
  69.684134      16.139814      -0.0000000000000000       0.0000000000000000          0
  72.812168      16.328946      -0.0000000000000000       0.0000000000000000          0
  75.943342      16.516125      -0.0000000000000000       0.0000000000000000          0
  79.077693      16.700789      -0.0000000000000000       0.0000000000000000          0
  82.215248      16.882384      -3.8652690604783775       2.3108621205372515        501
  85.356018      17.060362      -3.9636178123783488       2.3654696769421810        502
  88.500005      17.234184      -0.0000000000000000       0.0000000000000000          0
  91.647192      17.403322      -0.0000000000000000       0.0000000000000000          0
  94.797550      17.567261      -0.0000000000000000       0.0000000000000000          0
  97.951034      17.725500      -1.1788933874141796      -0.1259616621417352        603
  101.107585      17.877554      -1.2481096038461994      -0.0055210499071839      60401
  104.267126      18.022956      -1.3074300303992075       0.0133281105132371        604
  107.429567      18.161257      -1.3628245973390640       0.0336523501717510      60404
  110.594799      18.292029      -1.3389047868505792       0.0624931794359444      60201
  113.762700      18.414867      -0.0000000000000000       0.0000000000000000          0
  116.933133      18.529388      -0.0000000000000000       0.0000000000000000          0
  120.105946      18.635236      -0.0000000000000000       0.0000000000000000          0
  123.280972      18.732079      -0.0000000000000000       0.0000000000000000          0
  126.458032      18.819614      -0.0000000000000000       0.0000000000000000          0
  129.636936      18.897567      -0.0000000000000000       0.0000000000000000          0
  132.817479      18.965692      -0.0000000000000000       0.0000000000000000          0
  135.999449      19.023774      -0.0000000000000000       0.0000000000000000          0
  139.182624      19.071631      -0.0000000000000000       0.0000000000000000          0
  38.716463      11.662597      -1.2098369708524674       0.3825015758024079        715
  41.820793      11.840503      -0.0000000000000000       0.0000000000000000          0
  44.926948      12.022001      -1.2064739158514037       0.9647698121347272        709
  48.035029      12.206559      -1.1879420825498219       0.9788557776456488        709
  51.145135      12.393635      -1.1658999298030419       0.9931234543784624        709
  54.257360      12.582679      -0.0000000000000000       0.0000000000000000          0
  57.371797      12.773136      -0.0000000000000000       0.0000000000000000          0
  60.488534      12.964444      -0.0000000000000000       0.0000000000000000          0
  63.607650      13.156036      -0.0000000000000000       0.0000000000000000          0
  66.729223      13.347346      -0.0000000000000000       0.0000000000000000          0
  69.853320      13.537805      -0.0000000000000000       0.0000000000000000          0
  72.980000      13.726846      -0.0000000000000000       0.0000000000000000          0
  76.109316      13.913905      -0.0000000000000000       0.0000000000000000          0
  79.241306      14.098422      -0.0000000000000000       0.0000000000000000          0
  82.376002      14.279843      -0.0000000000000000       0.0000000000000000          0
  85.513423      14.457623      -3.9682356890764621       2.4788185466974921        502
  88.653575      14.631225      -0.0000000000000000       0.0000000000000000          0
  91.796452      14.800125      -0.0000000000000000       0.0000000000000000          0
  94.942036      14.963809      -0.0000000000000000       0.0000000000000000          0
  98.090294      15.121780      -1.1805035148280303      -0.0952504295990041      60302
  101.241180      15.273557      -1.2506959833151705       0.0481932540913272      60402
  104.394633      15.418674      -1.3097416978622645       0.0639894620975136        604
  107.550579      15.556687      -1.3648628773979159       0.0811150544500130        604
  110.708929      15.687171      -0.0000000000000000       0.0000000000000000          0
  113.869582      15.809725      -1.3514253728278693       0.0960254468311420        612
  117.032421      15.923970      -0.0000000000000000       0.0000000000000000          0
  120.197317      16.029552      -0.0000000000000000       0.0000000000000000          0
  123.364129      16.126143      -0.0000000000000000       0.0000000000000000          0
  126.532702      16.213444      -0.0000000000000000       0.0000000000000000          0
  129.702874      16.291182      -0.0000000000000000       0.0000000000000000          0
  132.874467      16.359114      -0.0000000000000000       0.0000000000000000          0
  136.047299      16.417030      -0.0000000000000000       0.0000000000000000          0
  139.221178      16.464746      -0.0000000000000000       0.0000000000000000          0
  38.868979       9.059773      -1.2108875661692000       0.4045754419048371        715
  41.976726       9.237871      -1.2207817146206024       0.9482278472624540        709
  45.085850       9.419537      -1.2056121417412839       0.9593032121487585        709
  48.196439       9.604237      -1.1868837010771645       0.9706441213255739        709
  51.308585       9.791429      -1.1646459063374113       0.9822163116513565        709
  54.422375       9.980563      -0.0000000000000000       0.0000000000000000          0
  57.537895      10.171079      -0.0000000000000000       0.0000000000000000          0
  60.655226      10.362416      -0.0000000000000000       0.0000000000000000          0
  63.774447      10.554007      -0.0000000000000000       0.0000000000000000          0
  66.895630      10.745286      -0.0000000000000000       0.0000000000000000          0
  70.018844      10.935684      -0.0000000000000000       0.0000000000000000          0
  73.144147      11.124635      -0.0000000000000000       0.0000000000000000          0
  76.271593      11.311575      -0.0000000000000000       0.0000000000000000          0
  79.401225      11.495946      -0.0000000000000000       0.0000000000000000          0
  82.533079      11.677196      -0.0000000000000000       0.0000000000000000          0
  85.667180      11.854782      -0.0000000000000000       0.0000000000000000          0
  88.803542      12.028169      -0.0000000000000000       0.0000000000000000          0
  91.942169      12.196835      -0.0000000000000000       0.0000000000000000          0
  95.083053      12.360269      -0.0000000000000000       0.0000000000000000          0
  98.226173      12.517978      -1.1820678277992862      -0.0646073343478644      60302
  101.371497      12.669482      -1.2532123567679463       0.1015398247614888      60402
  104.518980      12.814321      -1.3119898384600424       0.1142499558583738      60402
  107.668565      12.952052      -1.3668443155905077       0.1281438804052013        604
  110.820180      13.082256      -1.3399071594570995       0.0899249617120601        612
  113.973745      13.204533      -0.0000000000000000       0.0000000000000000          0
  117.129164      13.318508      -0.0000000000000000       0.0000000000000000          0
  120.286330      13.423830      -0.0000000000000000       0.0000000000000000          0
  123.445125      13.520176      -0.0000000000000000       0.0000000000000000          0
  126.605422      13.607248      -0.0000000000000000       0.0000000000000000          0
  129.767080      13.684777      -0.0000000000000000       0.0000000000000000          0
  132.929953      13.752522      -0.0000000000000000       0.0000000000000000          0
  136.093883      13.810275      -0.0000000000000000       0.0000000000000000          0
  139.258708      13.857855      -6.5495436907239730       4.6689780574623061        680
  39.019299       6.456888      -1.2318765857119198       0.9353541599384891        709
  42.130371       6.635172      -1.2201161610924744       0.9432878815016392        709
  45.242373       6.817002      -1.2047542012477246       0.9515516721819464        709
  48.355386       7.001842      -1.1858322702611255       0.9601240497133073        709
  51.469492       7.189147      -0.0000000000000000       0.0000000000000000          0
  54.584772       7.378366      -0.0000000000000000       0.0000000000000000          0
  57.701305       7.568939      -0.0000000000000000       0.0000000000000000          0
  60.819171       7.760304      -0.0000000000000000       0.0000000000000000          0
  63.938442       7.951893      -0.0000000000000000       0.0000000000000000          0
  67.059192       8.143140      -0.0000000000000000       0.0000000000000000          0
  70.181486       8.333476      -0.0000000000000000       0.0000000000000000          0
  73.305386       8.522336      -0.0000000000000000       0.0000000000000000          0
  76.430946       8.709158      -0.0000000000000000       0.0000000000000000          0
  79.558215       8.893385      -0.0000000000000000       0.0000000000000000          0
  82.687233       9.074466      -0.0000000000000000       0.0000000000000000          0
  85.818031       9.251860      -0.0000000000000000       0.0000000000000000          0
  88.950632       9.425034      -0.0000000000000000       0.0000000000000000          0
  92.085050       9.593469      -0.0000000000000000       0.0000000000000000          0
  95.221287       9.756658      -0.0000000000000000       0.0000000000000000          0
  98.359335       9.914109      -1.1835944169727972      -0.0340875732732937      60302
  101.499176      10.065345      -1.2772572289843644       0.0683687346197784        647
  104.640780      10.209911      -1.3141859450868312       0.1640139199852488      60402
  107.784107      10.347366      -1.3687791047458628       0.1746499664507505        604
  110.929104      10.477294      -1.3403841590746965       0.1030121544173622        613
  114.075708      10.599299      -1.3520661631000641       0.1160333363291081        613
  117.223845      10.713010      -1.3596739967997185       0.1294873321223536        613
  120.373430      10.818078      -0.9597457218901188       0.7706699351371381        677
  123.524368      10.914184      -0.0000000000000000       0.0000000000000000          0
  126.676556      11.001031      -0.0000000000000000       0.0000000000000000          0
  129.829879      11.078355      -0.0000000000000000       0.0000000000000000          0
  132.984215      11.145918      -5.9339991044049185       1.2225510540882283      61502
  136.139436      11.203511      -6.9193444588884345       1.2725801752079027      61501
  139.295405      11.250958      -7.2952617012915013       1.6843979876623685        615
  39.168080       3.853958      -1.2313966028732548       0.9310365766268072        709
  42.282399       4.032426      -1.2194489733491858       0.9361038436254072        709
  45.397204       4.214417      -1.2038966882868529       0.9415373142259871        709
  48.512568       4.399394      -0.0000000000000000       0.0000000000000000          0
  51.628564       4.586810      -0.0000000000000000       0.0000000000000000          0
  54.745268       4.776112      -0.0000000000000000       0.0000000000000000          0
  57.862754       4.966739      -0.0000000000000000       0.0000000000000000          0
  60.981097       5.158130      -0.0000000000000000       0.0000000000000000          0
  64.100369       5.349715      -0.0000000000000000       0.0000000000000000          0
  67.220640       5.540928      -0.0000000000000000       0.0000000000000000          0
  70.341977       5.731202      -0.0000000000000000       0.0000000000000000          0
  73.464443       5.919972      -0.0000000000000000       0.0000000000000000          0
  76.588096       6.106676      -0.0000000000000000       0.0000000000000000          0
  79.712987       6.290759      -0.0000000000000000       0.0000000000000000          0
  82.839164       6.471672      -0.0000000000000000       0.0000000000000000          0
  85.966664       6.648875      -0.0000000000000000       0.0000000000000000          0
  89.095519       6.821839      -0.0000000000000000       0.0000000000000000          0
  92.225752       6.990046      -0.0000000000000000       0.0000000000000000          0
  95.357376       7.152992      -1.2193635489620871       0.0766058124181469      67352
  98.490397       7.310187      -1.2506906405609697       0.0834971525365605        647
  101.624810       7.461160      -1.2782904255973093       0.0910216928341783        647
  104.760601       7.605456      -1.3163405657272285       0.2131848174613246      60402
  107.897746       7.742639      -1.3706765878444538       0.2205436423148354      60402
  111.036210       7.872296      -1.3408484753608367       0.1156531923243550        613
  114.175949       7.994034      -1.3523714616081002       0.1253537764955094        613
  117.316909       8.107484      -0.0000000000000000       0.0000000000000000          0
  120.459028       8.212302      -0.0000000000000000       0.0000000000000000          0
  123.602233       8.308171      -0.0000000000000000       0.0000000000000000          0
  126.746442       8.394799      -0.0000000000000000       0.0000000000000000          0
  129.891568       8.471921      -0.0000000000000000       0.0000000000000000          0
  133.037513       8.539304      -5.9508013689269275       2.0704399411997647        681
  136.184174       8.596741      -7.3267048989732304       1.6020426289617209        684
  139.331443       8.644057      -7.2947712554527753       1.6625306826696993        801
  39.315953       1.251003      -1.2309113235914553       0.9245074365306456        709
  42.433456       1.429653      -1.2187775446229869       0.9266945293398875        709
  45.551002       1.611802      -0.0000000000000000       0.0000000000000000          0
  48.668654       1.796913      -0.0000000000000000       0.0000000000000000          0
  51.786481       1.984437      -0.0000000000000000       0.0000000000000000          0
  54.904550       2.173820      -0.0000000000000000       0.0000000000000000          0
  58.022933       2.364501      -0.0000000000000000       0.0000000000000000          0
  61.141700       2.555915      -0.0000000000000000       0.0000000000000000          0
  64.260923       2.747495      -0.0000000000000000       0.0000000000000000          0
  67.380670       2.938674      -0.0000000000000000       0.0000000000000000          0
  70.501010       3.128885      -0.0000000000000000       0.0000000000000000          0
  73.622008       3.317563      -0.0000000000000000       0.0000000000000000          0
  76.743724       3.504149      -0.0000000000000000       0.0000000000000000          0
  79.866216       3.688088      -0.0000000000000000       0.0000000000000000          0
  82.989536       3.868833      -0.0000000000000000       0.0000000000000000          0
  86.113730       4.045846      -0.0000000000000000       0.0000000000000000          0
  89.238838       4.218601      -0.0000000000000000       0.0000000000000000          0
  92.364893       4.386581      -0.0000000000000000       0.0000000000000000          0
  95.491921       4.549286      -0.0000000000000000       0.0000000000000000          0
  98.619939       4.706229      -1.2519060444493555       0.1088174349916966      67301
  101.748957       4.856940      -1.2793053490548176       0.1132318669936727        647
  104.878976       5.000969      -1.3028970836036364       0.1181790752041357      64701
  108.009987       5.137883      -1.3725454492944289       0.2657347751053079      60402
  111.141976       5.267271      -1.3413023882472763       0.1278268657354105      61404
  114.274916       5.388744      -0.0000000000000000       0.0000000000000000          0
  117.408775       5.501937      -1.3437836570647730      -0.0130020070535081      61407
  120.543509       5.606509      -0.0000000000000000       0.0000000000000000          0
  123.679069       5.702144      -7.2352500413754193       1.4342838652766092        675
  126.815396       5.788554      -0.0000000000000000       0.0000000000000000          0
  129.952426       5.865478      -7.3246996131087769       1.5119273133617166        684
  133.090087       5.932682      -7.3365547318709687       1.5527557063646182        801
  136.228301       5.989965      -7.3264097868738833       1.5944929797208081        801
  139.366985       6.037152      -7.2942847256591223       1.6368029138076243        801
  39.463533      -1.351960      -0.0000000000000000       0.0000000000000000          0
  42.584171      -1.173131      -0.0000000000000000       0.0000000000000000          0
  45.704407      -0.990825      -0.0000000000000000       0.0000000000000000          0
  48.824296      -0.805581      -0.0000000000000000       0.0000000000000000          0
  51.943900      -0.617950      -0.0000000000000000       0.0000000000000000          0
  55.063283      -0.428488      -0.0000000000000000       0.0000000000000000          0
  58.182511      -0.237756      -0.0000000000000000       0.0000000000000000          0
  61.301653      -0.046320      -0.0000000000000000       0.0000000000000000          0
  64.420778       0.145254      -0.0000000000000000       0.0000000000000000          0
  67.539956       0.336397      -0.0000000000000000       0.0000000000000000          0
  70.659256       0.526543      -0.0000000000000000       0.0000000000000000          0
  73.778745       0.715129      -0.0000000000000000       0.0000000000000000          0
  76.898489       0.901596      -0.0000000000000000       0.0000000000000000          0
  80.018549       1.085391      -0.0000000000000000       0.0000000000000000          0
  83.138986       1.265968      -0.0000000000000000       0.0000000000000000          0
  86.259853       1.442792      -0.0000000000000000       0.0000000000000000          0
  89.381199       1.615337      -0.0000000000000000       0.0000000000000000          0
  92.503067       1.783091      -0.0000000000000000       0.0000000000000000          0
  95.625495       1.945556      -0.0000000000000000       0.0000000000000000          0
  98.748514       2.102247      -1.2531060532013973       0.1336563472521607      67352
  101.872147       2.252698      -1.2803065206147382       0.1349566946476572      67301
  104.996411       2.396461      -1.3037069669348917       0.1367237193062940      64701
  108.121315       2.533107      -1.3232355564124390       0.1389365623383497        614
  111.246859       2.662228      -0.0000000000000000       0.0000000000000000          0
  114.373038       2.783439      -0.0000000000000000       0.0000000000000000          0
  117.499838       2.896376      -1.3580437876275835       0.1479636226969319      61405
  120.627238       3.000703      -1.4101398872178579      -0.3627919205566687        667
  123.755209       3.096106      -7.2368583893223768       1.4953542378106295        801
  126.883716       3.182301      -7.2918622118089926       1.5154396921366429        801
  130.012718       3.259027      -7.3251345722579373       1.5369369037596996        801
  133.142166       3.326056      -7.3365659319629399       1.5595901261351595        801
  136.272008       3.383186      -7.3261131971378299       1.5831297032776064        801
  139.402187       3.430245      -7.2938000922910629       1.6072752927473306        801
>