>anchorPlateId 301
>reconstructionTime 57
>DeformingMeshPoints.gpml lat_lon_velocity_domain_28_32.gpml
>MeshNode <identity>GPlates-b7a3af0e-8119-4abb-9ae6-39bb7e5702ce</identity> <revision>GPlates-7b04c5e6-7801-49f1-bcc4-23d6f4e5417f</revision>
> reconstructionPlateId 0
> validTime TimePeriod <begin> TimeInstant <timePosition>http://gplates.org/times/distantPast</timePosition></begin> <end> TimeInstant <timePosition>http://gplates.org/times/distantFuture</timePosition></end>
  19.486659      69.395301      -0.0000000000000000       0.0000000000000000        302
  21.980901      69.667231      -0.0000000000000000       0.0000000000000000        302
  24.498946      69.948866      -0.0000000000000000       0.0000000000000000        302
  27.042744      70.239755      -0.0000000000000000       0.0000000000000000        302
  29.614382      70.539420      -0.0000000000000000       0.0000000000000000        302
  32.216101      70.847351      -0.0000000000000000       0.0000000000000000        302
  34.850301      71.163011      -0.0000000000000000       0.0000000000000000        302
  37.519561      71.485827      -0.0000000000000000       0.0000000000000000        302
  40.226646      71.815192      -0.0000000000000000       0.0000000000000000        302
  42.974519      72.150460      -0.0000000000000000       0.0000000000000000        302
  45.766360      72.490946      -0.0000000000000000       0.0000000000000000        302
  48.605570      72.835921      -0.0000000000000000       0.0000000000000000        302
  51.495785      73.184608      -0.0000000000000000       0.0000000000000000        302
  54.440881      73.536180      -0.0000000000000000       0.0000000000000000        373
  57.444983      73.889754      -0.0000000000000000       0.0000000000000000        373
  60.512461      74.244391      -0.0000000000000000       0.0000000000000000        372
  63.647922      74.599084      -0.0000000000000000       0.0000000000000000        372
  66.856200      74.952762      -0.0000000000000000       0.0000000000000000        372
  70.142322      75.304276      -0.0000000000000000       0.0000000000000000        372
  73.511472      75.652404      -0.0000000000000000       0.0000000000000000        404
  76.968928      75.995838      -0.0000000000000000       0.0000000000000000        404
  80.519979      76.333186      -0.0000000000000000       0.0000000000000000        404
  84.169815      76.662968      -0.0000000000000000       0.0000000000000000        404
  87.923385      76.983614      -0.0000000000000000       0.0000000000000000        404
  91.785218      77.293467      -0.0000000000000000       0.0000000000000000        404
  95.759205      77.590788      -0.0000000000000000       0.0000000000000000        404
  99.848345      77.873763      -0.0000000000000000       0.0000000000000000        404
  104.054450      78.140518      -0.0000000000000000       0.0000000000000000        404
  108.377830      78.389139      -0.0000000000000000       0.0000000000000000        401
  112.816960      78.617698      -0.0000000000000000       0.0000000000000000        401
  117.368161      78.824285      -0.0000000000000000       0.0000000000000000          0
  122.025326      79.007051      -0.0000000000000000       0.0000000000000000          0
  126.779720      79.164251      -0.0000000000000000       0.0000000000000000          0
  21.427000      66.889901      -0.0000000000000000       0.0000000000000000        302
  24.016709      67.169572      -0.0000000000000000       0.0000000000000000        302
  26.630122      67.458865      -0.0000000000000000       0.0000000000000000        302
  29.269061      67.757266      -0.0000000000000000       0.0000000000000000        302
  31.935458      68.064229      -0.0000000000000000       0.0000000000000000        302
  34.631362      68.379179      -0.0000000000000000       0.0000000000000000        302
  37.358943      68.701505      -0.0000000000000000       0.0000000000000000        302
  40.120502      69.030562      -0.0000000000000000       0.0000000000000000        302
  42.918473      69.365665      -0.0000000000000000       0.0000000000000000        302
  45.755426      69.706092      -0.0000000000000000       0.0000000000000000        302
  48.634076      70.051080      -0.0000000000000000       0.0000000000000000        302
  51.557274      70.399818      -0.0000000000000000       0.0000000000000000        302
  54.528014      70.751451      -0.0000000000000000       0.0000000000000000        373
  57.549424      71.105074      -0.0000000000000000       0.0000000000000000        372
  60.624758      71.459730      -0.0000000000000000       0.0000000000000000        372
  63.757378      71.814406      -0.0000000000000000       0.0000000000000000        372
  66.950740      72.168033      -0.0000000000000000       0.0000000000000000        372
  70.208358      72.519480      -0.0000000000000000       0.0000000000000000        372
  73.533770      72.867554      -0.0000000000000000       0.0000000000000000        401
  76.930487      73.211000      -0.0000000000000000       0.0000000000000000        401
  80.401929      73.548497      -0.0000000000000000       0.0000000000000000        401
  83.951350      73.878660      -0.0000000000000000       0.0000000000000000        401
  87.581740      74.200043      -0.0000000000000000       0.0000000000000000        404
  91.295721      74.511140      -0.0000000000000000       0.0000000000000000        401
  95.095413      74.810391      -0.0000000000000000       0.0000000000000000        401
  98.982297      75.096194      -0.0000000000000000       0.0000000000000000        401
  102.957055      75.366914      -0.0000000000000000       0.0000000000000000        401
  107.019407      75.620898      -0.0000000000000000       0.0000000000000000        401
  111.167950      75.856494      -0.0000000000000000       0.0000000000000000        401
  115.400002      76.072076      -0.0000000000000000       0.0000000000000000        401
  119.711473      76.266069      -0.0000000000000000       0.0000000000000000        401
  124.096768      76.436980      -0.0000000000000000       0.0000000000000000          0
  128.548745      76.583428      -0.0000000000000000       0.0000000000000000          0
  23.005235      64.365199      -0.0000000000000000       0.0000000000000000        302
  25.668851      64.650913      -0.0000000000000000       0.0000000000000000        302
  28.355472      64.946133      -0.0000000000000000       0.0000000000000000        302
  31.066767      65.250292      -0.0000000000000000       0.0000000000000000        302
  33.804492      65.562790      -0.0000000000000000       0.0000000000000000        302
  36.570489      65.882993      -0.0000000000000000       0.0000000000000000        302
  39.366691      66.210234      -0.0000000000000000       0.0000000000000000        302
  42.195121      66.543807      -0.0000000000000000       0.0000000000000000        302
  45.057895      66.882968      -0.0000000000000000       0.0000000000000000        302
  47.957219      67.226937      -0.0000000000000000       0.0000000000000000        302
  50.895386      67.574888      -0.0000000000000000       0.0000000000000000        302
  53.874774      67.925956      -0.0000000000000000       0.0000000000000000        302
  56.897834      68.279228      -0.0000000000000000       0.0000000000000000        302
  59.967082      68.633747      -0.0000000000000000       0.0000000000000000        302
  63.085083      68.988506      -0.0000000000000000       0.0000000000000000        302
  66.254433      69.342451      -0.0000000000000000       0.0000000000000000        372
  69.477734      69.694476      -0.0000000000000000       0.0000000000000000        372
  72.757558      70.043424      -0.0000000000000000       0.0000000000000000        401
  76.096419      70.388087      -0.0000000000000000       0.0000000000000000        401
  79.496717      70.727206      -0.0000000000000000       0.0000000000000000        401
  82.960690      71.059472      -0.0000000000000000       0.0000000000000000        401
  86.490349      71.383532      -0.0000000000000000       0.0000000000000000        401
  90.087407      71.697987      -0.0000000000000000       0.0000000000000000        401
  93.753197      72.001405      -0.0000000000000000       0.0000000000000000        401
  97.488585      72.292321      -0.0000000000000000       0.0000000000000000        401
  101.293878      72.569253      -0.0000000000000000       0.0000000000000000        401
  105.168728      72.830709      -0.0000000000000000       0.0000000000000000        401
  109.112036      73.075208      -0.0000000000000000       0.0000000000000000        401
  113.121867      73.301288      -0.0000000000000000       0.0000000000000000        401
  117.195371      73.507533      -0.0000000000000000       0.0000000000000000          0
  121.328731      73.692592      -0.0000000000000000       0.0000000000000000          0
  125.517129      73.855198      -0.0000000000000000       0.0000000000000000          0
  129.754753      73.994198      -0.0000000000000000       0.0000000000000000          0
  24.317190      61.826400      -0.0000000000000000       0.0000000000000000        302
  27.039507      62.116958      -0.0000000000000000       0.0000000000000000        302
  29.783822      62.416896      -0.0000000000000000       0.0000000000000000        302
  32.551652      62.725600      -0.0000000000000000       0.0000000000000000        302
  35.344581      63.042423      -0.0000000000000000       0.0000000000000000        302
  38.164254      63.366685      -0.0000000000000000       0.0000000000000000        302
  41.012383      63.697669      -0.0000000000000000       0.0000000000000000        302
  43.890741      64.034624      -0.0000000000000000       0.0000000000000000        302
  46.801163      64.376758      -0.0000000000000000       0.0000000000000000        302
  49.745538      64.723244      -0.0000000000000000       0.0000000000000000        302
  52.725809      65.073212      -0.0000000000000000       0.0000000000000000        302
  55.743959      65.425752      -0.0000000000000000       0.0000000000000000        302
  58.802003      65.779914      -0.0000000000000000       0.0000000000000000        302
  61.901977      66.134704      -0.0000000000000000       0.0000000000000000        302
  65.045920      66.489085      -0.0000000000000000       0.0000000000000000        390
  68.235853      66.841976      -0.0000000000000000       0.0000000000000000        468
  71.473755      67.192253      -0.0000000000000000       0.0000000000000000        401
  74.761535      67.538749      -0.0000000000000000       0.0000000000000000        401
  78.100998      67.880256      -0.0000000000000000       0.0000000000000000        401
  81.493807      68.215526      -0.0000000000000000       0.0000000000000000        401
  84.941436      68.543274      -0.0000000000000000       0.0000000000000000        401
  88.445124      68.862182      -0.0000000000000000       0.0000000000000000        401
  92.005818      69.170905      -0.0000000000000000       0.0000000000000000        401
  95.624118      69.468076      -0.0000000000000000       0.0000000000000000        401
  99.300213      69.752315      -0.0000000000000000       0.0000000000000000        401
  103.033823      70.022239      -0.0000000000000000       0.0000000000000000        401
  106.824135      70.276475      -0.0000000000000000       0.0000000000000000        401
  110.669749      70.513667      -0.0000000000000000       0.0000000000000000        401
  114.568627      70.732499      -0.0000000000000000       0.0000000000000000        401
  118.518057      70.931706      -0.0000000000000000       0.0000000000000000        401
  122.514628      71.110091      -0.0000000000000000       0.0000000000000000        401
  126.554225      71.266548      -0.0000000000000000       0.0000000000000000        401
  130.632045      71.400073      -0.0000000000000000       0.0000000000000000          0
  25.428160      59.277011      -0.0000000000000000       0.0000000000000000        302
  28.198144      59.571545      -0.0000000000000000       0.0000000000000000        302
  30.988974      59.875327      -0.0000000000000000       0.0000000000000000        302
  33.802023      60.187707      -0.0000000000000000       0.0000000000000000        302
  36.638716      60.507998      -0.0000000000000000       0.0000000000000000        302
  39.500523      60.835479      -0.0000000000000000       0.0000000000000000        302
  42.388959      61.169395      -0.0000000000000000       0.0000000000000000        302
  45.305579      61.508956      -0.0000000000000000       0.0000000000000000        302
  48.251977      61.853332      -0.0000000000000000       0.0000000000000000        302
  51.229779      62.201659      -0.0000000000000000       0.0000000000000000        302
  54.240634      62.553033      -0.0000000000000000       0.0000000000000000        302
  57.286209      62.906514      -0.0000000000000000       0.0000000000000000        302
  60.368174      63.261121      -0.0000000000000000       0.0000000000000000        390
  63.488191      63.615836      -0.0000000000000000       0.0000000000000000        390
  66.647894      63.969602      -0.0000000000000000       0.0000000000000000        468
  69.848877      64.321323      -0.0000000000000000       0.0000000000000000        401
  73.092665      64.669869      -0.0000000000000000       0.0000000000000000        401
  76.380691      65.014071      -0.0000000000000000       0.0000000000000000        401
  79.714269      65.352729      -0.0000000000000000       0.0000000000000000        401
  83.094559      65.684612      -0.0000000000000000       0.0000000000000000        401
  86.522534      66.008461      -0.0000000000000000       0.0000000000000000        401
  89.998939      66.322996      -0.0000000000000000       0.0000000000000000        401
  93.524253      66.626920      -0.0000000000000000       0.0000000000000000        401
  97.098646      66.918927      -0.0000000000000000       0.0000000000000000        401
  100.721933      67.197708      -0.0000000000000000       0.0000000000000000        401
  104.393539      67.461964      -0.0000000000000000       0.0000000000000000        401
  108.112451      67.710412      -0.0000000000000000       0.0000000000000000        401
  111.877192      67.941801      -0.0000000000000000       0.0000000000000000        401
  115.685785      68.154922      -0.0000000000000000       0.0000000000000000        401
  119.535741      68.348623      -0.0000000000000000       0.0000000000000000        401
  123.424042      68.521824      -0.0000000000000000       0.0000000000000000        401
  127.347155      68.673532      -0.0000000000000000       0.0000000000000000      43102
  131.301045      68.802851      -0.0000000000000000       0.0000000000000000      43101
  26.384043      56.719481      -0.0000000000000000       0.0000000000000000        302
  29.193484      57.017340      -0.0000000000000000       0.0000000000000000        302
  32.022561      57.324320      -0.0000000000000000       0.0000000000000000        302
  34.872519      57.639735      -0.0000000000000000       0.0000000000000000        302
  37.744640      57.962867      -0.0000000000000000       0.0000000000000000        302
  40.640238      58.292960      -0.0000000000000000       0.0000000000000000        302
  43.560656      58.629227      -0.0000000000000000       0.0000000000000000        302
  46.507264      58.970845      -0.0000000000000000       0.0000000000000000        302
  49.481454      59.316954      -0.0000000000000000       0.0000000000000000        302
  52.484629      59.666661      -0.0000000000000000       0.0000000000000000        302
  55.518202      60.019036      -0.0000000000000000       0.0000000000000000        302
  58.583583      60.373114      -0.0000000000000000       0.0000000000000000        302
  61.682166      60.727893      -0.0000000000000000       0.0000000000000000        390
  64.815323      61.082338      -0.0000000000000000       0.0000000000000000        390
  67.984380      61.435380      -0.0000000000000000       0.0000000000000000        468
  71.190606      61.785916      -0.0000000000000000       0.0000000000000000        401
  74.435191      62.132813      -0.0000000000000000       0.0000000000000000        401
  77.719225      62.474908      -0.0000000000000000       0.0000000000000000        401
  81.043673      62.811012      -0.0000000000000000       0.0000000000000000        401
  84.409350      63.139912      -0.0000000000000000       0.0000000000000000        401
  87.816888      63.460377      -0.0000000000000000       0.0000000000000000        401
  91.266714      63.771163      -0.0000000000000000       0.0000000000000000        401
  94.759012      64.071017      -0.0000000000000000       0.0000000000000000        401
  98.293694      64.358685      -0.0000000000000000       0.0000000000000000        401
  101.870373      64.632919      -0.0000000000000000       0.0000000000000000        401
  105.488327      64.892489      -0.0000000000000000       0.0000000000000000        401
  109.146478      65.136189      -0.0000000000000000       0.0000000000000000        401
  112.843369      65.362847      -0.0000000000000000       0.0000000000000000        401
  116.577145      65.571341      -0.0000000000000000       0.0000000000000000        401
  120.345546      65.760607      -0.0000000000000000       0.0000000000000000        401
  124.145909      65.929653      -0.0000000000000000       0.0000000000000000        401
  127.975169      66.077571      -0.0000000000000000       0.0000000000000000      43102
  131.829886      66.203548      -0.0000000000000000       0.0000000000000000      43101
  27.217983      54.155568      -2.0733912970839405       0.6354626901895981        334
  30.060635      54.456256      -0.0000000000000000       0.0000000000000000        302
  32.921706      54.765941      -0.0000000000000000       0.0000000000000000        302
  35.802327      55.083909      -0.0000000000000000       0.0000000000000000        302
  38.703653      55.409411      -0.0000000000000000       0.0000000000000000        302
  41.626861      55.741665      -0.0000000000000000       0.0000000000000000        302
  44.573148      56.079855      -0.0000000000000000       0.0000000000000000        302
  47.543723      56.423131      -0.0000000000000000       0.0000000000000000        302
  50.539808      56.770609      -0.0000000000000000       0.0000000000000000        302
  53.562623      57.121371      -0.0000000000000000       0.0000000000000000        302
  56.613386      57.474468      -0.0000000000000000       0.0000000000000000        302
  59.693298      57.828914      -0.0000000000000000       0.0000000000000000        302
  62.803537      58.183694      -0.0000000000000000       0.0000000000000000        390
  65.945243      58.537761      -0.0000000000000000       0.0000000000000000        468
  69.119505      58.890038      -0.0000000000000000       0.0000000000000000        468
  72.327346      59.239418      -0.0000000000000000       0.0000000000000000        401
  75.569705      59.584772      -0.0000000000000000       0.0000000000000000        401
  78.847419      59.924942      -0.0000000000000000       0.0000000000000000        401
  82.161202      60.258754      -0.0000000000000000       0.0000000000000000        401
  85.511626      60.585015      -0.0000000000000000       0.0000000000000000        401
  88.899093      60.902519      -0.0000000000000000       0.0000000000000000        401
  92.323816      61.210056      -0.0000000000000000       0.0000000000000000        401
  95.785794      61.506411      -0.0000000000000000       0.0000000000000000        401
  99.284787      61.790377      -0.0000000000000000       0.0000000000000000        401
  102.820294      62.060759      -0.0000000000000000       0.0000000000000000        401
  106.391536      62.316383      -0.0000000000000000       0.0000000000000000        401
  109.997432      62.556106      -0.0000000000000000       0.0000000000000000        401
  113.636590      62.778824      -0.0000000000000000       0.0000000000000000        401
  117.307295      62.983483      -0.0000000000000000       0.0000000000000000        401
  121.007505      63.169089      -0.0000000000000000       0.0000000000000000        401
  124.734857      63.334719      -0.0000000000000000       0.0000000000000000        401
  128.486673      63.479533      -0.0000000000000000       0.0000000000000000        401
  132.259980      63.602779      -0.0000000000000000       0.0000000000000000        401
  27.954484      51.586566      -0.0000000000000000       0.0000000000000000        302
  30.825504      51.889696      -0.0000000000000000       0.0000000000000000        302
  33.713747      52.201704      -0.0000000000000000       0.0000000000000000        302
  36.620241      52.521852      -0.0000000000000000       0.0000000000000000        302
  39.546029      52.849365      -0.0000000000000000       0.0000000000000000        302
  42.492169      53.183437      -0.0000000000000000       0.0000000000000000        302
  45.459731      53.523227      -0.0000000000000000       0.0000000000000000        302
  48.449789      53.867864      -0.0000000000000000       0.0000000000000000        302
  51.463419      54.216442      -0.0000000000000000       0.0000000000000000        302
  54.501691      54.568026      -0.0000000000000000       0.0000000000000000        302
  57.565660      54.921646      -0.0000000000000000       0.0000000000000000        302
  60.656360      55.276306      -0.0000000000000000       0.0000000000000000        390
  63.774793      55.630979      -0.0000000000000000       0.0000000000000000        390
  66.921917      55.984608      -0.0000000000000000       0.0000000000000000        468
  70.098634      56.336113      -0.0000000000000000       0.0000000000000000        468
  73.305779      56.684388      -0.0000000000000000       0.0000000000000000        468
  76.544099      57.028305      -0.0000000000000000       0.0000000000000000        401
  79.814246      57.366719      -0.0000000000000000       0.0000000000000000        401
  83.116749      57.698467      -0.0000000000000000       0.0000000000000000        401
  86.452008      58.022377      -0.0000000000000000       0.0000000000000000        401
  89.820264      58.337267      -0.0000000000000000       0.0000000000000000        401
  93.221589      58.641957      -0.0000000000000000       0.0000000000000000        401
  96.655863      58.935267      -0.0000000000000000       0.0000000000000000        401
  100.122757      59.216031      -0.0000000000000000       0.0000000000000000        401
  103.621716      59.483098      -0.0000000000000000       0.0000000000000000        401
  107.151947      59.735345      -0.0000000000000000       0.0000000000000000        401
  110.712401      59.971680      -0.0000000000000000       0.0000000000000000        401
  114.301770      60.191055      -0.0000000000000000       0.0000000000000000        401
  117.918477      60.392472      -0.0000000000000000       0.0000000000000000        401
  121.560679      60.574996      -0.0000000000000000       0.0000000000000000        401
  125.226270      60.737759      -0.0000000000000000       0.0000000000000000        401
  128.912889      60.879974      -0.0000000000000000       0.0000000000000000        401
  132.617940      61.000940      -0.0000000000000000       0.0000000000000000        401
  28.612045      49.013450      -0.0000000000000000       0.0000000000000000        302
  31.507614      49.318714      -0.0000000000000000       0.0000000000000000        302
  34.419245      49.632745      -0.0000000000000000       0.0000000000000000        302
  37.347871      49.954780      -0.0000000000000000       0.0000000000000000        302
  40.294438      50.284023      -0.0000000000000000       0.0000000000000000        302
  43.259901      50.619646      -0.0000000000000000       0.0000000000000000        302
  46.245219      50.960789      -0.0000000000000000       0.0000000000000000        302
  49.251352      51.306560      -0.0000000000000000       0.0000000000000000        302
  52.279252      51.656037      -0.0000000000000000       0.0000000000000000        302
  55.329861      52.008268      -0.0000000000000000       0.0000000000000000        302
  58.404103      52.362271      -0.0000000000000000       0.0000000000000000        302
  61.502872      52.717037      -0.0000000000000000       0.0000000000000000        390
  64.627029      53.071531      -0.0000000000000000       0.0000000000000000        465
  67.777386      53.424693      -0.0000000000000000       0.0000000000000000        458
  70.954699      53.775438      -0.0000000000000000       0.0000000000000000        459
  74.159654      54.122664      -0.0000000000000000       0.0000000000000000        468
  77.392855      54.465248      -0.3716962510146045       0.1276335039948987          0
  80.654811      54.802054      -1.1042641773429511       0.4397577388708113          0
  83.945918      55.131934      -1.2274647821267695       0.5602715343263958          0
  87.266448      55.453734      -1.0321411611972071       0.5340490197801590          0
  90.616535      55.766295      -0.6686262808802777       0.3883339035190858          0
  93.996152      56.068464      -0.1050383430782685       0.0679689584327654          0
  97.405108      56.359094      -0.0000000000000000       0.0000000000000000        401
  100.843023      56.637053      -0.0000000000000000       0.0000000000000000        401
  104.309323      56.901230      -0.0000000000000000       0.0000000000000000        401
  107.803226      57.150544      -0.0000000000000000       0.0000000000000000        401
  111.323734      57.383949      -0.0000000000000000       0.0000000000000000          0
  114.869627      57.600442       0.0063683661254295      -0.0132333976315550          0
  118.439460      57.799075       0.0181823118219098      -0.0495296001245284          0
  122.031567      57.978958       0.0164947786111136      -0.0644802942946948          0
  125.644061      58.139271       0.0062597884664749      -0.0505618676285116          0
  129.274851      58.279270      -0.0013769124070233      -0.0239447742732043          0
  132.921648      58.398296      -0.0000000000000000       0.0000000000000000        401
  29.204892      46.436964       1.1414989763898689       1.5141618288500991        337
  32.121954      46.744116      -0.0000000000000000       0.0000000000000000        302
  35.053955      47.059928      -0.0000000000000000       0.0000000000000000        302
  38.001746      47.383617      -0.0000000000000000       0.0000000000000000        302
  40.966187      47.714368      -2.2077260186041188      -0.3689086039222460        503
  43.948142      48.051333      -0.0000000000000000       0.0000000000000000        302
  46.948474      48.393634      -0.0000000000000000       0.0000000000000000        302
  49.968043      48.740364      -0.0000000000000000       0.0000000000000000        302
  53.007699      49.090585      -0.0000000000000000       0.0000000000000000        302
  56.068275      49.443332      -0.0000000000000000       0.0000000000000000        302
  59.150585      49.797613      -0.0000000000000000       0.0000000000000000        302
  62.255409      50.152409      -0.0000000000000000       0.0000000000000000        467
  65.383491      50.506680      -0.0000000000000000       0.0000000000000000        458
  68.535528      50.859361      -0.0000000000000000       0.0000000000000000        458
  71.712157      51.209368      -0.0000000000000000       0.0000000000000000        459
  74.913951      51.555602      -1.5212923584058444       0.4506654755538689          0
  78.141400      51.896947      -3.2025084194790971       1.1273230764484425          0
  81.394905      52.232275      -3.1694460659603974       1.2926661120295937        580
  84.674764      52.560454      -3.0775774387348465       1.4392645141858429        580
  87.981159      52.880345      -2.7827351119314123       1.4764653279891800          0
  91.314143      53.190814      -2.1222637923635315       1.2600229535185934          0
  94.673631      53.490729      -1.3518718164119983       0.8913653565432270          0
  98.059383      53.778974      -0.5115849671347916       0.3726616148020558          0
  101.470998      54.054448      -0.0000000000000000       0.0000000000000000        401
  104.907903      54.316075      -0.0000000000000000       0.0000000000000000        401
  108.369342      54.562811      -0.0000000000000000       0.0000000000000000        401
  111.854375      54.793647       0.0883234333803397      -0.1610184268310473          0
  115.361870      55.007622       0.1215991368303849      -0.2766300760096641          0
  118.890507      55.203828       0.1130315602127508      -0.3436319693459278          0
  122.438774      55.381415       0.0748210591080095      -0.3698511078909976          0
  126.004977      55.539603      -0.0003284698191423      -0.3391014692882902          0
  129.587249      55.677684      -0.0965955953421194      -0.2497164515355186          0
  133.183561      55.795033      -0.1939776457484860      -0.1227122411338096          0
  29.744147      43.857693       1.2002418582628138       0.7796375723808522        340
  32.680224      44.166531      -0.0000000000000000       0.0000000000000000        302
  35.630158      44.483928      -1.9134344126576814      -0.2693207069327011        503
  38.594729      44.809083      -2.0791500648787942      -0.2208859138671593        503
  41.574717      45.141162      -2.2401183232669855      -0.1657087933665661        503
  44.570908      45.479300      -2.3958531158839271      -0.1036957846714519        503
  47.584083      45.822606      -0.0000000000000000       0.0000000000000000        301
  50.615014      46.170156      -0.0000000000000000       0.0000000000000000        302
  53.664463      46.521000      -0.0000000000000000       0.0000000000000000        302
  56.733174      46.874163      -0.0000000000000000       0.0000000000000000        302
  59.821865      47.228642      -0.0000000000000000       0.0000000000000000        390
  62.931224      47.583414      -0.0000000000000000       0.0000000000000000        466
  66.061899      47.937432      -0.0000000000000000       0.0000000000000000        458
  69.214490      48.289630      -0.0000000000000000       0.0000000000000000        459
  72.389544      48.638925      -1.5057131417253058       0.1354371754189208          0
  75.587540      48.984222      -3.3010033277826416       0.5399487004358350          0
  78.808883      49.324410      -3.2345734211540398       1.1405301478788781        580
  82.053890      49.658375      -3.1518122532993891       1.2829112603259478        580
  85.322787      49.984994      -3.0582234796034107       1.4236529578896497        580
  88.615688      50.303148      -2.9538864074183655       1.5621095532586706        580
  91.932594      50.611720      -2.8389286330851364       1.6976107711876069        580
  95.273378      50.909604      -2.4971696520428188       1.6744281124996956          0
  98.637777      51.195706      -1.4920257214058235       1.0932220575207543          0
  102.025383      51.468956      -0.8562820657608044       0.5737922093187343          0
  105.435636      51.728309      -0.4026009207770668       0.1782376450125006          0
  108.867818      51.972751       0.0936434195909723      -0.2402464501652851          0
  112.321047      52.201309       0.2749264491857911      -0.4929777470297919          0
  115.794278      52.413057       0.2747322767930920      -0.6150938638103352          0
  119.286303      52.607121       0.2166253608206237      -0.6778779646003337          0
  122.795750      52.782686       0.1145431529299213      -0.6804341631149190          0
  126.321092      52.939005      -0.0241980866078877      -0.6156399236642812          0
  129.860655      53.075403      -0.1856275987917957      -0.4818840873226754          0
  133.412629      53.191283      -0.3593227401139881      -0.2847572674516524          0
  30.238636      41.276096      -0.0000000000000000       0.0000000000000000        520
  33.191696      41.586455      -0.0000000000000000       0.0000000000000000        520
  36.157572      41.905277      -0.0000000000000000       0.0000000000000000        526
  39.136978      42.231742      -0.0000000000000000       0.0000000000000000        551
  42.130628      42.565003      -0.0000000000000000       0.0000000000000000        551
  45.139235      42.904179      -2.4246670128504784       0.0948491127679481        503
  48.163509      43.248365      -2.5739160759210842       0.1610020278896210        503
  51.204147      43.596624      -2.7167442150930512       0.2338684823876847        503
  54.261836      43.947997      -0.0000000000000000       0.0000000000000000        301
  57.337241      44.301496      -0.0000000000000000       0.0000000000000000        301
  60.431003      44.656115      -0.0000000000000000       0.0000000000000000        390
  63.543729      45.010822      -0.0000000000000000       0.0000000000000000        466
  66.675991      45.364567      -0.0000000000000000       0.0000000000000000        466
  69.828311      45.716286      -1.1138345754279584       0.1339057685031838          0
  73.001160      46.064896      -3.3175049362337781       0.4661483425347343        501
  76.194944      46.409305      -3.4450117703400815       0.5791503200073381        501
  79.410000      46.748412      -3.5625583785702273       0.6999571102913560        501
  82.646584      47.081110      -3.2437719672866505       1.1824327036485156          0
  85.904863      47.406292      -3.0405054802265625       1.4003610541164973        580
  89.184909      47.722852      -2.9348514622821282       1.5328727122982297        580
  92.486683      48.029693      -2.8187868778912391       1.6624825284785723        580
  95.810034      48.325729      -2.7640234013910265       1.7886218289760683          0
  99.154689      48.609890      -2.6538623971034427       1.6740089504121420          0
  102.520244      48.881131      -2.2533376706076620       1.2881076280629575          0
  105.906161      49.138434      -1.1338402063105106       0.4863256271510759          0
  109.311762      49.380816      -0.0264277062570059      -0.3568881978041670          0
  112.736227      49.607333       0.4179406953836932      -0.8133711676112452          0
  116.178593      49.817090       0.4500676288060209      -0.9898035501540017          0
  119.637752      50.009243       0.3300890975584364      -1.0354387517330987          0
  123.112460      50.183007       0.1696273224058798      -1.0193848154898577          0
  126.601336      50.337665      -0.0282138280484322      -0.9244043015241557          0
  130.102874      50.472567      -0.2541029183916754      -0.7417366028965249          0
  133.615450      50.587144      -0.4981756826196057      -0.4695105890382560          0
  30.695460      38.692544      -0.0000000000000000       0.0000000000000000        522
  33.663819      39.004287      -1.2066437284531224       0.1241708912214713        715
  36.643993      39.324400      -0.0000000000000000       0.0000000000000000        525
  39.636635      39.652049      -0.0000000000000000       0.0000000000000000        526
  42.642399      39.986370      -0.0000000000000000       0.0000000000000000        526
  45.661936      40.326473      -0.0000000000000000       0.0000000000000000        526
  48.695892      40.671437      -2.5994587586412652       0.3537345177120379        503
  51.744900      41.020316      -2.7413550576377625       0.4231950037376178        503
  54.809580      41.372139      -2.8761588019680406       0.4991308820430911        503
  57.890531      41.725914      -0.0000000000000000       0.0000000000000000        301
  60.988328      42.080625      -0.0000000000000000       0.0000000000000000        390
  64.103514      42.435237      -0.0000000000000000       0.0000000000000000        467
  67.236592      42.788699      -0.0163719389396653       0.0029886540382922          0
  70.388023      43.139945      -2.4179038246713609       0.4274633580444774          0
  73.558216      43.487896      -3.3404980913495130       0.6640039127571235        501
  76.747520      43.831463      -3.4659971513288688       0.7720300675936384        501
  79.956218      44.169554      -3.5814239930484826       0.8875173613917802        501
  83.184518      44.501071      -3.6862228443378040       1.0102373234737572        501
  86.432548      44.824919      -3.6480898214815829       1.2133547823603650          0
  89.700342      45.140008      -3.5551183706697707       1.4085253668917657          0
  92.987842      45.445256      -3.4132287886621131       1.5949460633962091          0
  96.294882      45.739598      -3.3635311346566104       1.7505424350063961          0
  99.621187      46.021986      -3.4604320429549360       1.8605120945586477          0
  102.966367      46.291397      -3.4366441414116795       1.8030619546345121          0
  106.329910      46.546838      -2.1290440323162150       0.9355977076468109          0
  109.711181      46.787352       0.0034282219122396      -0.5775647321690426          0
  113.109420      47.012023       0.7093569223361586      -1.2552565266665736          0
  116.523739      47.219982       0.6412464325373557      -1.3855756293151220          0
  119.953127      47.410412       0.4527177164482844      -1.4062979142830252          0
  123.396450      47.582556       0.2448476341487720      -1.3878483270257453          0
  126.852460      47.735720      -0.0058695460804710      -1.2766788254739017          0
  130.319795      47.869281      -0.2939164356583675      -1.0527666796195645          0
  133.796997      47.982690      -0.6091412672208465      -0.6897121064506946          0
  31.120407      36.107339      -1.1878768874095920       0.1235318325188149        715
  34.102659      36.420350      -1.2096422333740300       0.1570527157875833        715
  37.095759      36.741642      -1.9960276478040808       0.3417971820699950        503
  40.100307      37.070368      -2.1612064717019730       0.3831107572364272        503
  43.116903      37.405651      -2.3210695663643048       0.4304072367610735        503
  46.146142      37.746587      -0.0000000000000000       0.0000000000000000        505
  49.188614      38.092245      -2.6228986945404715       0.5432906371950825        503
  52.244897      38.441670      -2.7638938328377098       0.6089935491823579        503
  55.315553      38.793883      -2.8976333969184900       0.6809058711974736        503
  58.401124      39.147882      -3.0236406452313185       0.7590184160658713        503
  61.502129      39.502648      -0.0000000000000000       0.0000000000000000        301
  64.619054      39.857144      -0.0000000000000000       0.0000000000000000        467
  67.752349      40.210315      -1.2127526063817677       0.2291217827354285          0
  70.902423      40.561096      -0.0000000000000000       0.0000000000000000        466
  74.069635      40.908412      -3.3613295511632675       0.8569615105278751        501
  77.254288      41.251180      -3.4849595046969242       0.9596360076330852        501
  80.456623      41.588312      -3.5984216327926184       1.0694367985476874        501
  83.676812      41.918722      -3.7011836291123608       1.1861392872844161        501
  86.914951      42.241325      -3.7927318913148049       1.3094659579518475        501
  90.171055      42.555046      -3.8725755087672562       1.4390848786585015        501
  93.445049      42.858820      -3.9402505661512710       1.5746087441848637        501
  96.736762      43.151599      -3.9544360716001501       1.7267117479749936          0
  100.045926      43.432354      -3.9945500065597934       1.8721784400776968          0
  103.372168      43.700084      -4.0661279832762851       2.0119040509905610        501
  106.715006      43.953820      -2.1403385940396875       0.7998026220526519          0
  110.073849      44.192627       0.8147422176743402      -1.3495735904925921          0
  113.447993      44.415613       1.1484549200792595      -1.8019075937107627          0
  116.836624      44.621934       0.8540373397708946      -1.7996268351255882          0
  120.238817      44.810798       0.5810077366297648      -1.7794486545903709          0
  123.653541      44.981470       0.3163325854259915      -1.7480900003567168          0
  127.079662      45.133280       0.0384151546122087      -1.6800797065489601          0
  130.515951      45.265626      -0.2834043988803734      -1.4825734192702902          0
  133.961092      45.377977      -0.6752996191294883      -1.0097935326938341          0
  31.518250      33.520730      -1.1909678191135080       0.1571293080924618        715
  34.513209      33.834911      -0.0000000000000000       0.0000000000000000          0
  37.518082      34.157288      -0.0000000000000000       0.0000000000000000          0
  40.533421      34.487002      -2.1845379429729976       0.5798848297364052        503
  43.559776      34.823162      -2.3440083091410622       0.6239387577040714        503
  46.597695      35.164854      -0.0000000000000000       0.0000000000000000        505
  49.647716      35.511137      -0.0000000000000000       0.0000000000000000        505
  52.710367      35.861047      -0.0000000000000000       0.0000000000000000        505
  55.786163      36.213597      -0.0000000000000000       0.0000000000000000        505
  58.875597      36.567780      -0.0000000000000000       0.0000000000000000        505
  61.979137      36.922573      -0.0000000000000000       0.0000000000000000        301
  65.097224      37.276934      -0.0000000000000000       0.0000000000000000        301
  68.230264      37.629810      -0.0000000000000000       0.0000000000000000        301
  71.378620      37.980136      -0.0000000000000000       0.0000000000000000          0
  74.542612      38.326840      -3.3803568409349811       1.0449921110306513        501
  77.722507      38.668843      -3.5022371550455560       1.1419756756331292        501
  80.918512      39.005067      -3.6138674341944270       1.2457580272179265        501
  84.130774      39.334433      -3.7147374027548135       1.3561212361072177        501
  87.359366      39.655869      -3.8043572866054038       1.4727964521004557        501
  90.604288      39.968311      -3.8822615601063850       1.5954626944807850        501
  93.865458      40.270711      -3.9480129540758613       1.7237461718234466        501
  97.142706      40.562037      -4.0012066891320828       1.8572201968012927        501
  100.435776      40.841279      -4.0414748865122014       1.9954057574542703        501
  103.744315      41.107455      -4.2509531795677580       2.3537257935530826        607
  107.067873      41.359617      -1.6714894019381874       0.4019854608909161          0
  110.405902      41.596851      -0.1586362926784376      -0.7312082647142535          0
  113.757755      41.818288       0.3817827253489557      -1.2792672901009015          0
  117.122684      42.023105       0.3003157260279175      -1.3877678302798127          0
  120.499845      42.210532       0.1992536020015285      -1.4927430884657169          0
  123.888300      42.379857       0.0527234052916898      -1.5627555086870120          0
  127.287019      42.530429      -0.1460440002472914      -1.5643432720563544          0
  130.694890      42.661665      -0.4014138156616917      -1.4569232328389019          0
  134.110724      42.773050      -0.6954380172450578      -1.3063894893139403          0
  31.892969      30.932922      -1.1938265872797111       0.1895613003062228        715
  34.899630      31.248191      -1.2149062018682064       0.2189469017781758        715
  37.915300      31.571574      -0.0000000000000000       0.0000000000000000          0
  40.940487      31.902199      -0.0000000000000000       0.0000000000000000          0
  43.975697      32.239166      -2.3654235639333594       0.8144746450822906        503
  47.021434      32.581549      -2.5183747389729234       0.8605263461647617        503
  50.078192      32.928398      -0.0000000000000000       0.0000000000000000        505
  53.146456      33.278742      -0.0000000000000000       0.0000000000000000        505
  56.226697      33.631586      -0.0000000000000000       0.0000000000000000        505
  59.319365      33.985920      -0.0000000000000000       0.0000000000000000        505
  62.424889      34.340715      -0.0000000000000000       0.0000000000000000        506
  65.543669      34.694928      -0.0000000000000000       0.0000000000000000        506
  68.676072      35.047507      -0.0000000000000000       0.0000000000000000        506
  71.822428      35.397386      -0.0000000000000000       0.0000000000000000          0
  74.983023      35.743498      -3.3978669573175599       1.2280113178826708        501
  78.158094      36.084770      -3.5181007147151426       1.3189965273243520        501
  81.347826      36.420129      -3.6280133005867183       1.4164591501348669        501
  84.552343      36.748507      -3.7271151919560825       1.5201902905298192        501
  87.771704      37.068841      -3.8149388831463638       1.6299320338795327        501
  91.005900      37.380082      -3.8910423972397563       1.7453764734679966        501
  94.254847      37.681193      -3.9550130123724392       1.8661652557586692        501
  97.518385      37.971160      -4.0064711675998952       1.9918896999886890        501
  100.796267      38.248990      -0.0000000000000000       0.0000000000000000          0
  104.088166      38.513720      -2.3454111276852299       0.7539681852118768          0
  107.393665      38.764418      -1.5646148286318420       0.2330026940900095          0
  110.712258      39.000193      -0.6449164077426179      -0.4574265371977200          0
  114.043350      39.220195      -0.3665012572976374      -0.7359373750555761          0
  117.386260      39.423622      -0.3268937223817136      -0.8601995009274078          0
  120.740216      39.609722      -0.3353206452113068      -0.9693754119642679          0
  124.104365      39.777804      -0.4248935433696243      -0.9900394753200388          0
  127.477774      39.927235      -0.5791114431952928      -0.9097221733476869          0
  130.859434      40.057447      -0.8089324405463381      -0.6555238975751717          0
  134.248269      40.167943      -1.2087561710263874       0.0523889235179291          0
  32.247921      28.344091      -1.1964874609724414       0.2208261953604914        715
  35.265427      28.660378      -1.2172436341317301       0.2479860172856017        715
  38.291062      28.984698      -0.0000000000000000       0.0000000000000000          0
  41.325295      29.316170      -0.0000000000000000       0.0000000000000000          0
  44.368592      29.653883      -2.3855387312715686       1.0017411941623837        503
  47.421416      29.996901      -2.5379416545408238       1.0437492752212707        503
  50.484225      30.344267      -2.6836037625089917       1.0910405702779686        503
  53.557463      30.695001      -0.0000000000000000       0.0000000000000000        505
  56.641564      31.048104      -0.0000000000000000       0.0000000000000000        505
  59.736942      31.402560      -0.0000000000000000       0.0000000000000000        505
  62.843991      31.757338      -0.0000000000000000       0.0000000000000000      50601
  65.963075      32.111393      -0.0000000000000000       0.0000000000000000      50601
  69.094532      32.463673      -0.0000000000000000       0.0000000000000000          0
  72.238662      32.813114      -0.0000000000000000       0.0000000000000000          0
  75.395724      33.158653      -0.0000000000000000       0.0000000000000000          0
  78.565933      33.499221      -3.5327693715356832       1.4906005843332992        501
  81.749454      33.833754      -3.6410625357762969       1.5814696629774148        501
  84.946398      34.161190      -3.7385027332449128       1.6783021223358976        501
  88.156815      34.480480      -3.8246433596713745       1.7808529116262619        501
  91.380691      34.790584      -3.8990643931144744       1.8888289907418552        501
  94.617946      35.090482      -3.9613758527583016       2.0018890588526781        501
  97.868428      35.379170      -0.0000000000000000       0.0000000000000000          0
  101.131908      35.655675      -1.2783577320696642      -0.1537151260492556        602
  104.408083      35.919049      -1.7895830157103494       0.3037157424900293          0
  107.696570      36.168379      -1.4018632626771848       0.0091064917549613          0
  110.996905      36.402792      -1.2381664210984851      -0.0929324619124324          0
  114.308545      36.621455      -1.0707419617451248      -0.1984276497809345          0
  117.630866      36.823586      -0.9032457823839701      -0.3525857957008129          0
  120.963169      37.008453      -0.8210050315873321      -0.4683030568418292          0
  124.304676      37.175379      -0.8564410864840701      -0.4639751064736148          0
  127.654542      37.323750      -0.9546290993231426      -0.3645621407474126          0
  131.011855      37.453014      -1.1202704096706542      -0.1139568306958082          0
  134.375640      37.562686      -0.0000000000000000       0.0000000000000000          0
  32.585968      25.754385      -1.1989789157041884       0.2509139865678972        715
  35.613583      26.071628      -1.2194222624166637       0.2757542750054266        715
  38.648470      26.396829      -1.2364982496618442       0.3016661434123916        715
  41.691062      26.729092      -0.0000000000000000       0.0000000000000000          0
  44.741789      27.067499      -0.0000000000000000       0.0000000000000000          0
  47.801078      27.411106      -2.5564000677769685       1.2231905435067214        503
  50.869351      27.758946      -2.7013854309387888       1.2659095148595472        503
  53.947020      28.110034      -2.8390336982728135       1.3136755013943757        503
  57.034485      28.463366      -0.0000000000000000       0.0000000000000000        505
  60.132128      28.817920      -0.0000000000000000       0.0000000000000000        505
  63.240313      29.172664      -0.0000000000000000       0.0000000000000000      50601
  66.359377      29.526552      -0.0000000000000000       0.0000000000000000      50601
  69.489630      29.878532      -0.0000000000000000       0.0000000000000000          0
  72.631348      30.227543      -0.0000000000000000       0.0000000000000000          0
  75.784770      30.572524      -0.0000000000000000       0.0000000000000000          0
  78.950094      30.912414      -0.0000000000000000       0.0000000000000000          0
  82.127471      31.246152      -3.6531811796199638       1.7406825573660183        501
  85.317000      31.572690      -3.7490511608160046       1.8303738857663197        501
  88.518728      31.890984      -3.8336057947390705       1.9254991031173956        501
  91.732642      32.200008      -0.0000000000000000       0.0000000000000000          0
  94.958667      32.498754      -0.0000000000000000       0.0000000000000000          0
  98.196662      32.786234      -0.0000000000000000       0.0000000000000000          0
  101.446420      33.061487      -1.2809408001785147      -0.1283086136077987        602
  104.707662      33.323583      -1.3035226808516405      -0.0972887257912055          0
  107.980038      33.571626      -1.3245770071098644      -0.0580433094600893          0
  111.263125      33.804758      -1.3391701826932627      -0.0143034706111329          0
  114.556430      34.022166      -1.3508232572681100       0.0311186124038018          0
  117.859385      34.223083      -1.3600323857290162       0.0763437822568878          0
  121.171356      34.406794      -1.2448803702736102      -0.0078294700285812          0
  124.491638      34.572640      -1.2235533378732084      -0.0093121993446220          0
  127.819465      34.720020      -1.2504148175740912       0.0606895543852123          0
  131.154011      34.848398      -1.3213655286665018       0.2212574997204710          0
  134.494397      34.957302      -0.0000000000000000       0.0000000000000000          0
  32.909575      23.163931      -1.2013248487776786       0.2798081391320990        715
  35.946667      23.482080      -1.2214644301310074       0.3022432814932359        715
  38.990193      23.808110      -1.2382045095575696       0.3257114088338823        715
  42.040552      24.141118      -0.0000000000000000       0.0000000000000000          0
  45.098142      24.480175      -0.0000000000000000       0.0000000000000000          0
  48.163359      24.824330      -0.0000000000000000       0.0000000000000000          0
  51.236593      25.172608      -2.7182277267730397       1.4365097491113734        503
  54.318226      25.524018      -2.8550899971092272       1.4791906814864288        503
  57.408629      25.877552      -0.0000000000000000       0.0000000000000000      50602
  60.508157      26.232184      -0.0000000000000000       0.0000000000000000      50602
  63.617147      26.586881      -0.0000000000000000       0.0000000000000000      50602
  66.735913      26.940594      -0.0000000000000000       0.0000000000000000          0
  69.864744      27.292274      -0.0000000000000000       0.0000000000000000          0
  73.003896      27.640861      -0.0000000000000000       0.0000000000000000          0
  76.153591      27.985299      -0.0000000000000000       0.0000000000000000          0
  79.314015      28.324531      -0.0000000000000000       0.0000000000000000          0
  82.485307      28.657504      -3.6645063584169533       1.8939636603801970        501
  85.667563      28.983178      -3.7588848453334087       1.9762941406650518        501
  88.860827      29.300519      -3.8419369096561526       2.0637808830553217        501
  92.065090      29.608512      -0.0000000000000000       0.0000000000000000          0
  95.280286      29.906160      -0.0000000000000000       0.0000000000000000          0
  98.506288      30.192490      -1.1814275735831634      -0.2536611464184269        603
  101.742909      30.466555      -1.3419806508475878      -0.1008183051588801          0
  104.989898      30.727440      -1.3042948231247267      -0.1001321812982035          0
  108.246937      30.974264      -1.3265020113346855      -0.0501680067783024          0
  111.513644      31.206186      -1.3394619555344884      -0.0038990618877957          0
  114.789572      31.422409      -1.3489618306235118       0.0410616517177332          0
  118.074207      31.622181      -1.3561609243307933       0.0850775502954765          0
  121.366975      31.804804      -1.3608584857183768       0.1266235929423301          0
  124.667240      31.969633      -1.3592312012651857       0.1679240860072883          0
  127.974310      32.116081      -1.3525575279434137       0.2094827314802272          0
  131.287438      32.243627      -0.0000000000000000       0.0000000000000000          0
  134.605831      32.351809      -0.0000000000000000       0.0000000000000000          0
  33.220891      20.572842      -1.2035455085046496       0.3074870631795109        715
  36.266912      20.891851      -1.2233889604990040       0.3274392324025461        715
  39.318546      21.218669      -1.2398025238811479       0.3483863419479622        715
  42.376162      21.552380      -0.0000000000000000       0.0000000000000000          0
  45.440126      21.892049      -0.0000000000000000       0.0000000000000000          0
  48.510806      22.236716      -0.0000000000000000       0.0000000000000000          0
  51.588564      22.585401      -0.0000000000000000       0.0000000000000000          0
  54.673757      22.937107      -0.0000000000000000       0.0000000000000000          0
  57.766728      23.290820      -0.0000000000000000       0.0000000000000000      50602
  60.867811      23.645513      -0.0000000000000000       0.0000000000000000      50602
  63.977320      24.000149      -0.0000000000000000       0.0000000000000000      50602
  67.095549      24.353682      -0.0000000000000000       0.0000000000000000          0
  70.222769      24.705060      -0.0000000000000000       0.0000000000000000          0
  73.359220      25.053230      -0.0000000000000000       0.0000000000000000          0
  76.505113      25.397136      -0.0000000000000000       0.0000000000000000          0
  79.660622      25.735728      -0.0000000000000000       0.0000000000000000          0
  82.825883      26.067961      -0.0000000000000000       0.0000000000000000          0
  86.000987      26.392801      -3.7681072292571636       2.1159305650010372        501
  89.185981      26.709225      -3.8497284365124340       2.1955868628614916        501
  92.380862      27.016228      -0.0000000000000000       0.0000000000000000          0
  95.585575      27.312825      -0.0000000000000000       0.0000000000000000          0
  98.800009      27.598056      -1.1847654056015517      -0.2230146959456842        603
  102.023998      27.870988      -1.2651012712544460      -0.1653100036669664          0
  105.257318      28.130718      -1.3126169798778926      -0.0938706114851340          0
  108.499685      28.376383      -1.3324380299819623      -0.0403933376373484          0
  111.750756      28.607155      -1.3426662180069995       0.0072068439023913          0
  115.010127      28.822253      -1.3498927337985611       0.0513394552154797          0
  118.277338      29.020939      -1.3554303513913581       0.0934693011744450          0
  121.551870      29.202531      -1.3595718179247840       0.1322277452932084          0
  124.833152      29.366397      -1.3589437535730458       0.1703783961207636          0
  128.120560      29.511965      -1.3536388255507412       0.2089160857770811          0
  131.413421      29.638723      -0.0000000000000000       0.0000000000000000          0
  134.711021      29.746224      -1.6611124633689052       0.9124059681630051        649
  33.521806      17.981215      -1.2056582131193778       0.3339252865565551        715
  36.576284      18.301047      -1.2252118536778356       0.3513241646481400        715
  39.635567      18.628614      -1.2413067487357563       0.3696805308664032        715
  42.699994      18.962994      -0.0000000000000000       0.0000000000000000          0
  45.769906      19.303242      -1.5665733572813418       1.0084795580604837        710
  48.845645      19.648391      -0.0000000000000000       0.0000000000000000          0
  51.927547      19.997456      -0.0000000000000000       0.0000000000000000          0
  55.015945      20.349433      -0.0000000000000000       0.0000000000000000          0
  58.111163      20.703306      -0.0000000000000000       0.0000000000000000          0
  61.213512      21.058044      -0.0000000000000000       0.0000000000000000          0
  64.323288      21.412609      -0.0000000000000000       0.0000000000000000          0
  67.440768      21.765955      -0.0000000000000000       0.0000000000000000          0
  70.566209      22.117032      -0.0000000000000000       0.0000000000000000          0
  73.699840      22.464788      -0.0000000000000000       0.0000000000000000          0
  76.841861      22.808173      -0.0000000000000000       0.0000000000000000          0
  79.992442      23.146140      -0.0000000000000000       0.0000000000000000          0
  83.151713      23.477654      -0.0000000000000000       0.0000000000000000          0
  86.319767      23.801685      -3.7768052309764939       2.2491360193806273        501
  89.496655      24.117223      -3.8570571526324029       2.3207903137169956        502
  92.682383      24.423271      -0.0000000000000000       0.0000000000000000          0
  95.876907      24.718858      -0.0000000000000000       0.0000000000000000          0
  99.080136      25.003033      -1.1879197487813511      -0.1925032281119613        603
  102.291925      25.274877      -1.2708211483555345      -0.1173539108720432      60401
  105.512076      25.533502      -1.3274804528665929      -0.0847660759339011          0
  108.740340      25.778058      -1.3434158015115938      -0.0276039448138768          0
  111.976410      26.007732      -1.3483972999468841       0.0202652579695326          0
  115.219927      26.221755      -1.3528041393681631       0.0630564330212544          0
  118.470480      26.419407      -1.3570452042352619       0.1024247669644950          0
  121.727604      26.600016      -1.3615811662251902       0.1374214918644148          0
  124.990786      26.762966      -0.0000000000000000       0.0000000000000000          0
  128.259468      26.907696      -0.0000000000000000       0.0000000000000000          0
  131.533046      27.033707      -0.0000000000000000       0.0000000000000000          0
  134.810878      27.140559      -0.0000000000000000       0.0000000000000000          0
  33.814008      15.389137      -1.2076779132914788       0.3590943941825939        715
  36.876532      15.709759      -1.2269468293443595       0.3738769551535978        715
  39.943063      16.038044      -1.2427294772407325       0.3895801944992421        715
  43.013915      16.373063      -0.0000000000000000       0.0000000000000000          0
  46.089403      16.713861      -1.6070495821712354       1.3736275229448707        710
  49.169845      17.059467      -1.9945539893258464       1.3538374014320507        710
  52.255557      17.408887      -0.0000000000000000       0.0000000000000000          0
  55.346850      17.761115      -0.0000000000000000       0.0000000000000000          0
  58.444029      18.115130      -0.0000000000000000       0.0000000000000000          0
  61.547387      18.469900      -0.0000000000000000       0.0000000000000000          0
  64.657205      18.824384      -0.0000000000000000       0.0000000000000000          0
  67.773747      19.177538      -0.0000000000000000       0.0000000000000000          0
  70.897258      19.528312      -0.0000000000000000       0.0000000000000000          0
  74.027957      19.875657      -0.0000000000000000       0.0000000000000000          0
  77.166041      20.218528      -0.0000000000000000       0.0000000000000000          0
  80.311672      20.555885      -0.0000000000000000       0.0000000000000000          0
  83.464982      20.886695      -0.0000000000000000       0.0000000000000000          0
  86.626068      21.209941      -0.0000000000000000       0.0000000000000000          0
  89.794986      21.524618      -3.8639879524196630       2.4392541670161183        502
  92.971751      21.829742      -0.0000000000000000       0.0000000000000000          0
  96.156335      22.124350      -0.0000000000000000       0.0000000000000000          0
  99.348665      22.407506      -1.1909168366391101      -0.1621535312021501        603
  102.548618      22.678303      -1.2756286754040898      -0.0636414423993076      60401
  105.756027      22.935864      -1.3335097964296678      -0.0402682281852825      60405
  108.970671      23.179354      -1.3585416050796641      -0.0078594878142197          0
  112.192283      23.407973      -1.3541234202929848       0.0374590565390342          0
  115.420546      23.620966      -1.3556217024987605       0.0774717573033034          0
  118.655094      23.817627      -1.3617767208590912       0.1109433388322936        612
  121.895515      23.997296      -0.0000000000000000       0.0000000000000000          0
  125.141353      24.159369      -0.0000000000000000       0.0000000000000000          0
  128.392108      24.303298      -0.0000000000000000       0.0000000000000000          0
  131.647242      24.428593      -0.0000000000000000       0.0000000000000000          0
  134.906183      24.534827      -0.0000000000000000       0.0000000000000000          0
  34.099017      12.796687      -1.2096176370864600       0.3829637830500808        715
  37.169231      13.118071      -1.2286057533866137       0.3950741200454193        715
  40.242663      13.447047      -1.2440812426915273       0.4080690265280497        715
  43.319600      13.782678      -0.0000000000000000       0.0000000000000000          0
  46.400338      14.124003      -1.2215385885405619       0.9931504344857129        709
  49.485171      14.470042      -1.1945524289836633       1.0107973495475067        709
  52.574397      14.819797      -1.1640585601615347       1.0288180617831637        709
  55.668308      15.172258      -0.0000000000000000       0.0000000000000000          0
  58.767192      15.526400      -0.0000000000000000       0.0000000000000000          0
  61.871329      15.881188      -0.0000000000000000       0.0000000000000000          0
  64.980986      16.235583      -0.0000000000000000       0.0000000000000000          0
  68.096416      16.588539      -0.0000000000000000       0.0000000000000000          0
  71.217856      16.939008      -0.0000000000000000       0.0000000000000000          0
  74.345519      17.285945      -0.0000000000000000       0.0000000000000000          0
  77.479596      17.628309      -0.0000000000000000       0.0000000000000000          0
  80.620250      17.965064      -0.0000000000000000       0.0000000000000000          0
  83.767616      18.295185      -0.0000000000000000       0.0000000000000000          0
  86.921793      18.617663      -0.0000000000000000       0.0000000000000000          0
  90.082846      18.931501      -0.0000000000000000       0.0000000000000000          0
  93.250804      19.235726      -0.0000000000000000       0.0000000000000000          0
  96.425653      19.529385      -0.0000000000000000       0.0000000000000000          0
  99.607339      19.811553      -0.0000000000000000       0.0000000000000000          0
  102.795764      20.081334      -1.2802331803345484      -0.0103332914932177        604
  105.990787      20.337868      -1.3375843262177545       0.0099826043655437        604
  109.192221      20.580328      -1.3908796549662537       0.0322936556992496      60405
  112.399834      20.807929      -0.0000000000000000       0.0000000000000000          0
  115.613349      21.019930      -0.0000000000000000       0.0000000000000000          0
  118.832448      21.215635      -0.0000000000000000       0.0000000000000000          0
  122.056766      21.394399      -0.0000000000000000       0.0000000000000000          0
  125.285900      21.555630      -0.0000000000000000       0.0000000000000000          0
  128.519408      21.698789      -0.0000000000000000       0.0000000000000000          0
  131.756814      21.823398      -0.0000000000000000       0.0000000000000000          0
  134.997608      21.929038      -0.0000000000000000       0.0000000000000000          0
  34.378223      10.203937      -1.2114888457307420       0.4055012691052581        715
  37.455820      10.526059      -1.2301989767629338       0.4148904540433689        715
  40.535848      10.855704      -0.0000000000000000       0.0000000000000000          0
  43.618575      11.191925      -1.2428399480863279       0.9683038291396481        709
  46.704274      11.533754      -1.2190357732435311       0.9828875498885881        709
  49.793222      11.880207      -1.1916661091156260       0.9979695315747319        709
  52.885697      12.230279      -1.1607965056869824       1.0134921816748808        709
  55.981978      12.582956      -0.0000000000000000       0.0000000000000000          0
  59.082337      12.937211      -0.0000000000000000       0.0000000000000000          0
  62.187042      13.292007      -0.0000000000000000       0.0000000000000000          0
  65.296351      13.646303      -0.0000000000000000       0.0000000000000000          0
  68.410507      13.999055      -0.0000000000000000       0.0000000000000000          0
  71.529741      14.349218      -0.0000000000000000       0.0000000000000000          0
  74.654264      14.695748      -0.0000000000000000       0.0000000000000000          0
  77.784263      15.037608      -0.0000000000000000       0.0000000000000000          0
  80.919904      15.373769      -0.0000000000000000       0.0000000000000000          0
  84.061324      15.703213      -0.0000000000000000       0.0000000000000000          0
  87.208631      16.024937      -0.0000000000000000       0.0000000000000000          0
  90.361900      16.337954      -0.0000000000000000       0.0000000000000000          0
  93.521171      16.641300      -0.0000000000000000       0.0000000000000000          0
  96.686448      16.934033      -1.1600583301156762      -0.1180118566172687      60302
  99.857698      17.215239      -1.1965263800627621      -0.1020741708804197        603
  103.034846      17.484034      -1.2846648017252018       0.0424850790925021        604
  106.217780      17.739568      -1.3415027061805627       0.0597029977053466        604
  109.406344      17.981029      -1.3942911145839489       0.0787634656978341        604
  112.600342      18.207644      -1.3470945289463594       0.0776130453726649        612
  115.799537      18.418684      -0.0000000000000000       0.0000000000000000          0
  119.003652      18.613465      -0.0000000000000000       0.0000000000000000          0
  122.212372      18.791354      -0.0000000000000000       0.0000000000000000          0
  125.425344      18.951770      -0.0000000000000000       0.0000000000000000          0
  128.642182      19.094187      -0.0000000000000000       0.0000000000000000          0
  131.862464      19.218133      -7.2228450092883616       1.3639131628018348        684
  135.085744      19.323200      -7.2229222303014646       1.4971325325900686        684
  34.652914       7.610954      -1.2133017211302652       0.4266735727490503        712
  37.737627       7.933795      -1.2317356071466943       0.4332995394079994        712
  40.823988       8.264088      -1.2612901197687663       0.9467638703519934        709
  43.912244       8.600879      -1.2407286473981580       0.9580908002505051        709
  47.002650       8.943196      -1.2165453806214708       0.9700206644844727        709
  50.095465       9.290044      -1.1888007249467780       0.9825115531766921        709
  53.190953       9.640418      -0.0000000000000000       0.0000000000000000          0
  56.289378       9.993297      -0.0000000000000000       0.0000000000000000          0
  59.391001      10.347651      -0.0000000000000000       0.0000000000000000          0
  62.496081      10.702445      -0.0000000000000000       0.0000000000000000          0
  65.604865      11.056634      -0.0000000000000000       0.0000000000000000          0
  68.717594      11.409177      -0.0000000000000000       0.0000000000000000          0
  71.834492      11.759029      -0.0000000000000000       0.0000000000000000          0
  74.955768      12.105151      -0.0000000000000000       0.0000000000000000          0
  78.081612      12.446511      -0.0000000000000000       0.0000000000000000          0
  81.212192      12.782084      -0.0000000000000000       0.0000000000000000          0
  84.347650      13.110859      -0.0000000000000000       0.0000000000000000          0
  87.488104      13.431840      -0.0000000000000000       0.0000000000000000          0
  90.633639      13.744050      -0.0000000000000000       0.0000000000000000          0
  93.784311      14.046534      -0.0000000000000000       0.0000000000000000          0
  96.940142      14.338359      -1.1631080021914635      -0.0855167859599366      60302
  100.101119      14.618624      -0.0000000000000000       0.0000000000000000          0
  103.267192      14.886455      -1.2889501239950190       0.0947247757159362      60402
  106.438277      15.141015      -1.3452887816547208       0.1088111709565929        604
  109.614249      15.381502      -1.3975848688781118       0.1245892276518846        604
  112.794947      15.607157      -1.3478015160596524       0.0899739220367775        612
  115.980174      15.817262      -0.0000000000000000       0.0000000000000000          0
  119.169694      16.011145      -0.0000000000000000       0.0000000000000000          0
  122.363238      16.188184      -0.0000000000000000       0.0000000000000000          0
  125.560501      16.347810      -0.0000000000000000       0.0000000000000000          0
  128.761149      16.489505      -7.2011977310063564       1.2844848333276979        801
  131.964815      16.612809      -7.2231989642345056       1.3976531012435300        801
  135.171110      16.717321      -7.2226134719634780       1.5128228244268134        801
  34.924300       5.017800      -1.2150654007977919       0.4464467025549270        712
  38.015900       5.341343      -0.0000000000000000       0.0000000000000000          0
  41.108364       5.672268      -1.2595490652915744       0.9367458674576258        709
  44.201920       6.009615      -1.2386141202083654       0.9453383464145913        709
  47.296806       6.352402      -1.2140579064236035       0.9545918923717944        709
  50.393267       6.699631      -0.0000000000000000       0.0000000000000000          0
  53.491553       7.050292      -0.0000000000000000       0.0000000000000000          0
  56.591916       7.403360      -0.0000000000000000       0.0000000000000000          0
  59.694609       7.757803      -0.0000000000000000       0.0000000000000000          0
  62.799881       8.112583      -0.0000000000000000       0.0000000000000000          0
  65.907974       8.466658      -0.0000000000000000       0.0000000000000000          0
  69.019125       8.818985      -0.0000000000000000       0.0000000000000000          0
  72.133556       9.168523      -0.0000000000000000       0.0000000000000000          0
  75.251476       9.514236      -0.0000000000000000       0.0000000000000000          0
  78.373079       9.855095      -0.0000000000000000       0.0000000000000000          0
  81.498537      10.190083      -0.0000000000000000       0.0000000000000000          0
  84.628000      10.518194      -0.0000000000000000       0.0000000000000000          0
  87.761595      10.838441      -0.0000000000000000       0.0000000000000000          0
  90.899422      11.149855      -0.0000000000000000       0.0000000000000000          0
  94.041551      11.451489      -0.0000000000000000       0.0000000000000000          0
  97.188024      11.742422      -1.1660657773534095      -0.0533157650326350      60302
  100.338848      12.021762      -1.2653053602528535       0.0478066644561241        647
  103.494001      12.288648      -1.2931128690630740       0.1462941873405959      60402
  106.653424      12.542253      -1.3489637876870129       0.1572226257574573      60402
  109.817024      12.781787      -1.4007796321199932       0.1696936033589563        604
  112.984676      13.006503      -1.3484758191420632       0.1017248776760586        613
  116.156220      13.215694      -1.3575529416806209       0.1180103195517678        613
  119.331461      13.408700      -0.0000000000000000       0.0000000000000000          0
  122.510173      13.584911      -0.0000000000000000       0.0000000000000000          0
  125.692099      13.743766      -7.1590099977156774       1.2395571862022923        801
  128.876954      13.884758      -7.2023857530863129       1.3321334282609689        801
  132.064425      14.007437      -7.2235213052518006       1.4272965466283971        801
  135.254175      14.111408      -7.2222976503679588       1.5243763565361075        801
  35.193536       2.424535      -1.2167881720170883       0.4647862512991241        712
  38.291827       2.748767      -0.0000000000000000       0.0000000000000000          0
  41.390194       3.080311      -1.2577929841920177       0.9242441194159998        709
  44.488849       3.418199      -1.2364884353177499       0.9300838615955391        709
  47.588014       3.761443      -0.0000000000000000       0.0000000000000000          0
  50.687921       4.109041      -0.0000000000000000       0.0000000000000000          0
  53.788808       4.459976      -0.0000000000000000       0.0000000000000000          0
  56.890919       4.813221      -0.0000000000000000       0.0000000000000000          0
  59.994498       5.167742      -0.0000000000000000       0.0000000000000000          0
  63.099788       5.522500      -0.0000000000000000       0.0000000000000000          0
  66.207028       5.876452      -0.0000000000000000       0.0000000000000000          0
  69.316452       6.228556      -0.0000000000000000       0.0000000000000000          0
  72.428283       6.577775      -0.0000000000000000       0.0000000000000000          0
  75.542733       6.923076      -0.0000000000000000       0.0000000000000000          0
  78.659999       7.263434      -0.0000000000000000       0.0000000000000000          0
  81.780259       7.597837      -0.0000000000000000       0.0000000000000000          0
  84.903675       7.925288      -0.0000000000000000       0.0000000000000000          0
  88.030384       8.244806      -0.0000000000000000       0.0000000000000000          0
  91.160500       8.555430      -0.0000000000000000       0.0000000000000000          0
  94.294111       8.856224      -1.2058612317550113       0.0563074902265156      67352
  97.431277       9.146276      -0.0000000000000000       0.0000000000000000          0
  100.572030       9.424704      -1.2673203549237790       0.0721195229526654        647
  103.716370       9.690658      -1.2924286931088600       0.0815717666348447      64701
  106.864269       9.943323      -1.3525468636802733       0.2048507534072588      60402
  110.015665      10.181921      -1.3362341477403548       0.1006460089777448        613
  113.170466      10.405714      -1.3491217905025785       0.1128557235212330        613
  116.328549      10.614008      -1.3579272293473394       0.1257964614051511        613
  119.489759      10.806155      -7.0112521565296140       1.1612185628251845        801
  122.653914      10.981553      -7.0970189306050715       1.2293165833507254        801
  125.820801      11.139653      -7.1611927450419914       1.3009862314447305        801
  128.990184      11.279958      -7.2035189035905010       1.3756828679145774        801
  132.161798      11.402025      -7.2238153073815656       1.4528261972551026        801
  135.335360      11.505467      -7.2219743058908543       1.5318064216934519        801
  35.461742      -0.168783      -1.2184776342754995       0.4816576140308299        712
  38.566557       0.156128      -1.2360827078266354       0.4798086990788618        713
  41.670654       0.488280      -1.2560152272447582       0.9092912798623738        709
  44.774230       0.826698      -0.0000000000000000       0.0000000000000000          0
  47.877494       1.170388      -0.0000000000000000       0.0000000000000000          0
  50.980665       1.518343      -0.0000000000000000       0.0000000000000000          0
  54.083973       1.869541      -0.0000000000000000       0.0000000000000000          0
  57.187653       2.222953      -0.0000000000000000       0.0000000000000000          0
  60.291943       2.577541      -0.0000000000000000       0.0000000000000000          0
  63.397083       2.932267      -0.0000000000000000       0.0000000000000000          0
  66.503310       3.286088      -0.0000000000000000       0.0000000000000000          0
  69.610858       3.637963      -0.0000000000000000       0.0000000000000000          0
  72.719951       3.986857      -0.0000000000000000       0.0000000000000000          0
  75.830807       4.331740      -0.0000000000000000       0.0000000000000000          0
  78.943627       4.671594      -0.0000000000000000       0.0000000000000000          0
  82.058599       5.005412      -0.0000000000000000       0.0000000000000000          0
  85.175896       5.332203      -0.0000000000000000       0.0000000000000000          0
  88.295667       5.650994      -0.0000000000000000       0.0000000000000000          0
  91.418043       5.960833      -0.0000000000000000       0.0000000000000000          0
  94.543128       6.260792      -0.0000000000000000       0.0000000000000000          0
  97.671004       6.549969      -1.2407686660649389       0.0904245453073034      67352
  100.801726       6.827494      -1.2692847110057954       0.0958166140990568        647
  103.935319       7.092527      -1.2940329416122767       0.1021486748825740      64701
  107.071785       7.344263      -1.3149288090384774       0.1093747036142629      64701
  110.211091       7.581936      -1.3371506205156574       0.1144527359247655      61404
  113.353181       7.804820      -0.0000000000000000       0.0000000000000000          0
  116.497967       8.012230      -0.0000000000000000       0.0000000000000000          0
  119.645334       8.203530      -7.0159712422785159       1.2535861864544118        801
  122.795141       8.378129      -7.1003442215640193       1.3042587360597611        801
  125.947219       8.535487      -7.1633015651767886       1.3582536932048916        801
  129.101377       8.675116      -7.2046042956661429       1.4150829356548988        801
  132.257400       8.796581      -7.2240836641005712       1.4742242696665215        801
  135.415054       8.899504      -7.2216427946828885       1.5351272945555026        801
  35.730020      -2.762097      -1.2201408369303373       0.4970261343004431        712
  38.841219      -2.436515      -1.2374660772562271       0.4923124798401591        713
  41.950898      -2.103763      -0.0000000000000000       0.0000000000000000          0
  45.059239      -1.764823      -0.0000000000000000       0.0000000000000000          0
  48.166439      -1.420696      -0.0000000000000000       0.0000000000000000          0
  51.272708      -1.072395      -0.0000000000000000       0.0000000000000000          0
  54.378268      -0.720943      -0.0000000000000000       0.0000000000000000          0
  57.483347      -0.367375      -1.1086820573786458       0.9017303044682934        704
  60.588179      -0.012728      -0.0000000000000000       0.0000000000000000          0
  63.693004       0.341956      -0.0000000000000000       0.0000000000000000          0
  66.798057       0.695636      -0.0000000000000000       0.0000000000000000          0
  69.903575       1.047274      -0.0000000000000000       0.0000000000000000          0
  73.009785       1.395836      -0.0000000000000000       0.0000000000000000          0
  76.116911       1.740296      -0.0000000000000000       0.0000000000000000          0
  79.225164       2.079642      -0.0000000000000000       0.0000000000000000          0
  82.334741       2.412871      -0.0000000000000000       0.0000000000000000          0
  85.445825       2.738999      -0.0000000000000000       0.0000000000000000          0
  88.558583       3.057063      -0.0000000000000000       0.0000000000000000          0
  91.673159       3.366117      -0.0000000000000000       0.0000000000000000          0
  94.789680       3.665243      -0.0000000000000000       0.0000000000000000          0
  97.908248       3.953551      -0.0000000000000000       0.0000000000000000          0
  101.028940       4.230177      -1.2712077749459296       0.1188567561501012      67301
  104.151810       4.494295      -1.2956005967596296       0.1220678333087001      64701
  107.276886       4.745109      -1.3161586326724342       0.1261071447396093      64701
  110.404170       4.981866      -1.3328125259311330       0.1309275225561876        735
  113.533635       5.203848      -0.0000000000000000       0.0000000000000000          0
  116.665232       5.410384      -0.0000000000000000       0.0000000000000000          0
  119.798884       5.600847      -7.0205781590023371       1.3416347193114171        801
  122.934489       5.774656      -7.1035829901459584       1.3749145839313770        801
  126.071922       5.931281      -7.1653476234297404       1.4112747041010858        801
  129.211037       6.070242      -7.2056481473540632       1.4502826539336420        801
  132.351665       6.191114      -7.2243285749542938       1.4914734109136014        801
  135.493621       6.293524      -7.2213022989253242       1.5343549449284015        801
>