>anchorPlateId 301
>reconstructionTime 97
>DeformingMeshPoints.gpml lat_lon_velocity_domain_28_32.gpml
>MeshNode <identity>GPlates-b7a3af0e-8119-4abb-9ae6-39bb7e5702ce</identity> <revision>GPlates-7b04c5e6-7801-49f1-bcc4-23d6f4e5417f</revision>
> reconstructionPlateId 0
> validTime TimePeriod <begin> TimeInstant <timePosition>http://gplates.org/times/distantPast</timePosition></begin> <end> TimeInstant <timePosition>http://gplates.org/times/distantFuture</timePosition></end>
  41.988544      72.835901      -0.0000000000000000       0.0000000000000000        302
  45.085580      72.859560      -0.0000000000000000       0.0000000000000000        302
  48.186765      72.883650      -0.0000000000000000       0.0000000000000000        302
  51.292187      72.908100      -0.0000000000000000       0.0000000000000000        302
  54.401923      72.932839      -0.0000000000000000       0.0000000000000000        373
  57.516035      72.957795      -0.0000000000000000       0.0000000000000000        372
  60.634575      72.982893      -0.0000000000000000       0.0000000000000000        372
  63.757583      73.008061      -0.0000000000000000       0.0000000000000000        372
  66.885085      73.033222      -0.0000000000000000       0.0000000000000000        372
  70.017093      73.058303      -0.0000000000000000       0.0000000000000000        372
  73.153606      73.083227      -0.0000000000000000       0.0000000000000000        401
  76.294611      73.107921      -0.0000000000000000       0.0000000000000000        401
  79.440078      73.132309      -0.0000000000000000       0.0000000000000000        401
  82.589966      73.156317      -0.0000000000000000       0.0000000000000000        401
  85.744217      73.179873      -0.0000000000000000       0.0000000000000000        401
  88.902760      73.202904      -0.0000000000000000       0.0000000000000000        401
  92.065510      73.225340      -0.0000000000000000       0.0000000000000000        401
  95.232367      73.247111      -0.0000000000000000       0.0000000000000000        401
  98.403217      73.268150      -0.0000000000000000       0.0000000000000000        401
  101.577933      73.288392      -0.0000000000000000       0.0000000000000000        401
  104.756372      73.307774      -0.0000000000000000       0.0000000000000000        401
  107.938382      73.326234      -0.0000000000000000       0.0000000000000000        401
  111.123793      73.343715      -0.0000000000000000       0.0000000000000000        401
  114.312426      73.360163      -0.0000000000000000       0.0000000000000000        401
  117.504089      73.375524      -0.0000000000000000       0.0000000000000000          0
  120.698578      73.389750      -0.0000000000000000       0.0000000000000000          0
  123.895678      73.402797      -0.0000000000000000       0.0000000000000000          0
  127.095167      73.414622      -0.0000000000000000       0.0000000000000000          0
  130.296809      73.425187      -0.0000000000000000       0.0000000000000000          0
  133.500365      73.434460      -0.0000000000000000       0.0000000000000000          0
  136.705583      73.442410      -0.0000000000000000       0.0000000000000000          0
  139.912209      73.449012      -0.0000000000000000       0.0000000000000000          0
  143.119980      73.454244       0.1847001992441812       0.3048089784764476      42201
  42.186060      70.229505      -0.0000000000000000       0.0000000000000000        302
  45.287247      70.253194      -0.0000000000000000       0.0000000000000000        302
  48.392013      70.277310      -0.0000000000000000       0.0000000000000000        302
  51.500429      70.301782      -0.0000000000000000       0.0000000000000000        302
  54.612559      70.326538      -0.0000000000000000       0.0000000000000000        302
  57.728453      70.351505      -0.0000000000000000       0.0000000000000000        302
  60.848155      70.376611      -0.0000000000000000       0.0000000000000000        372
  63.971695      70.401780      -0.0000000000000000       0.0000000000000000        372
  67.099091      70.426938      -0.0000000000000000       0.0000000000000000        372
  70.230353      70.452011      -0.0000000000000000       0.0000000000000000        372
  73.365476      70.476922      -0.0000000000000000       0.0000000000000000        401
  76.504445      70.501597      -0.0000000000000000       0.0000000000000000        401
  79.647233      70.525962      -0.0000000000000000       0.0000000000000000        401
  82.793801      70.549943      -0.0000000000000000       0.0000000000000000        401
  85.944096      70.573468      -0.0000000000000000       0.0000000000000000        401
  89.098056      70.596464      -0.0000000000000000       0.0000000000000000        401
  92.255606      70.618861      -0.0000000000000000       0.0000000000000000        401
  95.416656      70.640591      -0.0000000000000000       0.0000000000000000        401
  98.581109      70.661586      -0.0000000000000000       0.0000000000000000        401
  101.748853      70.681782      -0.0000000000000000       0.0000000000000000        401
  104.919765      70.701117      -0.0000000000000000       0.0000000000000000        401
  108.093713      70.719530      -0.0000000000000000       0.0000000000000000        401
  111.270552      70.736963      -0.0000000000000000       0.0000000000000000        401
  114.450127      70.753363      -0.0000000000000000       0.0000000000000000        401
  117.632274      70.768678      -0.0000000000000000       0.0000000000000000        401
  120.816819      70.782860      -0.0000000000000000       0.0000000000000000        401
  124.003578      70.795864      -0.0000000000000000       0.0000000000000000        401
  127.192362      70.807649      -0.0000000000000000       0.0000000000000000        401
  130.382971      70.818178      -0.0000000000000000       0.0000000000000000      43101
  133.575201      70.827418      -0.0000000000000000       0.0000000000000000      43101
  136.768838      70.835339      -0.0000000000000000       0.0000000000000000          0
  139.963667      70.841916       0.1275578907065432       0.1940988197672200      43202
  143.159466      70.847129       0.1854118711837673       0.1860893870227894      43202
  42.339169      67.622941      -0.0000000000000000       0.0000000000000000        302
  45.443523      67.646653      -0.0000000000000000       0.0000000000000000        302
  48.551009      67.670789      -0.0000000000000000       0.0000000000000000        302
  51.661689      67.695277      -0.0000000000000000       0.0000000000000000        302
  54.775615      67.720046      -0.0000000000000000       0.0000000000000000        302
  57.892832      67.745022      -0.0000000000000000       0.0000000000000000        302
  61.013373      67.770133      -0.0000000000000000       0.0000000000000000        302
  64.137264      67.795304      -0.0000000000000000       0.0000000000000000        302
  67.264519      67.820460      -0.0000000000000000       0.0000000000000000        390
  70.395144      67.845525      -0.0000000000000000       0.0000000000000000        401
  73.529134      67.870426      -0.0000000000000000       0.0000000000000000        401
  76.666473      67.895087      -0.0000000000000000       0.0000000000000000        401
  79.807135      67.919434      -0.0000000000000000       0.0000000000000000        401
  82.951084      67.943394      -0.0000000000000000       0.0000000000000000        401
  86.098274      67.966894      -0.0000000000000000       0.0000000000000000        401
  89.248648      67.989863      -0.0000000000000000       0.0000000000000000        401
  92.402138      68.012230      -0.0000000000000000       0.0000000000000000        401
  95.558668      68.033928      -0.0000000000000000       0.0000000000000000        401
  98.718148      68.054889      -0.0000000000000000       0.0000000000000000        401
  101.880481      68.075050      -0.0000000000000000       0.0000000000000000        401
  105.045560      68.094349      -0.0000000000000000       0.0000000000000000        401
  108.213268      68.112724      -0.0000000000000000       0.0000000000000000        401
  111.383479      68.130121      -0.0000000000000000       0.0000000000000000        401
  114.556058      68.146484      -0.0000000000000000       0.0000000000000000        401
  117.730862      68.161764      -0.0000000000000000       0.0000000000000000        401
  120.907739      68.175911      -0.0000000000000000       0.0000000000000000        401
  124.086531      68.188882      -0.0000000000000000       0.0000000000000000        401
  127.267071      68.200637      -0.0000000000000000       0.0000000000000000      43102
  130.449189      68.211138      -0.0000000000000000       0.0000000000000000      43101
  133.632706      68.220352      -0.0000000000000000       0.0000000000000000      43101
  136.817439      68.228251       0.0702128175594817       0.0797212146822845      43202
  140.003200      68.234810       0.1282763566853180       0.0748952844373294      43204
  143.189799      68.240008       0.1859585068311827       0.0670152230408996      43205
  42.461788      65.016262      -0.0000000000000000       0.0000000000000000        302
  45.568646      65.039993      -0.0000000000000000       0.0000000000000000        302
  48.678276      65.064144      -0.0000000000000000       0.0000000000000000        302
  51.790732      65.088645      -0.0000000000000000       0.0000000000000000        302
  54.906060      65.113424      -0.0000000000000000       0.0000000000000000        302
  58.024298      65.138408      -0.0000000000000000       0.0000000000000000        302
  61.145473      65.163522      -0.0000000000000000       0.0000000000000000        302
  64.269608      65.188694      -0.0000000000000000       0.0000000000000000        390
  67.396713      65.213847      -0.0000000000000000       0.0000000000000000        468
  70.526792      65.238907      -0.0000000000000000       0.0000000000000000        401
  73.659839      65.263800      -0.0000000000000000       0.0000000000000000        401
  76.795839      65.288449      -0.0000000000000000       0.0000000000000000        401
  79.934768      65.312782      -0.0000000000000000       0.0000000000000000        401
  83.076593      65.336725      -0.0000000000000000       0.0000000000000000        401
  86.221272      65.360205      -0.0000000000000000       0.0000000000000000        401
  89.368753      65.383152      -0.0000000000000000       0.0000000000000000        401
  92.518976      65.405495      -0.0000000000000000       0.0000000000000000        401
  95.671871      65.427167      -0.0000000000000000       0.0000000000000000        401
  98.827361      65.448102      -0.0000000000000000       0.0000000000000000        401
  101.985358      65.468235      -0.0000000000000000       0.0000000000000000        401
  105.145766      65.487504      -0.0000000000000000       0.0000000000000000        401
  108.308484      65.505850      -0.0000000000000000       0.0000000000000000        401
  111.473398      65.523218      -0.0000000000000000       0.0000000000000000        401
  114.640390      65.539552      -0.0000000000000000       0.0000000000000000        401
  117.809333      65.554803      -0.0000000000000000       0.0000000000000000        401
  120.980095      65.568922      -0.0000000000000000       0.0000000000000000        401
  124.152535      65.581868      -0.0000000000000000       0.0000000000000000        401
  127.326509      65.593598      -0.0000000000000000       0.0000000000000000      43102
  130.501864      65.604076      -0.0000000000000000       0.0000000000000000      43101
  133.678445      65.613271      -0.0000000000000000       0.0000000000000000      43101
  136.856092      65.621152      -0.0000000000000000       0.0000000000000000      43101
  140.034639      65.627696       0.1288476809858086      -0.0444445205484071      43202
  143.213920      65.632882       0.1863931605841347      -0.0521764084049831      43202
  42.562579      62.409501      -0.0000000000000000       0.0000000000000000        302
  45.671472      62.433246      -0.0000000000000000       0.0000000000000000        302
  48.782842      62.457410      -0.0000000000000000       0.0000000000000000        302
  51.896735      62.481922      -0.0000000000000000       0.0000000000000000        302
  55.013190      62.506709      -0.0000000000000000       0.0000000000000000        302
  58.132242      62.531698      -0.0000000000000000       0.0000000000000000        302
  61.253913      62.556816      -0.0000000000000000       0.0000000000000000        390
  64.378222      62.581988      -0.0000000000000000       0.0000000000000000        390
  67.505179      62.607140      -0.0000000000000000       0.0000000000000000        468
  70.634785      62.632195      -0.0000000000000000       0.0000000000000000        468
  73.767035      62.657081      -0.0000000000000000       0.0000000000000000        401
  76.901913      62.681721      -0.0000000000000000       0.0000000000000000        401
  80.039398      62.706041      -0.0000000000000000       0.0000000000000000        401
  83.179459      62.729970      -0.0000000000000000       0.0000000000000000        401
  86.322057      62.753434      -0.0000000000000000       0.0000000000000000        401
  89.467147      62.776363      -0.0000000000000000       0.0000000000000000        401
  92.614673      62.798687      -0.0000000000000000       0.0000000000000000        401
  95.764573      62.820338      -0.0000000000000000       0.0000000000000000        401
  98.916777      62.841250      -0.0000000000000000       0.0000000000000000        401
  102.071208      62.861359      -0.0000000000000000       0.0000000000000000        401
  105.227778      62.880605      -0.0000000000000000       0.0000000000000000        401
  108.386397      62.898928      -0.0000000000000000       0.0000000000000000        401
  111.546965      62.916271      -0.0000000000000000       0.0000000000000000        401
  114.709375      62.932581      -0.0000000000000000       0.0000000000000000        401
  117.873515      62.947808      -0.0000000000000000       0.0000000000000000        401
  121.039268      62.961906      -0.0000000000000000       0.0000000000000000        401
  124.206507      62.974830      -0.0000000000000000       0.0000000000000000        401
  127.375105      62.986540      -0.0000000000000000       0.0000000000000000        401
  130.544928      62.997000      -0.0000000000000000       0.0000000000000000        401
  133.715835      63.006178      -0.0000000000000000       0.0000000000000000        401
  136.887687      63.014045      -0.0000000000000000       0.0000000000000000        401
  140.060336      63.020577      -0.0000000000000000       0.0000000000000000      43101
  143.233634      63.025753      -0.0000000000000000       0.0000000000000000      43101
  42.647215      59.802678      -0.0000000000000000       0.0000000000000000        302
  45.757803      59.826436      -0.0000000000000000       0.0000000000000000        302
  48.870617      59.850610      -0.0000000000000000       0.0000000000000000        302
  51.985699      59.875131      -0.0000000000000000       0.0000000000000000        302
  55.103084      59.899925      -0.0000000000000000       0.0000000000000000        302
  58.222801      59.924919      -0.0000000000000000       0.0000000000000000        302
  61.344872      59.950040      -0.0000000000000000       0.0000000000000000        390
  64.469311      59.975212      -0.0000000000000000       0.0000000000000000        390
  67.596126      60.000362      -0.0000000000000000       0.0000000000000000        468
  70.725318      60.025414      -0.0000000000000000       0.0000000000000000        401
  73.856882      60.050293      -0.0000000000000000       0.0000000000000000        401
  76.990803      60.074925      -0.0000000000000000       0.0000000000000000        401
  80.127061      60.099236      -0.0000000000000000       0.0000000000000000        401
  83.265628      60.123152      -0.0000000000000000       0.0000000000000000        401
  86.406469      60.146603      -0.0000000000000000       0.0000000000000000        401
  89.549541      60.169516      -0.0000000000000000       0.0000000000000000        401
  92.694795      60.191824      -0.0000000000000000       0.0000000000000000        401
  95.842175      60.213457      -0.0000000000000000       0.0000000000000000        401
  98.991617      60.234351      -0.0000000000000000       0.0000000000000000        401
  102.143050      60.254441      -0.0000000000000000       0.0000000000000000        401
  105.296399      60.273666      -0.0000000000000000       0.0000000000000000        401
  108.451579      60.291969      -0.0000000000000000       0.0000000000000000        401
  111.608502      60.309292      -0.0000000000000000       0.0000000000000000        401
  114.767073      60.325582      -0.0000000000000000       0.0000000000000000        401
  117.927190      60.340790      -0.0000000000000000       0.0000000000000000        401
  121.088747      60.354869      -0.0000000000000000       0.0000000000000000        401
  124.251633      60.367775      -0.0000000000000000       0.0000000000000000        401
  127.415733      60.379468      -0.0000000000000000       0.0000000000000000        401
  130.580926      60.389913      -0.0000000000000000       0.0000000000000000        401
  133.747089      60.399077      -0.0000000000000000       0.0000000000000000        401
  136.914095      60.406932      -0.0000000000000000       0.0000000000000000      43101
  140.081813      60.413454      -0.0000000000000000       0.0000000000000000      43101
  143.250110      60.418622      -0.0000000000000000       0.0000000000000000      43400
  42.719569      57.195809      -0.0000000000000000       0.0000000000000000        302
  45.831594      57.219577      -0.0000000000000000       0.0000000000000000        302
  48.945631      57.243761      -0.0000000000000000       0.0000000000000000        302
  52.061718      57.268289      -0.0000000000000000       0.0000000000000000        302
  55.179886      57.293089      -0.0000000000000000       0.0000000000000000        302
  58.300159      57.318087      -0.0000000000000000       0.0000000000000000        302
  61.422558      57.343210      -0.0000000000000000       0.0000000000000000        390
  64.547095      57.368383      -0.0000000000000000       0.0000000000000000        468
  67.673777      57.393531      -0.0000000000000000       0.0000000000000000        468
  70.802604      57.418579      -0.0000000000000000       0.0000000000000000        468
  73.933570      57.443453      -0.0000000000000000       0.0000000000000000        401
  77.066662      57.468078      -0.0000000000000000       0.0000000000000000        401
  80.201861      57.492380      -0.0000000000000000       0.0000000000000000        401
  83.339142      57.516287      -0.0000000000000000       0.0000000000000000        401
  86.478472      57.539726      -0.0000000000000000       0.0000000000000000        401
  89.619813      57.562626      -0.0000000000000000       0.0000000000000000        401
  92.763120      57.584919      -0.0000000000000000       0.0000000000000000        401
  95.908341      57.606538      -0.0000000000000000       0.0000000000000000        401
  99.055418      57.627415      -0.0000000000000000       0.0000000000000000        401
  102.204289      57.647489      -0.0000000000000000       0.0000000000000000        401
  105.354884      57.666698      -0.0000000000000000       0.0000000000000000        401
  108.507127      57.684983      -0.0000000000000000       0.0000000000000000        401
  111.660939      57.702288      -0.0000000000000000       0.0000000000000000          0
  114.816232      57.718562      -0.0000057606318312       0.0003550966217699          0
  117.972916      57.733753       0.0012079105616893       0.0271577325226429          0
  121.130895      57.747816       0.0056385290503009       0.0519598534586789          0
  124.290070      57.760707       0.0142949741468543       0.0688272853619572          0
  127.450336      57.772386       0.0238123719777169       0.0704768880197178          0
  130.611585      57.782818       0.0322624778999486       0.0668033664916997          0
  133.773705      57.791970       0.0325297756599265       0.0563002982663297          0
  136.936583      57.799815       0.0199251331031755       0.0312058528409641          0
  140.100100      57.806328      -0.0000000000000000       0.0000000000000000      43400
  143.264139      57.811489      -0.0000000000000000       0.0000000000000000          0
  42.782375      54.588904      -0.0000000000000000       0.0000000000000000        302
  45.895639      54.612681      -0.0000000000000000       0.0000000000000000        302
  49.010730      54.636873      -0.0000000000000000       0.0000000000000000        302
  52.127680      54.661407      -0.0000000000000000       0.0000000000000000        302
  55.246518      54.686212      -0.0000000000000000       0.0000000000000000        302
  58.367265      54.711214      -0.0000000000000000       0.0000000000000000        302
  61.489939      54.736338      -0.0000000000000000       0.0000000000000000        390
  64.614552      54.761512      -0.0000000000000000       0.0000000000000000        468
  67.741109      54.786658      -0.0000000000000000       0.0000000000000000        468
  70.869609      54.811704      -0.0000000000000000       0.0000000000000000        468
  74.000048      54.836573      -0.0000000000000000       0.0000000000000000        468
  77.132413      54.861192      -0.0000000000000000       0.0000000000000000        401
  80.266686      54.885487      -0.0348435481211605      -0.0085102640784936          0
  83.402844      54.909384      -0.0604137762738576      -0.0123638609162567          0
  86.540857      54.932813      -0.0714758726184661      -0.0118463892278784          0
  89.680690      54.955703      -0.0695490253561382      -0.0088541830701766          0
  92.822302      54.977983      -0.0541644931663403      -0.0048381131788268          0
  95.965646      54.999588      -0.0245942587671311      -0.0012749339120389          0
  99.110670      55.020452      -0.0000000000000000       0.0000000000000000        401
  102.257315      55.040511      -0.0000000000000000       0.0000000000000000        401
  105.405520      55.059705      -0.0000000000000000       0.0000000000000000        401
  108.555215      55.077976      -0.0000000000000000       0.0000000000000000          0
  111.706328      55.095266      -0.0045498072407826       0.0760240313475274          0
  114.858781      55.111525      -0.0006433209802182       0.1601740517751067          0
  118.012490      55.126702       0.0140355384718342       0.2196578949077718          0
  121.167370      55.140751       0.0377369999345563       0.2616691117024107          0
  124.323331      55.153628       0.0676844887891111       0.2928433647010018          0
  127.480277      55.165295       0.1024690989854988       0.3153952463169084          0
  130.638111      55.175716       0.1409174372300970       0.3294125401623126          0
  133.796732      55.184858       0.1841543993532648       0.3416201908334555          0
  136.956038      55.192694       0.2314127495696620       0.3614497674624043          0
  140.115921      55.199200       0.2761930480320485       0.3899205805690117          0
  143.276275      55.204355       0.2877278722102474       0.3704200759200010          0
  42.837621      51.981970      -0.0000000000000000       0.0000000000000000        302
  45.951969      52.005755      -0.0000000000000000       0.0000000000000000        302
  49.067980      52.029954      -0.0000000000000000       0.0000000000000000        302
  52.185682      52.054494      -0.0000000000000000       0.0000000000000000        302
  55.305102      52.079303      -0.0000000000000000       0.0000000000000000        302
  58.426258      52.104308      -0.0000000000000000       0.0000000000000000        302
  61.549168      52.129434      -0.0000000000000000       0.0000000000000000        390
  64.673840      52.154607      -0.0000000000000000       0.0000000000000000        465
  67.800280      52.179753      -0.0000000000000000       0.0000000000000000        458
  70.928487      52.204796      -0.0000000000000000       0.0000000000000000        459
  74.058455      52.229661      -0.0145042811166045      -0.0046607685867550          0
  77.190173      52.254275      -0.0842655568355931      -0.0236710942921903          0
  80.323626      52.278563      -0.1354376939515586      -0.0326644013555106          0
  83.458791      52.302453      -0.1665784287393950      -0.0336715549021590          0
  86.595641      52.325873      -0.1796128938169128      -0.0294028938324972          0
  89.734144      52.348752      -0.1758203132304426      -0.0221291093207906          0
  92.874262      52.371022      -0.1568466367434274      -0.0139058696837007          0
  96.015953      52.392615      -0.1227555166402859      -0.0033980023400677          0
  99.159169      52.413467      -0.0741546598204090       0.0161725488956620          0
  102.303857      52.433514      -0.0178836684551751       0.0324553924478656          0
  105.449960      52.452695      -0.0164686400448603       0.0697851238751718          0
  108.597415      52.470952      -0.0262262156475225       0.1837413044545179          0
  111.746157      52.488230      -0.0219122127857432       0.2959100700543930          0
  114.896113      52.504475      -0.0030622559927361       0.3827995710094073          0
  118.047210      52.519640       0.0288743914496955       0.4465821636503049          0
  121.199369      52.533676       0.0702300461656275       0.4921765081291061          0
  124.352508      52.546542       0.1190128878090424       0.5253776178666063          0
  127.506540      52.558199       0.1736016267251467       0.5497182178774324          0
  130.661378      52.568609       0.2344994319145402       0.5687034168288422          0
  133.816929      52.577743       0.3047881554370029       0.5885759259716620          0
  136.973101      52.585571       0.3898205250295204       0.6239850266515010          0
  140.129797      52.592070       0.4998535222061460       0.7022643424887938          0
  143.286919      52.597219       0.6437803528485164       0.8269908309800014          0
  42.886786      49.375013      -0.0000000000000000       0.0000000000000000        302
  46.002094      49.398805      -0.0000000000000000       0.0000000000000000        302
  49.118918      49.423010      -0.0000000000000000       0.0000000000000000        302
  52.237284      49.447555      -0.0000000000000000       0.0000000000000000        302
  55.357216      49.472368      -0.0000000000000000       0.0000000000000000        302
  58.478732      49.497376      -0.0000000000000000       0.0000000000000000        302
  61.601845      49.522503      -0.0000000000000000       0.0000000000000000        390
  64.726564      49.547677      -0.0000000000000000       0.0000000000000000        458
  67.852894      49.572821      -0.0000000000000000       0.0000000000000000        458
  70.980834      49.597862      -0.0000000000000000       0.0000000000000000        460
  74.110379      49.622723      -0.1029213232393517      -0.0327335437054958          0
  77.241518      49.647332      -0.1882457729415085      -0.0523496241178503          0
  80.374236      49.671614      -0.2494850857709742      -0.0595675372805061          0
  83.508513      49.695497      -0.2863292603706803      -0.0572923521885741          0
  86.644325      49.718909      -0.3007962766012905      -0.0487542134770852          0
  89.781641      49.741780      -0.2947548883040299      -0.0368086950578075          0
  92.920428      49.764040      -0.2744792763943766      -0.0056627407976078          0
  96.060646      49.785624      -0.2427253051170626       0.0605626474886269          0
  99.202251      49.806464      -0.1981191570550846       0.1510649640508860          0
  102.345196      49.826500      -0.1464454186512786       0.2673768250116799          0
  105.489429      49.845669      -0.1056806895183924       0.3988400933012205          0
  108.634892      49.863915      -0.0768816202340283       0.4823421642036969          0
  111.781525      49.881181      -0.0482447268777644       0.5636981485918707          0
  114.929263      49.897415      -0.0098305331355656       0.6346851952493696          0
  118.078038      49.912568       0.0397690040261301       0.6917415720553668          0
  121.227779      49.926594       0.0982525630843123       0.7327607034248227          0
  124.378411      49.939450       0.1640318329047160       0.7600398496397652          0
  127.529855      49.951096       0.2360160593203790       0.7770632536380874          0
  130.682032      49.961498       0.3144437829003258       0.7866853148368787          0
  133.834858      49.970624       0.4031752769167991       0.7961111487085901          0
  136.988247      49.978445       0.5098517724860293       0.8245099282681707          0
  140.142113      49.984938       0.6524324795345843       0.9139881176255498          0
  143.296366      49.990083      -0.0000000000000000       0.0000000000000000          0
  42.930995      46.768037      -0.0000000000000000       0.0000000000000000        301
  46.047162      46.791836      -0.0000000000000000       0.0000000000000000        302
  49.164713      46.816046      -0.0000000000000000       0.0000000000000000        302
  52.283672      46.840596      -0.0000000000000000       0.0000000000000000        302
  55.404060      46.865412      -0.0000000000000000       0.0000000000000000        302
  58.525894      46.890422      -0.0000000000000000       0.0000000000000000        302
  61.649185      46.915551      -0.0000000000000000       0.0000000000000000        467
  64.773943      46.940725      -0.0000000000000000       0.0000000000000000        466
  67.900169      46.965868      -0.0000000000000000       0.0000000000000000        459
  71.027865      46.990906      -0.0782507077289476      -0.0277979769952193          0
  74.157025      47.015765      -0.2054953963939823      -0.0648257793355970          0
  77.287639      47.040369      -0.3064509537059494      -0.0845702555096691          0
  80.419693      47.064646      -0.3784776206213898      -0.0896688776195410          0
  83.553169      47.088523      -0.4199218167398923      -0.0833547348920581          0
  86.688044      47.111928      -0.4336506734878050      -0.0697477040275132          0
  89.824291      47.134790      -0.4232537097075644      -0.0489229238224745          0
  92.961878      47.157042      -0.4017905536147686       0.0213757857668844          0
  96.100770      47.178616      -0.3688340930370203       0.1440456142761830          0
  99.240927      47.199447      -0.3223966741136226       0.3086880726223370          0
  102.382305      47.219473      -0.2638932841006360       0.5074138429789493          0
  105.524856      47.238632      -0.1994972246591567       0.6926687132983272          0
  108.668528      47.256867      -0.1363654885126290       0.7976609120882506          0
  111.813267      47.274123      -0.0809847311066844       0.8511565434954764          0
  114.959012      47.290346      -0.0213727540300788       0.9036404808785428          0
  118.105702      47.305489       0.0456936004514929       0.9484000114966854          0
  121.253272      47.319506       0.1205848628633206       0.9806846273539623          0
  124.401653      47.332352       0.2018732091340228       0.9965046094327176          0
  127.550774      47.343990       0.2888231648163256       0.9992126124553169          0
  130.700563      47.354384       0.3815437050423799       0.9881056314898751          0
  133.850942      47.363503       0.4823364571641408       0.9673731543294044          0
  137.001835      47.371318       0.5954625771999569       0.9549152179228519          0
  140.153162      47.377806       0.6741179672967150       0.2448662017227959        625
  143.304841      47.382946      -0.0000000000000000       0.0000000000000000          0
  42.971120      44.161046      -0.0000000000000000       0.0000000000000000        301
  46.088063      44.184851      -0.0000000000000000       0.0000000000000000        301
  49.206270      44.209066      -0.0000000000000000       0.0000000000000000        301
  52.325764      44.233620      -0.0000000000000000       0.0000000000000000        301
  55.446562      44.258439      -0.0000000000000000       0.0000000000000000        301
  58.568681      44.283451      -0.0000000000000000       0.0000000000000000        302
  61.692130      44.308581      -0.0000000000000000       0.0000000000000000        467
  64.816918      44.333755      -0.0000000000000000       0.0000000000000000        466
  67.943048      44.358897      -0.0000000000000000       0.0000000000000000        466
  71.070519      44.383934      -0.1779330922673748      -0.0627298595300875          0
  74.199325      44.408789      -0.3252204639678069      -0.1019508268091704          0
  77.329460      44.433390      -0.4420908964072126      -0.1213447481624750          0
  80.460908      44.457662      -0.5229892608510542      -0.1232322339413250          0
  83.593654      44.481533      -0.5674536078303945      -0.1119544030440822          0
  86.727677      44.504931      -0.5757038485876362      -0.0920516013130132          0
  89.862951      44.527787      -0.5554459395437497      -0.0658486955574492          0
  92.999449      44.550031      -0.5282386658427827       0.0372801061056349          0
  96.137137      44.571596      -0.4941301756643217       0.2273078212201216          0
  99.275978      44.592419      -0.4460805764140067       0.4778705801553188          0
  102.415933      44.612435      -0.3792950452641145       0.7612309063485603          0
  105.556958      44.631585      -0.2944212673454257       1.0082909104869042          0
  108.699006      44.649810      -0.2049638642033655       1.1297200678367700          0
  111.842026      44.667056      -0.1207226907866823       1.1528452262616147          0
  114.985964      44.683271      -0.0374500144921639       1.1815889905085006          0
  118.130764      44.698405       0.0473135941802693       1.2093447530645929          0
  121.276365      44.712412       0.1369431387843487       1.2313055478745771          0
  124.422707      44.725250       0.2325043657752159       1.2391348316074859          0
  127.569723      44.736881       0.3329254228481473       1.2255910811306210          0
  130.717347      44.747267       0.4366773568056286       1.1772213719753155          0
  133.865511      44.756379       0.5402544262348080       1.0846964723194659          0
  137.014142      44.764189      -0.0000000000000000       0.0000000000000000          0
  140.163169      44.770672       0.6735478132466946       0.4759161628250861        625
  143.312517      44.775809      -0.0000000000000000       0.0000000000000000          0
  43.007847      41.554042      -0.0000000000000000       0.0000000000000000        526
  46.125498      41.577852      -0.0000000000000000       0.0000000000000000        301
  49.244303      41.602072      -0.0000000000000000       0.0000000000000000        301
  52.364282      41.626629      -0.0000000000000000       0.0000000000000000        301
  55.485453      41.651452      -0.0000000000000000       0.0000000000000000        301
  58.607829      41.676465      -0.0000000000000000       0.0000000000000000        301
  61.731421      41.701597      -0.0000000000000000       0.0000000000000000        390
  64.856234      41.726770      -0.0000000000000000       0.0000000000000000        467
  67.982271      41.751912      -0.0870920750940637      -0.0302773232769478          0
  71.109533      41.776946      -0.3232338548251403      -0.0880010810444751          0
  74.238014      41.801799      -0.4702405823439007      -0.1466847185300280          0
  77.367706      41.826396      -0.6068706648087383      -0.1660092630104405          0
  80.498598      41.850664      -0.6865186276343870      -0.1613196880275306        580
  83.630674      41.874530      -0.6905019516612103      -0.1361814405117529        580
  86.763915      41.897922      -0.6924227154236797      -0.1109032697266218        580
  89.898298      41.920771      -0.6861490534643984      -0.0849877436375400          0
  93.033796      41.943008      -0.6457767337628313       0.0236573131463767          0
  96.170380      41.964566      -0.6192512868966055       0.3048651078498996          0
  99.308017      41.985380      -0.5631652465042939       0.6119147042861094          0
  102.446670      42.005388      -0.4718994405191030       0.9407050735597137          0
  105.586299      42.024529      -0.3842714149642769       1.3262112487835247          0
  108.726860      42.042746      -0.2781812266764265       1.4649878127495752          0
  111.868308      42.059983      -0.1712129272817796       1.4767948214730189          0
  115.010593      42.076189      -0.0631797741167825       1.4804857528247015          0
  118.153664      42.091315       0.0450320796469930       1.4751099860578851          0
  121.297466      42.105314       0.1509143802793539       1.4736553265308432          0
  124.441943      42.118145       0.2582205252893071       1.4719437344099529          0
  127.587036      42.129768       0.3697864958874499       1.4865016835053173          0
  130.732682      42.140148       0.4726534125622883       1.3422895990700845          0
  133.878820      42.149255       0.5442466048524781       0.9501459631265118          0
  137.025385      42.157059      -0.0000000000000000       0.0000000000000000          0
  140.172311      42.163538       0.6730269244136238       0.7059954538063455        626
  143.319529      42.168671      -0.0000000000000000       0.0000000000000000          0
  43.041724      38.947027      -0.0000000000000000       0.0000000000000000        526
  46.160025      38.970843      -0.0000000000000000       0.0000000000000000        526
  49.279379      38.995066      -0.0000000000000000       0.0000000000000000        301
  52.399804      39.019627      -0.0000000000000000       0.0000000000000000        301
  55.521316      39.044452      -0.0000000000000000       0.0000000000000000        301
  58.643928      39.069468      -0.0000000000000000       0.0000000000000000        301
  61.767647      39.094600      -0.0000000000000000       0.0000000000000000        301
  64.892481      39.119773      -0.0000000000000000       0.0000000000000000        301
  68.018431      39.144914      -0.5477759207998876       0.0475033394127410          0
  71.145497      39.169947      -1.0411708542285352       0.0655367999776772          0
  74.273675      39.194797      -0.9694417473083383      -0.0615009417844399          0
  77.402958      39.219391      -0.6805662401454315      -0.1854900732500244        580
  80.533335      39.243655      -0.6865740795402111      -0.1618638573296473        580
  83.664790      39.267516      -0.6905339987744117      -0.1380328061016997        580
  86.797308      39.290903      -0.6924320419097267      -0.1140685402940632        580
  89.930867      39.313745      -0.6922604443386764      -0.0900434490638781        580
  93.065443      39.335975      -0.9390690840835800       0.1457503903539028          0
  96.201009      39.357526      -0.9312892996774274       0.4502025924065479          0
  99.337534      39.378333      -0.7922671020300658       0.7183589426002663          0
  102.474985      39.398333      -0.5840921141913806       0.9554651653104834          0
  105.613326      39.417467      -0.3721888852500261       1.1609812093566336          0
  108.752516      39.435675      -0.2485196562261582       1.2905527533877332          0
  111.892515      39.452905      -0.1455620033657002       1.2997539846248800          0
  115.033277      39.469103      -0.0430681109781349       1.3121939147581669          0
  118.174755      39.484221       0.0598139536133956       1.3235902014824767          0
  121.316900      39.498213       0.1638260067115711       1.3234062401276974          0
  124.459659      39.511036       0.2682451454777645       1.2953411889768236          0
  127.602979      39.522653       0.3703587222959208       1.2339506851069677          0
  130.746804      39.533027       0.4658742258805125       1.1123375003043265          0
  133.891076      39.542128      -0.0000000000000000       0.0000000000000000          0
  137.035738      39.549928      -0.0000000000000000       0.0000000000000000          0
  140.180728      39.556402       0.6725472773086851       0.9346259801861727        626
  143.325986      39.561533       0.4924057690095146       0.9138074293720028        625
  43.073196      36.340004      -2.4748137144258129       0.1100428667990988        503
  46.192099      36.363823      -0.0000000000000000       0.0000000000000000        505
  49.311961      36.388051      -0.0000000000000000       0.0000000000000000        505
  52.432799      36.412615      -0.0000000000000000       0.0000000000000000        505
  55.554625      36.437442      -0.0000000000000000       0.0000000000000000        505
  58.677453      36.462459      -0.0000000000000000       0.0000000000000000        505
  61.801289      36.487592      -0.0000000000000000       0.0000000000000000        301
  64.926139      36.512766      -0.0000000000000000       0.0000000000000000        301
  68.052006      36.537906      -1.6595363215618191       0.3286093408506822          0
  71.178889      36.562937      -2.7079697533618075       0.5026729863472911          0
  74.306784      36.587785      -2.6243532640645153       0.4636337355198563          0
  77.435684      36.612376      -1.2467438636808046       0.0421003244750875          0
  80.565580      36.636636      -0.7384416942627077      -0.1387558992656743          0
  83.696458      36.660492      -0.7466668664288265      -0.1116749380955797          0
  86.828303      36.683874      -1.1472569543257767       0.1198650789687543          0
  89.961095      36.706711      -1.4499814050054536       0.2972186242520264          0
  93.094813      36.728935      -1.6354384960898032       0.4977427443898419          0
  96.229432      36.750480      -1.5119026412660252       0.6961159371270766          0
  99.364924      36.771279      -1.1806846598201819       0.8450586528962963          0
  102.501259      36.791272      -0.7630099858073188       0.9395864066775930          0
  105.638403      36.810398      -0.3836248281229974       0.9998156614841083          0
  108.776321      36.828600      -0.2094856537598235       1.0663695456178306          0
  111.914974      36.845822      -0.1131213406726586       1.0761663984231780          0
  115.054322      36.862013      -0.0183643279571163       1.0971946992395702          0
  118.194321      36.877123       0.0776961185992706       1.1151538669160848          0
  121.334927      36.891108       0.1760130221618051       1.1098123135850990          0
  124.476092      36.903925       0.2744510059709557       1.0755987026552014          0
  127.617767      36.915536       0.3702747995285661       1.0068907403812402          0
  130.759902      36.925905       0.4593698871571342       0.8841453550768943          0
  133.902445      36.935001      -0.0000000000000000       0.0000000000000000          0
  137.045341      36.942796      -0.0000000000000000       0.0000000000000000          0
  140.188536      36.949267      -0.0000000000000000       0.0000000000000000          0
  143.331974      36.954394       0.4920611961291397       1.1416857876408328        627
  43.102628      33.732972      -2.4765072487168305       0.3005180220064063        503
  46.222093      33.756796      -2.6522103431106148       0.3763861345313392        503
  49.342428      33.781027      -0.0000000000000000       0.0000000000000000        505
  52.463649      33.805594      -0.0000000000000000       0.0000000000000000        505
  55.585768      33.830424      -0.0000000000000000       0.0000000000000000        505
  58.708795      33.855442      -0.0000000000000000       0.0000000000000000        505
  61.832738      33.880576      -0.0000000000000000       0.0000000000000000        506
  64.957602      33.905750      -0.0000000000000000       0.0000000000000000        506
  68.083389      33.930889      -2.5931078565238872       0.6259914422225164          0
  71.210099      33.955919      -3.6005821496923165       0.8361835381894531        501
  74.337727      33.980765      -3.7435776196572896       0.9465795968123572        501
  77.466268      34.005353      -3.1607545030314030       0.8305291931756009          0
  80.595713      34.029609      -2.2824885672129325       0.5713627455743802          0
  83.726049      34.053461      -2.0180693686692499       0.5183988976755940          0
  86.857264      34.076838      -2.1447524423036817       0.6309560425113774          0
  89.989338      34.099670      -2.3667009542740942       0.7794898883460252          0
  93.122253      34.121888      -2.5051226980118075       0.9313146655702337          0
  96.255986      34.143426      -2.2652289905433185       1.0342373354368462          0
  99.390512      34.164220      -1.6870939834089498       1.0418569021303590          0
  102.525802      34.184206      -0.9649622619476668       0.9572321489990232          0
  105.661828      34.203325      -0.3544153482367284       0.8504682781843300          0
  108.798555      34.221520      -0.1706337690315481       0.8393663196365376          0
  111.935951      34.238735      -0.0814859488817352       0.8526501499527626          0
  115.073977      34.254919       0.0051097912111345       0.8860237145131141          0
  118.212594      34.270023       0.0942902936920673       0.9134488352480332          0
  121.351762      34.284001       0.1870212812571869       0.9113312183557309          0
  124.491438      34.296812       0.2800521972786754       0.8827948463985744          0
  127.631577      34.308417       0.3709693516235608       0.8274492636289031          0
  130.772134      34.318781       0.4573649995307516       0.7442511807513562          0
  133.913060      34.327872      -0.0000000000000000       0.0000000000000000          0
  137.054308      34.335663      -0.0000000000000000       0.0000000000000000          0
  140.195826      34.342131      -0.0000000000000000       0.0000000000000000          0
  143.337566      34.347255      -0.0000000000000000       0.0000000000000000          0
  43.130323      31.125934      -2.4781002429979582       0.4902369824060744        503
  46.250315      31.149762      -2.6537648260319302       0.5608077579454205        503
  49.371094      31.173996      -2.8216035602689002       0.6363121246833121        503
  52.492673      31.198566      -0.0000000000000000       0.0000000000000000        505
  55.615066      31.223398      -0.0000000000000000       0.0000000000000000        505
  58.738279      31.248418      -0.0000000000000000       0.0000000000000000        505
  61.862322      31.273552      -0.0000000000000000       0.0000000000000000      50601
  64.987197      31.298726      -0.0000000000000000       0.0000000000000000      50601
  68.112907      31.323865      -0.0000000000000000       0.0000000000000000      50601
  71.239452      31.348893      -3.6019747243794846       1.0110006821588076        501
  74.366827      31.373737      -3.7448563670965265       1.1137669369657359        501
  77.495029      31.398322      -3.8766169836174820       1.2206316761121303        501
  80.624048      31.422575      -3.5641155194084169       1.1776616709855146          0
  83.753874      31.446423      -3.2084222960693327       1.1065139038222314          0
  86.884494      31.469796      -3.1423439704643021       1.1490885164299529          0
  90.015892      31.492623      -3.2605674010164059       1.2620334525705046          0
  93.148051      31.514835      -3.4972276415268273       1.4319412261748454          0
  96.280949      31.536368      -3.3063060968280555       1.5083222461248973          0
  99.414565      31.557155      -2.2989147417097344       1.3113395950658633          0
  102.548873      31.577135      -1.0824360875681258       0.9667744991359037          0
  105.683846      31.596248      -0.2410850558893417       0.6933172062526817          0
  108.819454      31.614436      -0.1546025290784200       0.6953928084507258          0
  111.955667      31.631644      -0.0662996442242229       0.7009139564819203          0
  115.092450      31.647822       0.0227659383403888       0.7057249920277855          0
  118.229768      31.662920       0.1090239368040246       0.7216261582700746          0
  121.367584      31.676892       0.1965786324955429       0.7291079883189738          0
  124.505860      31.689698       0.2847330961490610       0.7156337392092490          0
  127.644555      31.701297       0.3719034997939986       0.6896615999811184          0
  130.783628      31.711656      -0.0000000000000000       0.0000000000000000          0
  133.923035      31.720743      -0.0000000000000000       0.0000000000000000          0
  137.062733      31.728530      -0.0000000000000000       0.0000000000000000          0
  140.202677      31.734994      -0.0000000000000000       0.0000000000000000          0
  143.342821      31.740116      -0.0000000000000000       0.0000000000000000          0
  43.156536      28.518890      -2.4796074483464636       0.6788180346356010        503
  46.277025      28.542722      -2.6552354454223099       0.7439340588758383        503
  49.398222      28.566960      -2.8230265759329969       0.8136139026413493        503
  52.520140      28.591532      -2.9824781290586260       0.8876668231732934        503
  55.642790      28.616366      -0.0000000000000000       0.0000000000000000        505
  58.766178      28.641387      -0.0000000000000000       0.0000000000000000        505
  61.890313      28.666522      -0.0000000000000000       0.0000000000000000        505
  65.015197      28.691696      -0.0000000000000000       0.0000000000000000      50601
  68.140833      28.716834      -3.4498243832988034       1.0926892433315396        501
  71.267220      28.741861      -3.6032912606601171       1.1835345594647741        501
  74.394356      28.766703      -3.7460651357199599       1.2784522998989489        501
  77.522234      28.791285      -3.8777127592017009       1.3771691529071783        501
  80.650849      28.815535      -3.9978335255249635       1.4793984946313692        501
  83.780191      28.839380      -4.1060607715708644       1.5848411548083090        501
  86.910247      28.862748      -4.0710963754885165       1.6425036947398597          0
  90.041005      28.885570      -4.0598041789806318       1.7108733724646952          0
  93.172447      28.907778      -4.2516472615452763       1.8709814820386605          0
  96.304555      28.929305      -4.4139537473347321       2.0323704953558082        501
  99.437310      28.950086      -2.3053453299193256       1.3135511975398941          0
  102.570688      28.970060      -0.5769606059247516       0.7000237533330054          0
  105.704664      28.989167      -0.2425751204816697       0.6083749067511431          0
  108.839213      29.007349      -0.1565980739752125       0.6181675227118638          0
  111.974307      29.024551      -0.0675827958572133       0.6267868626217824          0
  115.109914      29.040723       0.0222593676403841       0.6334120222827694          0
  118.246003      29.055815       0.1115478314020613       0.6362337976285184          0
  121.382541      29.069781       0.1990685594678261       0.6333519354612218          0
  124.519493      29.082581       0.2860408766867582       0.6271194769218677          0
  127.656823      29.094176       0.3724905977205111       0.6194489629414448          0
  130.794493      29.104530      -0.0000000000000000       0.0000000000000000          0
  133.932464      29.113612      -0.0000000000000000       0.0000000000000000          0
  137.070698      29.121396      -0.0000000000000000       0.0000000000000000          0
  140.209152      29.127857      -0.0000000000000000       0.0000000000000000          0
  143.347787      29.132977      -0.0000000000000000       0.0000000000000000          0
  43.181483      25.911842      -2.4810413904120363       0.8658799535771844        503
  46.302444      25.935677      -2.6566344457298854       0.9253959681446462        503
  49.424038      25.959918      -2.8243801540749107       0.9890970321423548        503
  52.546277      25.984492      -2.9837763320730204       1.0568097956243152        503
  55.669170      26.009328      -3.1343448701955290       1.1283480480464805        503
  58.792724      26.034351      -0.0000000000000000       0.0000000000000000      50602
  61.916945      26.059487      -0.0000000000000000       0.0000000000000000      50602
  65.041836      26.084661      -0.0000000000000000       0.0000000000000000      50602
  68.167400      26.109798      -3.4511724085456832       1.2703178271886846        501
  71.293636      26.134824      -3.6045428610313550       1.3534423716784421        501
  74.420541      26.159664      -3.7472141434554387       1.4403096119267360        501
  77.548112      26.184244      -3.8787542233224421       1.5306699434259159        501
  80.676341      26.208490      -3.9987637731712971       1.6242614055586484        501
  83.805220      26.232331      -4.1068774542125901       1.7208103767212648        501
  86.934740      26.255695      -4.2027651030865085       1.8200323284670219        501
  90.064886      26.278513      -4.2861328170208202       1.9216326372285679        501
  93.195646      26.300716      -4.3567239329185075       2.0253074517080747        501
  96.327002      26.322238      -4.5430935963311274       2.3695386102894265       7250
  99.458937      26.343014      -0.3428707405928549       0.4279187772216428        603
  102.591429      26.362982      -0.3214769686523187       0.4977522015264341          0
  105.724458      26.382083      -0.2455547170963341       0.5244629805251786          0
  108.857999      26.400259      -0.1596712013144687       0.5412523065864523          0
  111.992028      26.417456      -0.0694366193303803       0.5534777944535398          0
  115.126517      26.433621       0.0216407215329319       0.5622619636709150          0
  118.261437      26.448707       0.1119842509802889       0.5670262644790381          0
  121.396760      26.462669       0.1995328179139489       0.5651851488324619          0
  124.532453      26.475464       0.2865693706857408       0.5604595209970660          0
  127.668485      26.487053      -0.0000000000000000       0.0000000000000000          0
  130.804821      26.497403      -0.0000000000000000       0.0000000000000000          0
  133.941427      26.506482      -0.0000000000000000       0.0000000000000000          0
  137.078268      26.514262      -0.0000000000000000       0.0000000000000000          0
  140.215307      26.520720      -0.0000000000000000       0.0000000000000000          0
  143.352508      26.525837      -0.0000000000000000       0.0000000000000000          0
  43.205350      23.304789      -2.4824128239616634       1.0510431261213546        503
  46.326762      23.328628      -2.6579723382101315       1.1048261847276371        503
  49.448734      23.352871      -2.8256744836151664       1.1624072803944021        503
  52.571279      23.377448      -2.9850175839944848       1.2236309255897617        503
  55.694403      23.402286      -3.1355241505674747       1.2883298856835799        503
  58.818114      23.427310      -0.0000000000000000       0.0000000000000000      50602
  61.942416      23.452446      -0.0000000000000000       0.0000000000000000      50602
  65.067313      23.477620      -0.0000000000000000       0.0000000000000000          0
  68.192807      23.502757      -3.4524608880661445       1.4451588241162219        501
  71.318897      23.527782      -3.6057390436821004       1.5203843513764883        501
  74.445581      23.552620      -3.7483121479786998       1.5990161683520849        501
  77.572856      23.577197      -3.8797493331784327       1.6808289568137493        501
  80.700715      23.601441      -3.9996524947224730       1.7655860106452312        501
  83.829151      23.625279      -4.1076575604264187       1.8530398582843466        501
  86.958156      23.648639      -4.2034356621774567       1.9429329410229039        501
  90.087718      23.671452      -4.2866942056309734       2.0349983459151582        501
  93.217824      23.693651      -4.5621846890541740       2.2971869046964004        607
  96.348460      23.715167      -4.5429152795097423       2.3969718031144684       7250
  99.479610      23.735938      -0.3423523491280129       0.3642430525699373        603
  102.611256      23.755901      -0.3180888452472142       0.4069947584236671          0
  105.743378      23.774996      -0.2530066302699918       0.4446577007135234          0
  108.875955      23.793167      -0.1647635743929737       0.4667418412961928          0
  112.008965      23.810358      -0.0716274408808813       0.4823372981068258          0
  115.142385      23.826518       0.0214249766068383       0.4931540973596469          0
  118.276188      23.841599       0.1124746496894386       0.4986706326867308          0
  121.410348      23.855555       0.1999141405653166       0.4973292476912175          0
  124.544838      23.868345      -0.0000000000000000       0.0000000000000000          0
  127.679629      23.879930      -0.0000000000000000       0.0000000000000000          0
  130.814690      23.890275      -0.0000000000000000       0.0000000000000000          0
  133.949992      23.899350      -0.0000000000000000       0.0000000000000000          0
  137.085502      23.907127      -0.0000000000000000       0.0000000000000000          0
  140.221189      23.913583      -0.0000000000000000       0.0000000000000000          0
  143.357018      23.918698      -0.0000000000000000       0.0000000000000000          0
  43.228299      20.697733      -2.4837310871693821       1.2339305952981929        503
  46.350143      20.721575      -2.6592582477758580       1.2818602191031412        503
  49.472478      20.745821      -2.8269184077857301       1.3331934032098409        503
  52.595315      20.770401      -2.9862103810694878       1.3877929482783171        503
  55.718661      20.795240      -3.1366572779530690       1.4455110399804172        503
  58.842521      20.820265      -3.2778079583396811       1.5061895147098863        503
  61.966901      20.845402      -0.0000000000000000       0.0000000000000000          0
  65.091802      20.870576      -0.0000000000000000       0.0000000000000000          0
  68.217227      20.895712      -0.0000000000000000       0.0000000000000000          0
  71.343176      20.920736      -3.6068880602015518       1.6840248741911892        501
  74.469646      20.945572      -3.7493667396580270       1.7542537242804286        501
  77.596635      20.970147      -3.8807049834954728       1.8273459051270380        501
  80.724138      20.994388      -4.0005058630982688       1.9030905006644421        501
  83.852148      21.018223      -4.1084065237795500       1.9812667340401280        501
  86.980657      21.041579      -4.2040793420020552       2.0616445682335591        501
  90.109656      21.064388      -0.0000000000000000       0.0000000000000000          0
  93.239133      21.086582      -4.5620995143970529       2.3299400898394809        607
  96.369077      21.108094      -4.5427433560475849       2.4192773488729888       7250
  99.499472      21.128860      -0.3418542665668343       0.2998011425181712        603
  102.630303      21.148818      -0.3178402008559653       0.3669524945102773      60401
  105.761553      21.167908      -0.2661161701003328       0.3730038232918641      60406
  108.893204      21.186073      -0.1723736013556875       0.3964218741298884          0
  112.025235      21.203258      -0.0730772380989413       0.4150002969074428          0
  115.157627      21.219413       0.0229253062574025       0.4274056939288005          0
  118.290356      21.234489       0.1125977439196744       0.4304760151122454        612
  121.423400      21.248440      -0.0000000000000000       0.0000000000000000          0
  124.556734      21.261225      -0.0000000000000000       0.0000000000000000          0
  127.690332      21.272806      -0.0000000000000000       0.0000000000000000          0
  130.824169      21.283147      -0.0000000000000000       0.0000000000000000          0
  133.958218      21.292218      -0.0000000000000000       0.0000000000000000          0
  137.092450      21.299992      -0.0000000000000000       0.0000000000000000          0
  140.226837      21.306445      -0.0000000000000000       0.0000000000000000          0
  143.361350      21.311558      -0.0000000000000000       0.0000000000000000          0
  43.250472      18.090674      -2.4850043815601710       1.4141690413557058        503
  46.372732      18.114519      -2.6605001869963516       1.4561373676963729        503
  49.495417      18.138768      -2.8281196901289691       1.5011081105074990        503
  52.618536      18.163350      -2.9873621805150270       1.5489627408625348        503
  55.742094      18.188191      -3.1377513494064466       1.5995732634765760        503
  58.866098      18.213217      -0.0000000000000000       0.0000000000000000          0
  61.990551      18.238354      -0.0000000000000000       0.0000000000000000          0
  65.115455      18.263528      -0.0000000000000000       0.0000000000000000          0
  68.240813      18.288664      -0.0000000000000000       0.0000000000000000          0
  71.366624      18.313686      -0.0000000000000000       0.0000000000000000          0
  74.492887      18.338521      -3.7503845725195948       1.9057094817055971        501
  77.619599      18.363094      -3.8816272167907857       1.9699262619727542        501
  80.746756      18.387332      -4.0013292865872616       2.0364991650499449        501
  83.874354      18.411163      -4.1091291031810382       2.1052345960451708        501
  87.002383      18.434517      -0.0000000000000000       0.0000000000000000          0
  90.130838      18.457322      -0.0000000000000000       0.0000000000000000          0
  93.259707      18.479511      -0.0000000000000000       0.0000000000000000          0
  96.388981      18.501019      -4.5425768140442928       2.4364181535250986       7250
  99.518647      18.521780      -0.3683007177149974       0.3210441983190662      60301
  102.648691      18.541732      -0.3175390793012529       0.3273031269150415        604
  105.779098      18.560817      -0.2658239573131189       0.3326701658734760      60404
  108.909854      18.578977      -0.1508095913587344       0.3568949900040321      60201
  112.040941      18.596157      -0.0643458592030245       0.3579620387814164          0
  115.172340      18.612307      -0.0000000000000000       0.0000000000000000          0
  118.304032      18.627378      -0.0000000000000000       0.0000000000000000          0
  121.435998      18.641324      -0.0000000000000000       0.0000000000000000          0
  124.568216      18.654105      -0.0000000000000000       0.0000000000000000          0
  127.700663      18.665681      -0.0000000000000000       0.0000000000000000          0
  130.833318      18.676019      -0.0000000000000000       0.0000000000000000          0
  133.966157      18.685086      -0.0000000000000000       0.0000000000000000          0
  137.099155      18.692857      -0.0000000000000000       0.0000000000000000          0
  140.232288      18.699307      -0.0000000000000000       0.0000000000000000          0
  143.365531      18.704418      -0.0000000000000000       0.0000000000000000          0
  43.271994      15.483613      -2.4862399963295689       1.5913897112373112        503
  46.394658      15.507461      -2.6617052755980497       1.6273016311946591        503
  49.517682      15.531713      -2.8292852275328806       1.6658089712691226        503
  52.641073      15.556296      -0.0000000000000000       0.0000000000000000          0
  55.764837      15.581139      -0.0000000000000000       0.0000000000000000          0
  58.888979      15.606166      -0.0000000000000000       0.0000000000000000          0
  62.013501      15.631304      -0.0000000000000000       0.0000000000000000          0
  65.138408      15.656478      -0.0000000000000000       0.0000000000000000          0
  68.263699      15.681613      -0.0000000000000000       0.0000000000000000          0
  71.389376      15.706634      -0.0000000000000000       0.0000000000000000          0
  74.515437      15.731467      -3.7513715488983559       2.0530769931238395        501
  77.641879      15.756038      -3.8825213914172334       2.1082821350903171        501
  80.768701      15.780274      -4.0021275596077608       2.1655432305284914        501
  83.895896      15.804102      -0.0000000000000000       0.0000000000000000          0
  87.023460      15.827451      -0.0000000000000000       0.0000000000000000          0
  90.151385      15.850253      -0.0000000000000000       0.0000000000000000          0
  93.279664      15.872438      -0.0000000000000000       0.0000000000000000          0
  96.408288      15.893941      -0.0000000000000000       0.0000000000000000          0
  99.537245      15.914697      -0.3409068896428022       0.1691563479898857        603
  102.666525      15.934645      -0.3172469857487304       0.2869665225119826        604
  105.796116      15.953725      -0.2655405215230924       0.2916400999551250        604
  108.926003      15.971880      -0.2130369970583687       0.2955259231043115      60403
  112.056172      15.989055      -0.0000000000000000       0.0000000000000000          0
  115.186608      16.005200      -0.0000000000000000       0.0000000000000000          0
  118.317295      16.020265      -0.0000000000000000       0.0000000000000000          0
  121.448214      16.034207      -0.0000000000000000       0.0000000000000000          0
  124.579349      16.046983      -6.3472028737278325       3.5084458375855521        678
  127.710681      16.058556      -0.0000000000000000       0.0000000000000000          0
  130.842190      16.068889      -0.0000000000000000       0.0000000000000000          0
  133.973855      16.077954      -0.0000000000000000       0.0000000000000000          0
  137.105657      16.085721      -0.0000000000000000       0.0000000000000000          0
  140.237574      16.092169      -0.0000000000000000       0.0000000000000000          0
  143.369585      16.097278      -0.0000000000000000       0.0000000000000000          0
  43.292981      12.876549      -1.3681916768351292       1.2264451950734752        710
  46.416037      12.900400      -0.0000000000000000       0.0000000000000000          0
  49.539390      12.924655      -0.0000000000000000       0.0000000000000000          0
  52.663046      12.949240      -0.0000000000000000       0.0000000000000000          0
  55.787009      12.974084      -0.0000000000000000       0.0000000000000000          0
  58.911284      12.999113      -0.0000000000000000       0.0000000000000000          0
  62.035875      13.024251      -0.0000000000000000       0.0000000000000000          0
  65.160782      13.049425      -0.0000000000000000       0.0000000000000000          0
  68.286008      13.074560      -0.0000000000000000       0.0000000000000000          0
  71.411552      13.099580      -0.0000000000000000       0.0000000000000000          0
  74.537415      13.124411      -0.0000000000000000       0.0000000000000000          0
  77.663594      13.148980      -3.8833923178470675       2.2421330677000251        501
  80.790087      13.173213      -4.0029049849264897       2.2899616267976026        501
  83.916890      13.197038      -0.0000000000000000       0.0000000000000000          0
  87.043999      13.220384      -0.0000000000000000       0.0000000000000000          0
  90.171408      13.243182      -0.0000000000000000       0.0000000000000000          0
  93.299111      13.265363      -0.0000000000000000       0.0000000000000000          0
  96.427100      13.286862      -0.0000000000000000       0.0000000000000000          0
  99.555367      13.307613      -0.3404523316054938       0.1032249681609118      60302
  102.683902      13.327556      -0.3169623598230402       0.2460265995539714      60402
  105.812695      13.346631      -0.2652643472501466       0.2499988982617508        604
  108.941736      13.364781      -0.2127713404322974       0.2533088370941231        604
  112.071011      13.381952      -0.0621436125414728       0.2144010468094411        612
  115.200508      13.398091      -0.0000000000000000       0.0000000000000000          0
  118.330215      13.413153      -0.0000000000000000       0.0000000000000000          0
  121.460115      13.427090      -0.0000000000000000       0.0000000000000000          0
  124.590196      13.439862      -0.0000000000000000       0.0000000000000000          0
  127.720440      13.451430      -0.0000000000000000       0.0000000000000000          0
  130.850831      13.461760      -0.0000000000000000       0.0000000000000000          0
  133.981354      13.470821      -0.0000000000000000       0.0000000000000000          0
  137.111990      13.478586      -0.0000000000000000       0.0000000000000000          0
  140.242723      13.485031      -0.0000000000000000       0.0000000000000000          0
  143.373534      13.490138      -0.0000000000000000       0.0000000000000000          0
  43.313535      10.269484      -1.1748904981442923       0.9417929233626534        709
  46.436975      10.293338      -1.1650198938220606       0.9531843011189016        709
  49.560649      10.317595      -1.1516867978445049       0.9645160673157713        709
  52.684563      10.342183      -0.0000000000000000       0.0000000000000000          0
  55.808721      10.367028      -0.0000000000000000       0.0000000000000000          0
  58.933126      10.392058      -0.0000000000000000       0.0000000000000000          0
  62.057782      10.417197      -0.0000000000000000       0.0000000000000000          0
  65.182689      10.442371      -0.0000000000000000       0.0000000000000000          0
  68.307850      10.467505      -0.0000000000000000       0.0000000000000000          0
  71.433264      10.492524      -0.0000000000000000       0.0000000000000000          0
  74.558932      10.517354      -0.0000000000000000       0.0000000000000000          0
  77.684852      10.541920      -3.8842443709746450       2.3712067791174776        501
  80.811023      10.566151      -4.0036654743269970       2.4095016900657793        502
  83.937441      10.589973      -0.0000000000000000       0.0000000000000000          0
  87.064104      10.613316      -0.0000000000000000       0.0000000000000000          0
  90.191007      10.636110      -0.0000000000000000       0.0000000000000000          0
  93.318145      10.658287      -0.0000000000000000       0.0000000000000000          0
  96.445512      10.679781      -0.0000000000000000       0.0000000000000000          0
  99.573103      10.700528      -0.3400074275190019       0.0370698796141375      60302
  102.700908      10.720467      -0.3166837805697485       0.2045684474673825      60402
  105.828921      10.739537      -0.2649940546514027       0.2078330363056190      60402
  108.957132      10.757682      -0.2125113545746997       0.2105619355540736        604
  112.085532      10.774847      -0.0000000000000000       0.0000000000000000          0
  115.214111      10.790983       0.0262039018816139       0.1418788709772707        613
  118.342857      10.806039      -0.0000000000000000       0.0000000000000000          0
  121.471760      10.819972      -0.0000000000000000       0.0000000000000000          0
  124.600808      10.832739      -0.0000000000000000       0.0000000000000000          0
  127.729988      10.844304      -6.4239521580159877       3.7998108051211315        678
  130.859287      10.854630      -0.0000000000000000       0.0000000000000000          0
  133.988691      10.863688      -0.0000000000000000       0.0000000000000000          0
  137.118187      10.871450      -0.0000000000000000       0.0000000000000000          0
  140.247761      10.877893      -0.0000000000000000       0.0000000000000000          0
  143.377398      10.882998      -0.0000000000000000       0.0000000000000000          0
  43.333753       7.662418      -1.1748378046281049       0.9417415068178583        709
  46.457569       7.686275      -1.1649432882020740       0.9502845679754780        709
  49.581558       7.710534      -1.1515859668242510       0.9587965766998299        709
  52.705726       7.735123      -0.0000000000000000       0.0000000000000000          0
  55.830074       7.759970      -0.0000000000000000       0.0000000000000000          0
  58.954607       7.785001      -0.0000000000000000       0.0000000000000000          0
  62.079325       7.810141      -0.0000000000000000       0.0000000000000000          0
  65.204231       7.835314      -0.0000000000000000       0.0000000000000000          0
  68.329327       7.860448      -0.0000000000000000       0.0000000000000000          0
  71.454613       7.885466      -0.0000000000000000       0.0000000000000000          0
  74.580088       7.910294      -0.0000000000000000       0.0000000000000000          0
  77.705753       7.934859      -3.8850815843249573       2.4952398520234951        501
  80.831605       7.959087      -4.0044126330162522       2.5239198121006226        502
  83.957645       7.982906      -0.0000000000000000       0.0000000000000000          0
  87.083868       8.006246      -0.0000000000000000       0.0000000000000000          0
  90.210273       8.029036      -0.0000000000000000       0.0000000000000000          0
  93.336855       8.051209      -0.0000000000000000       0.0000000000000000          0
  96.463611       8.072699      -0.0000000000000000       0.0000000000000000          0
  99.590536       8.093442      -0.4063801036337044       0.0586599977828322        647
  102.717623       8.113376      -0.3211651334477006       0.0620048740180454      64701
  105.844868       8.132441      -0.2647283699995510       0.1652300204096248      60402
  108.972264       8.150582      -0.0000000000000000       0.0000000000000000          0
  112.099803       8.167743      -0.0613347480502470       0.0677917960800377        613
  115.227479       8.183873       0.0265796766389191       0.0683819246797131        613
  118.355282       8.198925      -0.0000000000000000       0.0000000000000000          0
  121.483205       8.212853      -0.0000000000000000       0.0000000000000000          0
  124.611237       8.225617      -0.0000000000000000       0.0000000000000000          0
  127.739371       8.237177      -6.4241518275627412       3.8856306759358086        678
  130.867596       8.247500      -0.0000000000000000       0.0000000000000000          0
  133.995901       8.256555      -0.0000000000000000       0.0000000000000000          0
  137.124276       8.264314      -0.0000000000000000       0.0000000000000000          0
  140.252711       8.270755      -0.0000000000000000       0.0000000000000000          0
  143.381194       8.275857      -0.0000000000000000       0.0000000000000000          0
  43.353725       5.055350      -1.1747856091510283       0.9397027987797449        709
  46.477911       5.079210      -1.1648674705919679       0.9453794796092256        709
  49.602212       5.103472      -0.0000000000000000       0.0000000000000000          0
  52.726628       5.128063      -0.0000000000000000       0.0000000000000000          0
  55.851164       5.152912      -0.0000000000000000       0.0000000000000000          0
  58.975821       5.177943      -0.0000000000000000       0.0000000000000000          0
  62.100601       5.203083      -0.0000000000000000       0.0000000000000000          0
  65.225506       5.228257      -0.0000000000000000       0.0000000000000000          0
  68.350536       5.253390      -0.0000000000000000       0.0000000000000000          0
  71.475693       5.278407      -0.0000000000000000       0.0000000000000000          0
  74.600978       5.303234      -0.0000000000000000       0.0000000000000000          0
  77.726389       5.327797      -0.0000000000000000       0.0000000000000000          0
  80.851928       5.352022      -0.0000000000000000       0.0000000000000000          0
  83.977592       5.375839      -0.0000000000000000       0.0000000000000000          0
  87.103381       5.399175      -0.0000000000000000       0.0000000000000000          0
  90.229293       5.421962      -0.0000000000000000       0.0000000000000000          0
  93.355326       5.444131      -0.0000000000000000       0.0000000000000000          0
  96.481478       5.465617      -0.4899044716349621      -0.0151630975736710      67352
  99.607744       5.486355      -0.4059142355288656      -0.0122702356421149        647
  102.734123       5.506284      -0.3207127466407970      -0.0098250796449824      64701
  105.860610       5.525345      -0.2644661003599518       0.1222782119379614      60402
  108.987200       5.543481      -0.0000000000000000       0.0000000000000000          0
  112.113889       5.560637      -0.0609390211063268      -0.0058015226508796      61404
  115.240673       5.576763      -0.0000000000000000       0.0000000000000000          0
  118.367545       5.591811       0.3995765466099491      -0.0896060433624293      61407
  121.494499       5.605735      -0.0000000000000000       0.0000000000000000          0
  124.621530       5.618494      -0.0000000000000000       0.0000000000000000          0
  127.748631       5.630051      -0.0000000000000000       0.0000000000000000          0
  130.875796       5.640370      -0.0000000000000000       0.0000000000000000          0
  134.003016       5.649421      -0.0000000000000000       0.0000000000000000          0
  137.130285       5.657178      -0.0000000000000000       0.0000000000000000          0
  140.257596       5.663616      -0.0000000000000000       0.0000000000000000          0
  143.384941       5.668717      -0.0000000000000000       0.0000000000000000          0
  43.373536       2.448282      -1.1747336914466704       0.9356815924464863        709
  46.498090       2.472145      -0.0000000000000000       0.0000000000000000          0
  49.622698       2.496409      -0.0000000000000000       0.0000000000000000          0
  52.747361       2.521003      -0.0000000000000000       0.0000000000000000          0
  55.872081       2.545852      -0.0000000000000000       0.0000000000000000          0
  58.996861       2.570885      -0.0000000000000000       0.0000000000000000          0
  62.121701       2.596026      -0.0000000000000000       0.0000000000000000          0
  65.246603       2.621199      -0.0000000000000000       0.0000000000000000          0
  68.371568       2.646332      -0.0000000000000000       0.0000000000000000          0
  71.496598       2.671348      -0.0000000000000000       0.0000000000000000          0
  74.621692       2.696173      -0.0000000000000000       0.0000000000000000          0
  77.746852       2.720734      -0.0000000000000000       0.0000000000000000          0
  80.872078       2.744957      -0.0000000000000000       0.0000000000000000          0
  83.997369       2.768770      -0.0000000000000000       0.0000000000000000          0
  87.122727       2.792104      -0.0000000000000000       0.0000000000000000          0
  90.248150       2.814887      -0.0000000000000000       0.0000000000000000          0
  93.373638       2.837052      -0.0000000000000000       0.0000000000000000          0
  96.499189       2.858534      -0.0000000000000000       0.0000000000000000          0
  99.624803       2.879268      -0.4054523884422970      -0.0831861886481958      67301
  102.750478       2.899193      -0.3202642876813501      -0.0816431232372683      64701
  105.876213       2.918249      -0.2341216546236101      -0.0803484734864347      64701
  109.002005       2.936380      -0.2117535307686765       0.0800331282809920      60402
  112.127851       2.953531      -0.0000000000000000       0.0000000000000000          0
  115.253750       2.969653      -0.0000000000000000       0.0000000000000000          0
  118.379698       2.984696       0.1148407219759089      -0.0778213516082088      61405
  121.505693       2.998616      -0.0000000000000000       0.0000000000000000          0
  124.631731       3.011371      -0.0000000000000000       0.0000000000000000          0
  127.757809       3.022924      -0.0000000000000000       0.0000000000000000          0
  130.883922       3.033240      -0.0000000000000000       0.0000000000000000          0
  134.010067       3.042288      -0.0000000000000000       0.0000000000000000          0
  137.136241       3.050042      -0.0000000000000000       0.0000000000000000          0
  140.262437       3.056478      -0.0000000000000000       0.0000000000000000          0
  143.388653       3.061577      -0.0000000000000000       0.0000000000000000          0
  43.393270      -0.158786      -0.0000000000000000       0.0000000000000000          0
  46.518190      -0.134921      -0.0000000000000000       0.0000000000000000          0
  49.643103      -0.110654      -0.0000000000000000       0.0000000000000000          0
  52.768010      -0.086059      -0.0000000000000000       0.0000000000000000          0
  55.892914      -0.061207      -0.0000000000000000       0.0000000000000000          0
  59.017815      -0.036174      -0.0000000000000000       0.0000000000000000          0
  62.142714      -0.011033      -0.0000000000000000       0.0000000000000000          0
  65.267613       0.014141      -0.0000000000000000       0.0000000000000000          0
  68.392512       0.039273      -0.0000000000000000       0.0000000000000000          0
  71.517413       0.064288      -0.0000000000000000       0.0000000000000000          0
  74.642318       0.089112      -0.0000000000000000       0.0000000000000000          0
  77.767226       0.113670      -0.0000000000000000       0.0000000000000000          0
  80.892140       0.137891      -0.0000000000000000       0.0000000000000000          0
  84.017060       0.161702      -0.0000000000000000       0.0000000000000000          0
  87.141987       0.185032      -0.0000000000000000       0.0000000000000000          0
  90.266922       0.207811      -0.0000000000000000       0.0000000000000000          0
  93.391867       0.229973      -0.0000000000000000       0.0000000000000000          0
  96.516820       0.251450      -0.0000000000000000       0.0000000000000000          0
  99.641784       0.272180      -0.4049926161964751      -0.1539409225773857      67352
  102.766759       0.292101      -0.3198178663371614      -0.1533004782796379        673
  105.891744       0.311152      -0.2336916803733508      -0.1526957767601624      64701
  109.016740       0.329279      -0.1468701853518176      -0.1521340064567242        614
  112.141747       0.346426      -0.0596115842157866      -0.1516218455472184        735
  115.266766       0.362542      -0.0000000000000000       0.0000000000000000          0
  118.391795       0.377581      -0.0000000000000000       0.0000000000000000          0
  121.516834       0.391497      -1.6567267456258064      -0.5718514309811835        667
  124.641884       0.404248      -0.0000000000000000       0.0000000000000000          0
  127.766942       0.415797      -0.0000000000000000       0.0000000000000000          0
  130.892010       0.426109      -0.0000000000000000       0.0000000000000000          0
  134.017085       0.435155      -7.2774203608691419       0.4745693363596538      61502
  137.142167       0.442906      -0.0000000000000000       0.0000000000000000          0
  140.267255       0.449339      -0.0000000000000000       0.0000000000000000          0
  143.392348       0.454437      -0.0000000000000000       0.0000000000000000          0
>