>anchorPlateId 301
>reconstructionTime 53
>DeformingMeshPoints.gpml lat_lon_velocity_domain_28_32.gpml
>MeshNode <identity>GPlates-b7a3af0e-8119-4abb-9ae6-39bb7e5702ce</identity> <revision>GPlates-7b04c5e6-7801-49f1-bcc4-23d6f4e5417f</revision>
> reconstructionPlateId 0
> validTime TimePeriod <begin> TimeInstant <timePosition>http://gplates.org/times/distantPast</timePosition></begin> <end> TimeInstant <timePosition>http://gplates.org/times/distantFuture</timePosition></end>
  17.678754      68.954345      -0.0000000000000000       0.0000000000000000        302
  20.107647      69.243962      -0.0000000000000000       0.0000000000000000        302
  22.559433      69.544244      -0.0000000000000000       0.0000000000000000        302
  25.036077      69.854742      -0.0000000000000000       0.0000000000000000        302
  27.539694      70.174981      -0.0000000000000000       0.0000000000000000        302
  30.072570      70.504455      -0.0000000000000000       0.0000000000000000        302
  32.637175      70.842628      -0.0000000000000000       0.0000000000000000        302
  35.236179      71.188930      -0.0000000000000000       0.0000000000000000        302
  37.872470      71.542757      -0.0000000000000000       0.0000000000000000        302
  40.549175      71.903466      -0.0000000000000000       0.0000000000000000        302
  43.269677      72.270371      -0.0000000000000000       0.0000000000000000        302
  46.037634      72.642742      -0.0000000000000000       0.0000000000000000        302
  48.857002      73.019801      -0.0000000000000000       0.0000000000000000        302
  51.732054      73.400716      -0.0000000000000000       0.0000000000000000        302
  54.667393      73.784595      -0.0000000000000000       0.0000000000000000        373
  57.667973      74.170485      -0.0000000000000000       0.0000000000000000        373
  60.739105      74.557359      -0.0000000000000000       0.0000000000000000        372
  63.886459      74.944116      -0.0000000000000000       0.0000000000000000        372
  67.116060      75.329571      -0.0000000000000000       0.0000000000000000        372
  70.434262      75.712448      -0.0000000000000000       0.0000000000000000        372
  73.847709      76.091372      -0.0000000000000000       0.0000000000000000        404
  77.363264      76.464861      -0.0000000000000000       0.0000000000000000        404
  80.987914      76.831323      -0.0000000000000000       0.0000000000000000        404
  84.728622      77.189047      -0.0000000000000000       0.0000000000000000        404
  88.592139      77.536200      -0.0000000000000000       0.0000000000000000        404
  92.584749      77.870827      -0.0000000000000000       0.0000000000000000        404
  96.711955      78.190857      -0.0000000000000000       0.0000000000000000        404
  100.978088      78.494111      -0.0000000000000000       0.0000000000000000        404
  105.385859      78.778321      -0.0000000000000000       0.0000000000000000        404
  109.935849      79.041157      -0.0000000000000000       0.0000000000000000        401
  114.625985      79.280262      -0.0000000000000000       0.0000000000000000          0
  119.451027      79.493309      -0.0000000000000000       0.0000000000000000          0
  124.402137      79.678054      -0.0000000000000000       0.0000000000000000          0
  19.708838      66.463152      -0.0000000000000000       0.0000000000000000        302
  22.241079      66.761899      -0.0000000000000000       0.0000000000000000        302
  24.796615      67.071268      -0.0000000000000000       0.0000000000000000        302
  27.377326      67.390742      -0.0000000000000000       0.0000000000000000        302
  29.985222      67.719772      -0.0000000000000000       0.0000000000000000        302
  32.622449      68.057776      -0.0000000000000000       0.0000000000000000        302
  35.291299      68.404139      -0.0000000000000000       0.0000000000000000        302
  37.994220      68.758206      -0.0000000000000000       0.0000000000000000        302
  40.733826      69.119288      -0.0000000000000000       0.0000000000000000        302
  43.512904      69.486648      -0.0000000000000000       0.0000000000000000        302
  46.334424      69.859511      -0.0000000000000000       0.0000000000000000        302
  49.201545      70.237051      -0.0000000000000000       0.0000000000000000        302
  52.117620      70.618392      -0.0000000000000000       0.0000000000000000        302
  55.086201      71.002604      -0.0000000000000000       0.0000000000000000        373
  58.111031      71.388699      -0.0000000000000000       0.0000000000000000        372
  61.196045      71.775627      -0.0000000000000000       0.0000000000000000        372
  64.345353      72.162271      -0.0000000000000000       0.0000000000000000        372
  67.563220      72.547444      -0.0000000000000000       0.0000000000000000        372
  70.854034      72.929886      -0.0000000000000000       0.0000000000000000        372
  74.222260      73.308256      -0.0000000000000000       0.0000000000000000        401
  77.672381      73.681134      -0.0000000000000000       0.0000000000000000        401
  81.208816      74.047016      -0.0000000000000000       0.0000000000000000        404
  84.835820      74.404314      -0.0000000000000000       0.0000000000000000        404
  88.557353      74.751356      -0.0000000000000000       0.0000000000000000        404
  92.376931      75.086390      -0.0000000000000000       0.0000000000000000        404
  96.297441      75.407592      -0.0000000000000000       0.0000000000000000        404
  100.320932      75.713076      -0.0000000000000000       0.0000000000000000        404
  104.448388      76.000906      -0.0000000000000000       0.0000000000000000        401
  108.679477      76.269122      -0.0000000000000000       0.0000000000000000        401
  113.012312      76.515764      -0.0000000000000000       0.0000000000000000        401
  117.443217      76.738903      -0.0000000000000000       0.0000000000000000        401
  121.966533      76.936682      -0.0000000000000000       0.0000000000000000        401
  126.574497      77.107357      -0.0000000000000000       0.0000000000000000          0
  21.368814      63.950417      -0.0000000000000000       0.0000000000000000        302
  23.981646      64.256330      -0.0000000000000000       0.0000000000000000        302
  26.617427      64.572772      -0.0000000000000000       0.0000000000000000        302
  29.277913      64.899167      -0.0000000000000000       0.0000000000000000        302
  31.964962      65.234903      -0.0000000000000000       0.0000000000000000        302
  34.680539      65.579334      -0.0000000000000000       0.0000000000000000        302
  37.426725      65.931777      -0.0000000000000000       0.0000000000000000        302
  40.205712      66.291510      -0.0000000000000000       0.0000000000000000        302
  43.019816      66.657773      -0.0000000000000000       0.0000000000000000        302
  45.871476      67.029759      -0.0000000000000000       0.0000000000000000        302
  48.763253      67.406619      -0.0000000000000000       0.0000000000000000        302
  51.697832      67.787457      -0.0000000000000000       0.0000000000000000        302
  54.678015      68.171327      -0.0000000000000000       0.0000000000000000        302
  57.706719      68.557228      -0.0000000000000000       0.0000000000000000        302
  60.786960      68.944108      -0.0000000000000000       0.0000000000000000        302
  63.921843      69.330856      -0.0000000000000000       0.0000000000000000        302
  67.114533      69.716301      -0.0000000000000000       0.0000000000000000        372
  70.368233      70.099211      -0.0000000000000000       0.0000000000000000        372
  73.686141      70.478289      -0.0000000000000000       0.0000000000000000        401
  77.071406      70.852175      -0.0000000000000000       0.0000000000000000        401
  80.527067      71.219443      -0.0000000000000000       0.0000000000000000        401
  84.055983      71.578606      -0.0000000000000000       0.0000000000000000        401
  87.660747      71.928114      -0.0000000000000000       0.0000000000000000        401
  91.343588      72.266359      -0.0000000000000000       0.0000000000000000        401
  95.106262      72.591688      -0.0000000000000000       0.0000000000000000        401
  98.949922      72.902402      -0.0000000000000000       0.0000000000000000        401
  102.874990      73.196779      -0.0000000000000000       0.0000000000000000        401
  106.881020      73.473081      -0.0000000000000000       0.0000000000000000        401
  110.966556      73.729581      -0.0000000000000000       0.0000000000000000        401
  115.129013      73.964580      -0.0000000000000000       0.0000000000000000        401
  119.364569      74.176437      -0.0000000000000000       0.0000000000000000        401
  123.668090      74.363598      -0.0000000000000000       0.0000000000000000        401
  128.033098      74.524626      -0.0000000000000000       0.0000000000000000      42400
  22.754525      61.421840      -0.0000000000000000       0.0000000000000000        302
  25.431715      61.733522      -0.0000000000000000       0.0000000000000000        302
  28.131094      62.055618      -0.0000000000000000       0.0000000000000000        302
  30.854277      62.387498      -0.0000000000000000       0.0000000000000000        302
  33.602964      62.728498      -0.0000000000000000       0.0000000000000000        302
  36.378935      63.077917      -0.0000000000000000       0.0000000000000000        302
  39.184055      63.435017      -0.0000000000000000       0.0000000000000000        302
  42.020275      63.799019      -0.0000000000000000       0.0000000000000000        302
  44.889631      64.169106      -0.0000000000000000       0.0000000000000000        302
  47.794241      64.544416      -0.0000000000000000       0.0000000000000000        302
  50.736304      64.924045      -0.0000000000000000       0.0000000000000000        302
  53.718095      65.307041      -0.0000000000000000       0.0000000000000000        302
  56.741953      65.692407      -0.0000000000000000       0.0000000000000000        302
  59.810273      66.079095      -0.0000000000000000       0.0000000000000000        302
  62.925492      66.466009      -0.0000000000000000       0.0000000000000000        302
  66.090067      66.851998      -0.0000000000000000       0.0000000000000000        390
  69.306453      67.235861      -0.0000000000000000       0.0000000000000000        390
  72.577071      67.616343      -0.0000000000000000       0.0000000000000000        401
  75.904277      67.992136      -0.0000000000000000       0.0000000000000000        401
  79.290312      68.361880      -0.0000000000000000       0.0000000000000000        401
  82.737254      68.724164      -0.0000000000000000       0.0000000000000000        401
  86.246962      69.077531      -0.0000000000000000       0.0000000000000000        401
  89.821006      69.420481      -0.0000000000000000       0.0000000000000000        401
  93.460596      69.751476      -0.0000000000000000       0.0000000000000000        401
  97.166500      70.068950      -0.0000000000000000       0.0000000000000000        401
  100.938962      70.371321      -0.0000000000000000       0.0000000000000000        401
  104.777614      70.656997      -0.0000000000000000       0.0000000000000000        401
  108.681393      70.924400      -0.0000000000000000       0.0000000000000000        401
  112.648460      71.171975      -0.0000000000000000       0.0000000000000000        401
  116.676138      71.398216      -0.0000000000000000       0.0000000000000000        401
  120.760857      71.601684      -0.0000000000000000       0.0000000000000000        401
  124.898132      71.781031      -0.0000000000000000       0.0000000000000000        401
  129.082561      71.935025      -0.0000000000000000       0.0000000000000000        401
  23.931966      58.881299      -0.0000000000000000       0.0000000000000000        302
  26.661633      59.197729      -0.0000000000000000       0.0000000000000000        302
  29.412503      59.524447      -0.0000000000000000       0.0000000000000000        302
  32.186055      59.860777      -0.0000000000000000       0.0000000000000000        302
  34.983834      60.206011      -0.0000000000000000       0.0000000000000000        302
  37.807445      60.559401      -0.0000000000000000       0.0000000000000000        302
  40.658556      60.920162      -0.0000000000000000       0.0000000000000000        302
  43.538898      61.287470      -0.0000000000000000       0.0000000000000000        302
  46.450257      61.660460      -0.0000000000000000       0.0000000000000000        302
  49.394475      62.038227      -0.0000000000000000       0.0000000000000000        302
  52.373442      62.419822      -0.0000000000000000       0.0000000000000000        302
  55.389088      62.804254      -0.0000000000000000       0.0000000000000000        302
  58.443376      63.190487      -0.0000000000000000       0.0000000000000000        302
  61.538283      63.577439      -0.0000000000000000       0.0000000000000000        390
  64.675791      63.963984      -0.0000000000000000       0.0000000000000000        390
  67.857861      64.348948      -0.0000000000000000       0.0000000000000000        468
  71.086415      64.731114      -0.0000000000000000       0.0000000000000000        401
  74.363305      65.109217      -0.0000000000000000       0.0000000000000000        401
  77.690283      65.481951      -0.0000000000000000       0.0000000000000000        401
  81.068960      65.847965      -0.0000000000000000       0.0000000000000000        401
  84.500770      66.205873      -0.0000000000000000       0.0000000000000000        401
  87.986917      66.554254      -0.0000000000000000       0.0000000000000000        401
  91.528328      66.891656      -0.0000000000000000       0.0000000000000000        401
  95.125595      67.216609      -0.0000000000000000       0.0000000000000000        401
  98.778923      67.527625      -0.0000000000000000       0.0000000000000000        401
  102.488063      67.823218      -0.0000000000000000       0.0000000000000000        401
  106.252264      68.101907      -0.0000000000000000       0.0000000000000000        401
  110.070214      68.362236      -0.0000000000000000       0.0000000000000000        401
  113.939996      68.602786      -0.0000000000000000       0.0000000000000000        401
  117.859050      68.822194      -0.0000000000000000       0.0000000000000000        401
  121.824151      69.019168      -0.0000000000000000       0.0000000000000000        401
  125.831401      69.192512      -0.0000000000000000       0.0000000000000000        401
  129.876248      69.341137      -0.0000000000000000       0.0000000000000000      43101
  24.947913      56.331519      -0.0000000000000000       0.0000000000000000        302
  27.721155      56.651931      -2.1248994464585067       0.1750092394807247        334
  30.514501      56.982501      -0.0000000000000000       0.0000000000000000        302
  33.329303      57.322517      -0.0000000000000000       0.0000000000000000        302
  36.166961      57.671228      -0.0000000000000000       0.0000000000000000        302
  39.028921      58.027848      -0.0000000000000000       0.0000000000000000        302
  41.916677      58.391552      -0.0000000000000000       0.0000000000000000        302
  44.831763      58.761479      -0.0000000000000000       0.0000000000000000        302
  47.775751      59.136727      -0.0000000000000000       0.0000000000000000        302
  50.750247      59.516352      -0.0000000000000000       0.0000000000000000        302
  53.756882      59.899374      -0.0000000000000000       0.0000000000000000        302
  56.797304      60.284768      -0.0000000000000000       0.0000000000000000        302
  59.873167      60.671471      -0.0000000000000000       0.0000000000000000        390
  62.986118      61.058378      -0.0000000000000000       0.0000000000000000        390
  66.137782      61.444341      -0.0000000000000000       0.0000000000000000        468
  69.329740      61.828173      -0.0000000000000000       0.0000000000000000        468
  72.563513      62.208649      -0.0000000000000000       0.0000000000000000        401
  75.840533      62.584504      -0.0000000000000000       0.0000000000000000        401
  79.162118      62.954438      -0.0000000000000000       0.0000000000000000        401
  82.529436      63.317119      -0.0000000000000000       0.0000000000000000        401
  85.943478      63.671186      -0.0000000000000000       0.0000000000000000        401
  89.405014      64.015253      -0.0000000000000000       0.0000000000000000        401
  92.914555      64.347917      -0.0000000000000000       0.0000000000000000        401
  96.472316      64.667766      -0.0000000000000000       0.0000000000000000        401
  100.078168      64.973383      -0.0000000000000000       0.0000000000000000        401
  103.731601      65.263361      -0.0000000000000000       0.0000000000000000        401
  107.431686      65.536310      -0.0000000000000000       0.0000000000000000        401
  111.177035      65.790874      -0.0000000000000000       0.0000000000000000        401
  114.965780      66.025741      -0.0000000000000000       0.0000000000000000        401
  118.795547      66.239657      -0.0000000000000000       0.0000000000000000        401
  122.663450      66.431445      -0.0000000000000000       0.0000000000000000        401
  126.566094      66.600019      -0.0000000000000000       0.0000000000000000      43102
  130.499588      66.744398      -0.0000000000000000       0.0000000000000000      43101
  25.836371      53.774470      -1.9311497396180488       0.6690724090585342        334
  28.646381      54.098276      -0.0000000000000000       0.0000000000000000        302
  31.475348      54.432112      -0.0000000000000000       0.0000000000000000        302
  34.324506      54.775231      -0.0000000000000000       0.0000000000000000        302
  37.195126      55.126849      -0.0000000000000000       0.0000000000000000        302
  40.088512      55.486146      -0.0000000000000000       0.0000000000000000        302
  43.006003      55.852265      -0.0000000000000000       0.0000000000000000        302
  45.948962      56.224310      -0.0000000000000000       0.0000000000000000        302
  48.918779      56.601347      -0.0000000000000000       0.0000000000000000        302
  51.916858      56.982407      -0.0000000000000000       0.0000000000000000        302
  54.944617      57.366480      -0.0000000000000000       0.0000000000000000        302
  58.003469      57.752518      -0.0000000000000000       0.0000000000000000        302
  61.094821      58.139435      -0.0000000000000000       0.0000000000000000        390
  64.220054      58.526109      -0.0000000000000000       0.0000000000000000        390
  67.380514      58.911381      -0.0000000000000000       0.0000000000000000        468
  70.577489      59.294055      -0.0000000000000000       0.0000000000000000        401
  73.812195      59.672904      -0.0000000000000000       0.0000000000000000        401
  77.085751      60.046666      -0.0000000000000000       0.0000000000000000        401
  80.399158      60.414055      -0.0000000000000000       0.0000000000000000        401
  83.753270      60.773754      -0.0000000000000000       0.0000000000000000        401
  87.148766      61.124432      -0.0000000000000000       0.0000000000000000        401
  90.586123      61.464736      -0.0000000000000000       0.0000000000000000        401
  94.065583      61.793309      -0.0000000000000000       0.0000000000000000        401
  97.587122      62.108788      -0.0000000000000000       0.0000000000000000        401
  101.150420      62.409819      -0.0000000000000000       0.0000000000000000        401
  104.754829      62.695062      -0.0000000000000000       0.0000000000000000        401
  108.399349      62.963204      -0.0000000000000000       0.0000000000000000        401
  112.082604      63.212970      -0.0000000000000000       0.0000000000000000        401
  115.802827      63.443131      -0.0000000000000000       0.0000000000000000        401
  119.557842      63.652525      -0.0000000000000000       0.0000000000000000        401
  123.345072      63.840063      -0.0000000000000000       0.0000000000000000        401
  127.161539      64.004743      -0.0000000000000000       0.0000000000000000        401
  131.003882      64.145670      -0.0000000000000000       0.0000000000000000      43102
  26.622624      51.211608      -0.0000000000000000       0.0000000000000000        302
  29.464100      51.538348      -0.0000000000000000       0.0000000000000000        302
  32.323376      51.874993      -0.0000000000000000       0.0000000000000000        302
  35.201580      52.220766      -0.0000000000000000       0.0000000000000000        302
  38.099865      52.574854      -0.0000000000000000       0.0000000000000000        302
  41.019411      52.936407      -0.0000000000000000       0.0000000000000000        302
  43.961419      53.304538      -0.0000000000000000       0.0000000000000000        302
  46.927107      53.678325      -0.0000000000000000       0.0000000000000000        302
  49.917707      54.056809      -0.0000000000000000       0.0000000000000000        302
  52.934455      54.438995      -0.0000000000000000       0.0000000000000000        302
  55.978588      54.823852      -0.0000000000000000       0.0000000000000000        302
  59.051328      55.210312      -0.0000000000000000       0.0000000000000000        302
  62.153880      55.597274      -0.0000000000000000       0.0000000000000000        390
  65.287412      55.983604      -0.0000000000000000       0.0000000000000000        468
  68.453050      56.368133      -0.0000000000000000       0.0000000000000000        468
  71.651853      56.749664      -0.0000000000000000       0.0000000000000000        468
  74.884803      57.126969      -0.0000000000000000       0.0000000000000000        401
  78.152786      57.498795      -0.0000000000000000       0.0000000000000000        401
  81.456565      57.863868      -0.0000000000000000       0.0000000000000000        401
  84.796767      58.220891      -0.0000000000000000       0.0000000000000000        401
  88.173854      58.568558      -0.0000000000000000       0.0000000000000000        401
  91.588100      58.905550      -0.0000000000000000       0.0000000000000000        401
  95.039570      59.230549      -0.0000000000000000       0.0000000000000000        401
  98.528091      59.542239      -0.0000000000000000       0.0000000000000000        401
  102.053232      59.839319      -0.0000000000000000       0.0000000000000000        401
  105.614283      60.120507      -0.0000000000000000       0.0000000000000000        401
  109.210232      60.384553      -0.0000000000000000       0.0000000000000000        401
  112.839757      60.630250      -0.0000000000000000       0.0000000000000000        401
  116.501205      60.856442      -0.0000000000000000       0.0000000000000000        401
  120.192599      61.062035      -0.0000000000000000       0.0000000000000000        401
  123.911629      61.246013      -0.0000000000000000       0.0000000000000000        401
  127.655666      61.407445      -0.0000000000000000       0.0000000000000000        401
  131.421779      61.545497      -0.0000000000000000       0.0000000000000000        401
  27.325849      48.644034      -0.0000000000000000       0.0000000000000000        302
  30.194595      48.973342      -0.0000000000000000       0.0000000000000000        302
  33.079997      49.312435      -0.0000000000000000       0.0000000000000000        302
  35.983084      49.660509      -0.0000000000000000       0.0000000000000000        302
  38.904907      50.016724      -0.0000000000000000       0.0000000000000000        302
  41.846533      50.380204      -0.0000000000000000       0.0000000000000000        302
  44.809045      50.750038      -0.0000000000000000       0.0000000000000000        302
  47.793535      51.125281      -0.0000000000000000       0.0000000000000000        302
  50.801100      51.504952      -0.0000000000000000       0.0000000000000000        302
  53.832833      51.888034      -0.0000000000000000       0.0000000000000000        302
  56.889819      52.273479      -0.0000000000000000       0.0000000000000000        302
  59.973124      52.660205      -0.0000000000000000       0.0000000000000000        390
  63.083786      53.047100      -0.0000000000000000       0.0000000000000000        465
  66.222804      53.433018      -0.0000000000000000       0.0000000000000000        468
  69.391125      53.816787      -0.0000000000000000       0.0000000000000000        468
  72.589630      54.197209      -0.0000000000000000       0.0000000000000000        468
  75.819122      54.573060      -0.0000000000000000       0.0000000000000000        401
  79.080304      54.943096      -0.9292763504901178       0.3476126743294387          0
  82.373767      55.306055      -1.3424500154716745       0.5805716153767844          0
  85.699970      55.660663      -1.2109825060387382       0.5983266681412396          0
  89.059218      56.005635      -0.8610655488657937       0.4808120530142950          0
  92.451649      56.339685      -0.1929367741975917       0.1207106864698805          0
  95.877208      56.661530      -0.0000000000000000       0.0000000000000000        401
  99.335632      56.969896      -0.0000000000000000       0.0000000000000000        401
  102.826431      57.263526      -0.0000000000000000       0.0000000000000000        401
  106.348874      57.541191      -0.0000000000000000       0.0000000000000000        401
  109.901972      57.801696      -0.0000000000000000       0.0000000000000000        401
  113.484470      58.043889      -0.0000000000000000       0.0000000000000000          0
  117.094842      58.266674       0.0000616023969160      -0.0001548910484209          0
  120.731287      58.469017      -0.0000000000000000       0.0000000000000000        401
  124.391733      58.649961      -0.0000000000000000       0.0000000000000000        401
  128.073844      58.808630      -0.0000000000000000       0.0000000000000000        401
  131.775041      58.944246      -0.0000000000000000       0.0000000000000000        401
  27.960850      46.072595      -0.0000000000000000       0.0000000000000000        302
  30.853500      46.404176      -0.0000000000000000       0.0000000000000000        302
  33.761683      46.745427      -0.0000000000000000       0.0000000000000000        302
  36.686342      47.095518      -0.0000000000000000       0.0000000000000000        302
  39.628434      47.453588      -2.1187065361003108      -0.3437670076585355        503
  42.588930      47.818736      -2.2747835750036565      -0.2862409390240556        503
  45.568808      48.190032      -0.0000000000000000       0.0000000000000000        302
  48.569050      48.566507      -0.0000000000000000       0.0000000000000000        302
  51.590637      48.947163      -0.0000000000000000       0.0000000000000000        302
  54.634542      49.330968      -0.0000000000000000       0.0000000000000000        302
  57.701722      49.716857      -0.0000000000000000       0.0000000000000000        302
  60.793113      50.103737      -0.0000000000000000       0.0000000000000000        390
  63.909616      50.490486      -0.0000000000000000       0.0000000000000000        465
  67.052091      50.875953      -0.0000000000000000       0.0000000000000000        458
  70.221344      51.258964      -0.0000000000000000       0.0000000000000000        459
  73.418114      51.638320      -0.5085091055232760       0.0645642204101241          0
  76.643062      52.012804      -2.5532106441470743       0.8169545915968881          0
  79.896756      52.381182      -3.2079714564809754       1.2287083616665062        580
  83.179652      52.742205      -3.1207247498782569       1.3777621619323623        580
  86.492088      53.094618      -3.0223128191379307       1.5250146217006306        580
  89.834257      53.437161      -2.9127834275692486       1.6697497177229548        580
  93.206201      53.768574      -1.9835500722516246       1.2698696836293064          0
  96.607787      54.087607      -0.9163209995555925       0.6508210887955988          0
  100.038701      54.393023      -0.0000000000000000       0.0000000000000000        401
  103.498424      54.683608      -0.0000000000000000       0.0000000000000000        401
  106.986231      54.958175      -0.0000000000000000       0.0000000000000000        401
  110.501174      55.215577       0.0272240386809953      -0.0471687416613913          0
  114.042075      55.454710       0.0805124036138966      -0.1683238728594683          0
  117.607528      55.674530       0.0898528774659799      -0.2440936235358070          0
  121.195893      55.874052       0.0707033729468928      -0.2848874985436137          0
  124.805305      56.052369       0.0216863333708420      -0.2818274740319889          0
  128.433680      56.208652      -0.0547453473283553      -0.2214597177838070          0
  132.078732      56.342167      -0.1369221945628519      -0.1177435286632094          0
  28.539245      43.497953       0.9444168260746989       0.6940243961049981        340
  31.453061      43.831567      -0.0000000000000000       0.0000000000000000        551
  34.381317      44.174739      -2.2364853688637716      -0.4616332683348786        508
  37.324878      44.526620      -0.0000000000000000       0.0000000000000000        551
  40.284617      44.886324      -2.1538031115698910      -0.1391239277746574        503
  43.261418      45.252933      -2.3094054437920373      -0.0834354450857547        503
  46.256169      45.625495      -2.4596562990555362      -0.0209001840896972        503
  49.269757      46.003027      -0.0000000000000000       0.0000000000000000        302
  52.303062      46.384512      -0.0000000000000000       0.0000000000000000        302
  55.356955      46.768905      -0.0000000000000000       0.0000000000000000        302
  58.432286      47.155128      -0.0000000000000000       0.0000000000000000        302
  61.529880      47.542080      -0.0000000000000000       0.0000000000000000        467
  64.650526      47.928630      -0.0000000000000000       0.0000000000000000        458
  67.794971      48.313625      -0.0000000000000000       0.0000000000000000        459
  70.963906      48.695888      -0.4323749381860078       0.0397358989325085          0
  74.157958      49.074225      -3.0776335049516934       0.3253906221364510          0
  77.377676      49.447424      -3.4466982126451713       0.4665850381653942        501
  80.623521      49.814260      -3.1895547525037724       1.2248427665285453        580
  83.895852      50.173501      -3.1003193588564839       1.3680120823476976        580
  87.194913      50.523908      -3.0001215662233793       1.5093321110805165        580
  90.520819      50.864242      -2.8890438774103160       1.6481124890860634        580
  93.873545      51.193272      -2.7672214213088453       1.7836357621471128        580
  97.252910      51.509776      -2.2765706920999476       1.6432896860051986          0
  100.658571      51.812550      -1.0708289428931761       0.8208268395544488          0
  104.090005      52.100417      -0.4970962907309562       0.2886412551308997          0
  107.546506      52.372229      -0.4882289457131906       0.2195109952761843          0
  111.027175      52.626880      -0.1517976729465224      -0.0863846675138794          0
  114.530915      52.863310       0.0618300857281739      -0.3409922331216037          0
  118.056434      53.080515       0.1577912794665860      -0.5180803590119272          0
  121.602237      53.277557       0.1285589106413916      -0.5881661703149613          0
  125.166642      53.453569       0.0131901305159665      -0.5542717106879347          0
  128.747780      53.607763      -0.1288619987584216      -0.4563547500328091          0
  132.343611      53.739440      -0.2867002125270594      -0.2919401542007833          0
  29.070277      40.920634      -0.0000000000000000       0.0000000000000000        338
  32.003011      41.256082      -1.2016015258594435       0.0920276001697183        715
  34.949123      41.600983      -0.0000000000000000       0.0000000000000000        526
  37.909405      41.954464      -0.0000000000000000       0.0000000000000000        551
  40.884660      42.315624      -0.0000000000000000       0.0000000000000000        551
  43.875693      42.683525      -2.3407524107871640       0.1167584170474888        503
  46.883312      43.057198      -2.4902835525270306       0.1768125505688218        503
  49.908321      43.435645      -2.6337584717028459       0.2435678835938638        503
  52.951514      43.817835      -2.7706890169814042       0.3170837457746664        503
  56.013673      44.202710      -0.0000000000000000       0.0000000000000000        301
  59.095558      44.589183      -0.0000000000000000       0.0000000000000000        302
  62.197902      44.976145      -0.0000000000000000       0.0000000000000000        467
  65.321400      45.362459      -0.0000000000000000       0.0000000000000000        466
  68.466706      45.746971      -0.0000000000000000       0.0000000000000000        459
  71.634418      46.128503      -2.5910473994667220       0.3629962765707735          0
  74.825073      46.505866      -3.3497094717069906       0.5499379627427431        501
  78.039131      46.877854      -3.4707224520561439       0.6645827729039135        501
  81.276972      47.243253      -3.5815898602511136       0.7871639488255846        501
  84.538878      47.600843      -3.2889998448586137       1.2123343185419662          0
  87.825026      47.949404      -3.1227116418398895       1.4404009832490026          0
  91.135474      48.287718      -2.9954649060995613       1.5932342957013788          0
  94.470153      48.614576      -2.8355486932083496       1.7399372007787024          0
  97.828854      48.928785      -2.8768524968047924       1.8620858587434694          0
  101.211222      49.229172      -2.5893569528108560       1.5890837853205719          0
  104.616742      49.514590      -2.2312242245652198       1.2131023151077751          0
  108.044737      49.783927      -1.3535714822158917       0.6027856151094106          0
  111.494364      50.036114      -0.4119984055708221      -0.0901509024270016          0
  114.964604      50.270128       0.0423113937510576      -0.5315624808888375          0
  118.454268      50.485004       0.2123402642712703      -0.7969102247584239          0
  121.961999      50.679839       0.1897941283790645      -0.9079867676184034          0
  125.486272      50.853804       0.0217447229721674      -0.8560244131131782          0
  129.025406      51.006146      -0.1832149075211558      -0.7181016258502875          0
  132.577574      51.136197      -0.4118017950711868      -0.4894183096980293          0
  29.561409      38.341062      -0.0000000000000000       0.0000000000000000        522
  32.511193      38.678180      -1.2051883301476252       0.1267496087959459        715
  35.473324      39.024647      -1.2241999151919496       0.1625927785540974        715
  38.448532      39.379574      -0.0000000000000000       0.0000000000000000        522
  41.437551      39.742041      -0.0000000000000000       0.0000000000000000        526
  44.441118      40.111095      -0.0000000000000000       0.0000000000000000        526
  47.459971      40.485753      -2.5181821603862486       0.3713881544157517        503
  50.494841      40.864999      -2.6607394653741041       0.4350294376602976        503
  53.546448      41.247794      -2.7965570310524082       0.5051812592749900        503
  56.615497      41.633067      -2.9251509748646294       0.5818718939550605        503
  59.702672      42.019724      -0.0000000000000000       0.0000000000000000        301
  62.808627      42.406649      -0.0000000000000000       0.0000000000000000        467
  65.933981      42.792702      -0.0000000000000000       0.0000000000000000        466
  69.079308      43.176727      -1.3589452586124087       0.2433228245471640          0
  72.245132      43.557548      -3.2449281287946246       0.6450147102168821        501
  75.431916      43.933979      -3.3733768475930681       0.7469406710122610        501
  78.640053      44.304823      -3.4921472045409705       0.8566320789110038        501
  81.869857      44.668875      -3.6006621750328085       0.9739055592908874        501
  85.121553      45.024929      -3.6983567445133279       1.0985203968524353        501
  88.395267      45.371781      -3.7846821989292962       1.2301759459558921        501
  91.691020      45.708233      -3.6966599949554251       1.4385777417872221          0
  95.008712      46.033099      -3.5221474107043624       1.6512929289664164          0
  98.348121      46.345210      -3.5057728740496743       1.8051420172355246          0
  101.708891      46.643419      -3.5963477523773553       1.8976078143707502          0
  105.090524      46.926612      -3.6703096321830087       1.8913821991425142          0
  108.492381      47.193706      -2.1737520160591011       0.9719995288923388          0
  111.913672      47.443665      -0.4340926626803909      -0.2658874394852087          0
  115.353456      47.675499       0.1807785123368614      -0.8536011688653782          0
  118.810641      47.888278       0.3548340572835798      -1.1561754727848141          0
  122.283991      48.081130       0.2817630973931819      -1.2659790188288818          0
  125.772123      48.253259       0.0568067482940493      -1.1979798074316479          0
  129.273522      48.403941      -0.2092406044103248      -1.0248371853868004          0
  132.786544      48.532538      -0.5118439483585431      -0.7161002450039385          0
  30.018732      35.759582      -1.1866938384926826       0.1273716036645061        715
  32.984004      36.098231      -0.0000000000000000       0.0000000000000000        522
  35.960622      36.446130      -0.0000000000000000       0.0000000000000000          0
  38.949258      36.802373      -2.0820875152047811       0.4190082706270421        503
  41.950587      37.166025      -2.2416296311251522       0.4608547443117106        503
  44.965285      37.536117      -0.0000000000000000       0.0000000000000000        505
  47.994027      37.911652      -0.0000000000000000       0.0000000000000000        505
  51.037479      38.291605      -2.6854535597868985       0.6228546164854637        503
  54.096298      38.674922      -2.8201967391798615       0.6892754171504619        503
  57.171124      39.060526      -2.9475451981681164       0.7619756203092446        503
  60.262573      39.447315      -3.0670256007198700       0.8409515469718177        503
  63.371234      39.834167      -0.0000000000000000       0.0000000000000000        301
  66.497660      40.219941      -0.2610933133388883       0.0422834669314818          0
  69.642363      40.603479      -0.0000000000000000       0.0000000000000000        466
  72.805804      40.983608      -3.2682661766144316       0.8415893865571793        501
  75.988387      41.359147      -3.3947471095717274       0.9385210886286544        501
  79.190451      41.728906      -3.5114335940976202       1.0428756928209968        501
  82.412258      42.091690      -3.6177728261605693       1.1544701202180969        501
  85.653991      42.446308      -3.7132266021151561       1.2730659419840469        501
  88.915741      42.791569      -3.7972753952473903       1.3983672114778598        501
  92.197500      43.126294      -3.8694228425008745       1.5300188260869836        501
  95.499153      43.449318      -3.9292006142273732       1.6676055119069029        501
  98.820472      43.759496      -3.9761736229654376       1.8106515244342163        501
  102.161111      44.055706      -4.0099455088995111       1.9586211551218771        501
  105.520595      44.336860      -4.1974339161989107       2.3728355490296700        607
  108.898322      44.601904       0.0371413787595972      -0.6561466024678095          0
  112.293558      44.849831       0.1949007025286036      -0.9065386399666531          0
  115.705436      45.079682       0.6393720379641756      -1.4257082158584284          0
  119.132957      45.290554       0.6064509115361660      -1.6063176940924728          0
  122.574991      45.481608       0.3726962663768208      -1.6152007625540059          0
  126.030285      45.652074       0.1158478681765534      -1.5850265306082201          0
  129.497468      45.801255      -0.1953422759651377      -1.4223531250978783          0
  132.975060      45.928537      -0.5692897441890807      -1.0324685860848071          0
  30.447283      33.176481      -1.1900346305774931       0.1612933570926552        715
  33.426725      33.516544      -1.2114108096539260       0.1920140246156425        715
  36.416540      33.865760      -0.0000000000000000       0.0000000000000000          0
  39.417347      34.223210      -2.1073570398123573       0.6166263541667880        503
  42.429768      34.587943      -2.2665433758639884       0.6554842736637800        503
  45.454425      34.958977      -2.4200735041030157       0.7000830305602607        503
  48.491935      35.335302      -0.0000000000000000       0.0000000000000000        505
  51.542911      35.715882      -0.0000000000000000       0.0000000000000000        505
  54.607952      36.099655      -0.0000000000000000       0.0000000000000000        505
  57.687640      36.485534      -0.0000000000000000       0.0000000000000000        505
  60.782537      36.872412      -3.0862536324086007       1.0120180051052525        503
  63.893174      37.259164      -0.0000000000000000       0.0000000000000000        301
  67.020051      37.644646      -0.0000000000000000       0.0000000000000000        301
  70.163626      38.027699      -0.0000000000000000       0.0000000000000000        301
  73.324309      38.407156      -3.2895705062028862       1.0331083877729370        501
  76.502457      38.781839      -3.4142045173811675       1.1246943632815483        501
  79.698365      39.150565      -3.5289438965706506       1.2233677325599461        501
  82.912258      39.512152      -3.6332587301857195       1.3289488609530047        501
  86.144285      39.865417      -3.7266358932963008       1.4412046982565747        501
  89.394512      40.209188      -3.8085829042215122       1.5598469641903694        501
  92.662914      40.542302      -3.8786321241923787       1.6845308634949541        501
  95.949369      40.863614      -3.9363452721308505       1.8148544112491956        501
  99.253651      41.171998      -3.9813182098894990       1.9503584473831721        501
  102.575427      41.466359      -4.2427770115394301       2.2729476287670201        607
  105.914250      41.745630      -1.5658518988603563       0.3618742729128767          0
  109.269560      42.008787       0.2029870770450425      -0.8828734956441178          0
  112.640675      42.254846       0.6457022840690055      -1.3489815448100302          0
  116.026799      42.482877       0.5278223459282244      -1.4512003806706844          0
  119.427018      42.692003       0.4012670735446283      -1.5562388464175245          0
  122.840302      42.881413       0.2375056138313307      -1.6403618780476885          0
  126.265513      43.050359       0.0297591125508702      -1.6855417242800783          0
  129.701410      43.198171      -0.2227787610741459      -1.6501761927579255          0
  133.146657      43.324254      -0.4828054771015498      -1.6593786545294300          0
  30.851271      30.591995      -1.1931229859381167       0.1939839440107971        715
  33.843763      30.933373      -1.2141428025448033       0.2226168122960733        715
  36.845682      31.283810      -0.0000000000000000       0.0000000000000000          0
  39.857597      31.642375      -0.0000000000000000       0.0000000000000000          0
  42.880081      32.008101      -2.2898117360529797       0.8470122652197143        503
  45.913709      32.379996      -2.4428072054232333       0.8880769313922624        503
  48.959048      32.757037      -2.5895066360265737       0.9347081425836489        503
  52.016661      33.138179      -0.0000000000000000       0.0000000000000000        505
  55.087097      33.522351      -0.0000000000000000       0.0000000000000000        505
  58.170891      33.908459      -0.0000000000000000       0.0000000000000000        505
  61.268554      34.295393      -0.0000000000000000       0.0000000000000000        506
  64.380572      34.682022      -0.0000000000000000       0.0000000000000000        506
  67.507397      35.067201      -0.0000000000000000       0.0000000000000000        506
  70.649443      35.449775      -0.0000000000000000       0.0000000000000000      50601
  73.807080      35.828577      -0.0000000000000000       0.0000000000000000          0
  76.980625      36.202436      -3.4320563832008042       1.3054139040187254        501
  80.170340      36.570176      -3.5449666800887933       1.3980952250255776        501
  83.376421      36.930624      -3.6473871049446727       1.4973608965314125        501
  86.598993      37.282612      -3.7388280683663906       1.6029858436725841        501
  89.838105      37.624980      -3.8188222560450269       1.7146919245368200        501
  93.093721      37.956582      -3.8869285489782337       1.8321469373072963        501
  96.365719      38.276290      -3.9427362022163521       1.9549642221027281        501
  99.653881      38.583001      -0.0000000000000000       0.0000000000000000          0
  102.957892      38.875639      -0.0000000000000000       0.0000000000000000          0
  106.277336      39.153162      -1.4848764032771666       0.1954096095610222          0
  109.611692      39.414567      -0.4544795591503392      -0.5423132701788703          0
  112.960333      39.658898      -0.2460692618273042      -0.7601192346037548          0
  116.322528      39.885246      -0.2142515829120423      -0.8837242049440232          0
  119.697442      40.092761      -0.2135674624490550      -1.0070369181925558          0
  123.084138      40.280654      -0.2881760085418014      -1.0748777772848657          0
  126.481583      40.448202      -0.4404122169189634      -1.0334635653304589          0
  129.888651      40.594754      -0.6657007188663311      -0.8394267211717538          0
  133.304136      40.719736      -1.0077118950876978      -0.3503640244682968          0
  31.234254      28.006327      -1.1959959897949410       0.2254442895561614        715
  34.238840      28.348933      -1.2166715927902456       0.2518846361432573        715
  37.251928      28.700510      -1.2340464289461321       0.2794712225405283        715
  40.274044      29.060110      -0.0000000000000000       0.0000000000000000          0
  43.305717      29.426756      -0.0000000000000000       0.0000000000000000          0
  46.347477      29.799442      -2.4641338395943744       1.0724409611717622        503
  49.399848      30.177137      -2.6101443799272759       1.1149997739986559        503
  52.463349      30.558785      -2.7492401354185789       1.1629273664243112        503
  55.538486      30.943308      -0.0000000000000000       0.0000000000000000        505
  58.625750      31.329608      -0.0000000000000000       0.0000000000000000        505
  61.725612      31.716568      -0.0000000000000000       0.0000000000000000      50601
  64.838516      32.103056      -0.0000000000000000       0.0000000000000000      50601
  67.964877      32.487927      -0.0000000000000000       0.0000000000000000      50601
  71.105071      32.870026      -0.0000000000000000       0.0000000000000000          0
  74.259435      33.248190      -0.0000000000000000       0.0000000000000000          0
  77.428256      33.621252      -0.0000000000000000       0.0000000000000000          0
  80.611768      33.988047      -3.5597347340803296       1.5669943624679017        501
  83.810146      34.347410      -3.6603726477566498       1.6596709197884165        501
  87.023498      34.698183      -3.7499978735110062       1.7584009349349743        501
  90.251862      35.039223      -3.8281666198473245       1.8629184819895679        501
  93.495200      35.369397      -3.8944623773013149       1.9729058594876272        501
  96.753392      35.687597      -0.0000000000000000       0.0000000000000000          0
  100.026234      35.992736      -1.2689716863467484      -0.1709410316590112        602
  103.313431      36.283759      -1.8515125027052872       0.3402451348905759          0
  106.614598      36.559647      -1.4325129232408695       0.0379517112053271          0
  109.929255      36.819417      -1.2369706613129585      -0.1004964201138633          0
  113.256828      37.062136      -1.0941043639906318      -0.1741088788562206          0
  116.596649      37.286919      -0.8945953282753956      -0.3371052159422688          0
  119.947955      37.492936      -0.7700956506782044      -0.4827261295555353          0
  123.309896      37.679422      -0.7750672171426942      -0.5292470549131498          0
  126.681533      37.845672      -0.8638355067926552      -0.4648769258975462          0
  130.061848      37.991057      -1.0213754960167942      -0.2616765957468763          0
  133.449748      38.115020      -1.2775242421034625       0.1930068034070496          0
  31.599268      25.419647      -1.1986844654681073       0.2556666125983319        715
  34.615127      25.763410      -1.2190263311676852       0.2798186144620662        715
  37.638584      26.116055      -1.2360299512519926       0.3050794176119588        715
  40.670124      26.476623      -0.0000000000000000       0.0000000000000000          0
  43.710237      26.844124      -0.0000000000000000       0.0000000000000000          0
  46.759412      27.217543      -0.0000000000000000       0.0000000000000000          0
  49.818134      27.595838      -2.6295851928341305       1.2911585604010085        503
  52.886885      27.977945      -2.7678608708748755       1.3344881826688793        503
  55.966131      28.362780      -2.8986301558705629       1.3829684214908693        503
  59.056327      28.749239      -0.0000000000000000       0.0000000000000000        505
  62.157908      29.136202      -0.0000000000000000       0.0000000000000000      50601
  65.271283      29.522534      -0.0000000000000000       0.0000000000000000      50601
  68.396836      29.907091      -0.0000000000000000       0.0000000000000000          0
  71.534912      30.288718      -0.0000000000000000       0.0000000000000000          0
  74.685820      30.666259      -0.0000000000000000       0.0000000000000000          0
  77.849825      31.038550      -0.0000000000000000       0.0000000000000000          0
  81.027138      31.404435      -0.0000000000000000       0.0000000000000000          0
  84.217920      31.762757      -3.6723899345588116       1.8158026448782285        501
  87.422267      32.112372      -3.7603030012037326       1.9073982956808349        501
  90.640213      32.452147      -3.8367555661703348       2.0044979399801419        501
  93.871719      32.780967      -0.0000000000000000       0.0000000000000000          0
  97.116675      33.097738      -0.0000000000000000       0.0000000000000000          0
  100.374890      33.401393      -1.2719826025603200      -0.1442589053207356        602
  103.646095      33.690895      -1.3926206440564863      -0.0350432462904212          0
  106.929935      33.965244      -1.3188984093677090      -0.0740870027816103          0
  110.225972      34.223479      -1.3349488851974520      -0.0309223770601499          0
  113.533682      34.464686      -1.3474904605876361       0.0148641791975163          0
  116.852456      34.688002      -1.3574323929911256       0.0612976598621758          0
  120.181602      34.892618      -1.2590386769946633       0.0031773675425120          0
  123.520347      35.077788      -1.2017215791665663      -0.0379218657001784          0
  126.867841      35.242828      -1.2101868738138082      -0.0024531688917175          0
  130.223163      35.387124      -1.2763736660298108       0.1353705638440129          0
  133.585324      35.510136      -0.0000000000000000       0.0000000000000000          0
  31.948935      22.832103      -1.2012142813652622       0.2846363325503000        715
  34.975360      23.176961      -1.2212313438506610       0.3064125557624156        715
  38.008495      23.530614      -1.2378748888476456       0.3292606645120782        715
  41.048789      23.892091      -0.0000000000000000       0.0000000000000000          0
  44.096696      24.260393      -0.0000000000000000       0.0000000000000000          0
  47.152668      24.634494      -0.0000000000000000       0.0000000000000000          0
  50.217157      25.013343      -2.6480000779379989       1.4629285466106112        503
  53.290608      25.395869      -2.7854697572604437       1.5014404869265567        503
  56.373455      25.780982      -0.0000000000000000       0.0000000000000000          0
  59.466122      26.167572      -0.0000000000000000       0.0000000000000000      50602
  62.569011      26.554516      -0.0000000000000000       0.0000000000000000      50602
  65.682505      26.940680      -0.0000000000000000       0.0000000000000000      50602
  68.806957      27.324917      -0.0000000000000000       0.0000000000000000          0
  71.942691      27.706078      -0.0000000000000000       0.0000000000000000          0
  75.089992      28.083008      -0.0000000000000000       0.0000000000000000          0
  78.249106      28.454550      -0.0000000000000000       0.0000000000000000          0
  81.420231      28.819555      -0.0000000000000000       0.0000000000000000          0
  84.603515      29.176876      -3.6835825138569760       1.9656491557528011        501
  87.799049      29.525380      -3.7698725930821473       2.0498940269895241        501
  91.006866      29.863946      -0.0000000000000000       0.0000000000000000          0
  94.226931      30.191475      -0.0000000000000000       0.0000000000000000          0
  97.459145      30.506887      -0.0000000000000000       0.0000000000000000          0
  100.703336      30.809132      -1.2747758998374168      -0.1180784858024320        602
  103.959258      31.097192      -1.2925870852691417      -0.1218044159250095          0
  107.226589      31.370084      -1.3210224644368744      -0.0680072394924859          0
  110.504933      31.626868      -1.3359191808665323      -0.0204750616231552          0
  113.793814      31.866649      -1.3463158555993791       0.0254721273579725          0
  117.092679      32.088583      -1.3543197116477028       0.0705407303498585          0
  120.400901      32.291880      -1.3599887289659853       0.1136190190905133          0
  123.717782      32.475813      -1.3604414100517941       0.1556982367180803          0
  127.042553      32.639715      -1.3546375080910331       0.1980283127718428          0
  130.374381      32.782990      -1.3464268945572728       0.2409235449430108          0
  133.712374      32.905111      -0.0000000000000000       0.0000000000000000          0
  32.285543      20.243825      -1.2036073514715859       0.3123335785005735        715
  35.321922      20.589723      -1.2233071145400765       0.3316545821894901        715
  38.364138      20.944332      -1.2396000125823468       0.3520111294480620        715
  41.412606      21.306669      -0.0000000000000000       0.0000000000000000          0
  44.467746      21.675725      -0.0000000000000000       0.0000000000000000          0
  47.529980      22.050464      -0.0000000000000000       0.0000000000000000          0
  50.599728      22.429827      -0.0000000000000000       0.0000000000000000          0
  53.677403      22.812737      -0.0000000000000000       0.0000000000000000          0
  56.763412      23.198097      -0.0000000000000000       0.0000000000000000          0
  59.858149      23.584794      -0.0000000000000000       0.0000000000000000      50602
  62.961992      23.971703      -0.0000000000000000       0.0000000000000000      50602
  66.075297      24.357687      -0.0000000000000000       0.0000000000000000          0
  69.198397      24.741602      -0.0000000000000000       0.0000000000000000          0
  72.331594      25.122299      -0.0000000000000000       0.0000000000000000          0
  75.475158      25.498628      -0.0000000000000000       0.0000000000000000          0
  78.629319      25.869441      -0.0000000000000000       0.0000000000000000          0
  81.794266      26.233591      -0.0000000000000000       0.0000000000000000          0
  84.970138      26.589945      -3.6940696754087430       2.1090809690755008        501
  88.157026      26.937378      -3.7788135395835631       2.1857805388126703        501
  91.354964      27.274784      -0.0000000000000000       0.0000000000000000          0
  94.563926      27.601074      -0.0000000000000000       0.0000000000000000          0
  97.783825      27.915186      -1.1723328001952660      -0.2350508191421689        603
  101.014510      28.216086      -1.2466138517702445      -0.1832887213882266      60401
  104.255760      28.502772      -1.3010004692181050      -0.1159632401634699          0
  107.507287      28.774278      -1.3278825219801071      -0.0588104107772379          0
  110.768734      29.029684      -1.3399812244827136      -0.0091726856624822          0
  114.039671      29.268111      -1.3478948270744093       0.0364478344293974          0
  117.319602      29.488735      -1.3540085861576885       0.0798698876630045          0
  120.607961      29.690785      -1.3585959297541534       0.1204537809291287          0
  123.904117      29.873548      -1.3596454458864424       0.1593071948812256          0
  127.207378      30.036375      -1.3553595852707578       0.1985827019222287          0
  130.516992      30.178684      -0.0000000000000000       0.0000000000000000          0
  133.832157      30.299964      -1.5406165585115901       0.8908514032612476        649
  32.611110      17.654926      -1.2058824100951908       0.3387343922140325        715
  35.656912      18.001818      -1.2252710411444592       0.3555284187290126        715
  38.707690      18.357338      -1.2412211407254057       0.3733222757854434        715
  41.763828      18.720492      -0.0000000000000000       0.0000000000000000          0
  44.825715      19.090261      -0.0000000000000000       0.0000000000000000          0
  47.893744      19.465600      -1.8156203527174102       1.0760209859500300        710
  50.968306      19.845444      -0.0000000000000000       0.0000000000000000          0
  54.049789      20.228707      -0.0000000000000000       0.0000000000000000          0
  57.138574      20.614288      -0.0000000000000000       0.0000000000000000          0
  60.235031      21.001071      -0.0000000000000000       0.0000000000000000          0
  63.339515      21.387928      -0.0000000000000000       0.0000000000000000          0
  66.452363      21.773723      -0.0000000000000000       0.0000000000000000          0
  69.573888      22.157311      -0.0000000000000000       0.0000000000000000          0
  72.704377      22.537547      -0.0000000000000000       0.0000000000000000          0
  75.844087      22.913286      -0.0000000000000000       0.0000000000000000          0
  78.993238      23.283383      -0.0000000000000000       0.0000000000000000          0
  82.152011      23.646702      -0.0000000000000000       0.0000000000000000          0
  85.320543      24.002116      -3.7039515573657682       2.2459523863909197        501
  88.498925      24.348514      -3.7872152124069869       2.3149332361392321        501
  91.687198      24.684799      -3.8590319350267634       2.3886161707604008        502
  94.885345      25.009897      -0.0000000000000000       0.0000000000000000          0
  98.093295      25.322761      -1.1759305850285673      -0.2034726380877556        603
  101.310918      25.622370      -1.2522987123068603      -0.1281559354306005      60301
  104.538020      25.907739      -1.3119912266601683      -0.1023396350656945      60406
  107.774346      26.177921      -1.3409935769430144      -0.0461904128754687          0
  111.019578      26.432010      -1.3470177125451948       0.0043195954859518          0
  114.273332      26.669147      -1.3515031718083601       0.0489747499227060          0
  117.535163      26.888522      -1.3557807580382188       0.0900405903330931          0
  120.804564      27.089383      -1.3605041451938580       0.1268147930284953          0
  124.080970      27.271034      -1.6388048487325091       0.2521660145183463        648
  127.363757      27.432839      -0.0000000000000000       0.0000000000000000          0
  130.652253      27.574232      -0.0000000000000000       0.0000000000000000          0
  133.945735      27.694714      -1.5541166721899931       1.2736338751437137        649
  32.927438      15.065507      -1.2080556184027806       0.3638116920988822        715
  35.982204      15.413354      -1.2271380249526307       0.3780144221579958        715
  39.041093      15.769746      -1.2427517039523996       0.3931819595953645        715
  42.104459      16.133681      -0.0000000000000000       0.0000000000000000          0
  45.172666      16.504127      -0.0000000000000000       0.0000000000000000          0
  48.246079      16.880034      -1.8595805269971331       1.4376687827779897        710
  51.325066      17.260327      -0.0000000000000000       0.0000000000000000          0
  54.409990      17.643917      -0.0000000000000000       0.0000000000000000          0
  57.501210      18.029697      -0.0000000000000000       0.0000000000000000          0
  60.599076      18.416547      -0.0000000000000000       0.0000000000000000          0
  63.703924      18.803338      -0.0000000000000000       0.0000000000000000          0
  66.816073      19.188934      -0.0000000000000000       0.0000000000000000          0
  69.935823      19.572192      -0.0000000000000000       0.0000000000000000          0
  73.063448      19.951968      -0.0000000000000000       0.0000000000000000          0
  76.199195      20.327123      -0.0000000000000000       0.0000000000000000          0
  79.343278      20.696517      -0.0000000000000000       0.0000000000000000          0
  82.495874      21.059023      -0.0000000000000000       0.0000000000000000          0
  85.657120      21.413523      -0.0000000000000000       0.0000000000000000          0
  88.827112      21.758914      -0.0000000000000000       0.0000000000000000          0
  92.005896      22.094113      -0.0000000000000000       0.0000000000000000          0
  95.193471      22.418058      -0.0000000000000000       0.0000000000000000          0
  98.389781      22.729716      -1.1793452490761036      -0.1720854218639494        603
  101.594719      23.028081      -1.2577103786726842      -0.0733733394975745      60401
  104.808118      23.312183      -1.3168011304963951      -0.0505095136641664      60405
  108.029757      23.581092      -1.3636155907729390      -0.0239667923338549          0
  111.259355      23.833917      -1.3544509560432723       0.0223804710030442          0
  114.496574      24.069816      -1.3548130884674012       0.0645479140514961          0
  117.741018      24.287997      -1.3595490000439643       0.1009484802229280          0
  120.992236      24.487721      -1.3633833384559266       0.1325455754052605        602
  124.249724      24.668307      -0.0000000000000000       0.0000000000000000          0
  127.512925      24.829137      -0.0000000000000000       0.0000000000000000          0
  130.781237      24.969655      -0.0000000000000000       0.0000000000000000          0
  134.054015      25.089375      -0.0000000000000000       0.0000000000000000          0
  33.236157      12.475661      -1.2101410442821035       0.3875360476260936        715
  36.299487      12.824428      -1.2289209339351437       0.3990904042574419        715
  39.366091      13.181660      -1.2442031865918630       0.4115753028319538        715
  42.436301      13.546342      -0.0000000000000000       0.0000000000000000          0
  45.510452      13.917436      -1.2325994644836298       0.9905589875037943        709
  48.588889      14.293881      -1.2053000047869422       1.0083153749183780        709
  51.671954      14.674599      -1.1744730763081588       1.0265177633963962        709
  54.759993      15.058491      -1.1401884072010906       1.0450918323708152        709
  57.853343      15.444449      -0.0000000000000000       0.0000000000000000          0
  60.952338      15.831350      -0.0000000000000000       0.0000000000000000          0
  64.057299      16.218063      -0.0000000000000000       0.0000000000000000          0
  67.168530      16.603451      -0.0000000000000000       0.0000000000000000          0
  70.286320      16.986373      -0.0000000000000000       0.0000000000000000          0
  73.410935      17.365691      -0.0000000000000000       0.0000000000000000          0
  76.542614      17.740266      -0.0000000000000000       0.0000000000000000          0
  79.681568      18.108969      -0.0000000000000000       0.0000000000000000          0
  82.827973      18.470676      -0.0000000000000000       0.0000000000000000          0
  85.981969      18.824281      -0.0000000000000000       0.0000000000000000          0
  89.143658      19.168690      -0.0000000000000000       0.0000000000000000          0
  92.313097      19.502831      -0.0000000000000000       0.0000000000000000          0
  95.490298      19.825656      -0.0000000000000000       0.0000000000000000          0
  98.675226      20.136144      -1.1826029110138896      -0.1409208830419858        603
  101.867794      20.433305      -1.2628883891527070      -0.0190216940718336      60401
  105.067866      20.716183      -1.3213991011106416       0.0008408041284182        604
  108.275251      20.983862      -1.3759083415540698       0.0228312274358193      60404
  111.489709      21.235468      -1.3429638407420901       0.0548165824595847          0
  114.710942      21.470175      -0.0000000000000000       0.0000000000000000          0
  117.938604      21.687206      -0.0000000000000000       0.0000000000000000          0
  121.172298      21.885836      -0.0000000000000000       0.0000000000000000          0
  124.411575      22.065400      -0.0000000000000000       0.0000000000000000          0
  127.655945      22.225293      -0.0000000000000000       0.0000000000000000          0
  130.904870      22.364972      -0.0000000000000000       0.0000000000000000          0
  134.157777      22.483961      -7.2027590258112539       1.4201532263115173        684
  33.538758       9.885470      -1.2121510458892988       0.4098763008189361        701
  36.610303      10.235130      -1.2306309704535279       0.4187322896281511        715
  39.684280      10.593173      -0.0000000000000000       0.0000000000000000          0
  42.760994      10.958576      -1.2539762429093362       0.9652926278383232        709
  45.840759      11.330290      -1.2298393814286801       0.9799238597762519        709
  48.923897      11.707250      -1.2021177784710311       0.9951274435494175        709
  52.010733      12.088367      -1.1708766694903068       1.0108447708566497        709
  55.101593      12.472542      -0.0000000000000000       0.0000000000000000          0
  58.196799      12.858660      -0.0000000000000000       0.0000000000000000          0
  61.296669      13.245596      -0.0000000000000000       0.0000000000000000          0
  64.401511      13.632218      -0.0000000000000000       0.0000000000000000          0
  67.511621      14.017389      -0.0000000000000000       0.0000000000000000          0
  70.627278      14.399972      -0.0000000000000000       0.0000000000000000          0
  73.748741      14.778830      -0.0000000000000000       0.0000000000000000          0
  76.876246      15.152830      -0.0000000000000000       0.0000000000000000          0
  80.010003      15.520847      -0.0000000000000000       0.0000000000000000          0
  83.150190      15.881768      -0.0000000000000000       0.0000000000000000          0
  86.296953      16.234493      -0.0000000000000000       0.0000000000000000          0
  89.450402      16.577940      -0.0000000000000000       0.0000000000000000          0
  92.610605      16.911048      -0.0000000000000000       0.0000000000000000          0
  95.777590      17.232780      -0.0000000000000000       0.0000000000000000          0
  98.951343      17.542128      -1.1857261920959594      -0.1100159024952407      60302
  102.131801      17.838117      -1.2678671690226155       0.0348135848179617      60402
  105.318855      18.119805      -1.3258162371322657       0.0516331976757492        604
  108.512349      18.386292      -1.3797686996319358       0.0704228427596427        604
  111.712077      18.636717      -0.0000000000000000       0.0000000000000000          0
  114.917788      18.870270      -1.3545021116224754       0.0924237392093707        612
  118.129178      19.086188      -0.0000000000000000       0.0000000000000000          0
  121.345903      19.283762      -0.0000000000000000       0.0000000000000000          0
  124.567570      19.462340      -0.0000000000000000       0.0000000000000000          0
  127.793746      19.621329      -7.1667451017188659       1.1753961425186525        684
  131.023960      19.760198      -7.1961167012453826       1.3094335259918601        801
  134.257703      19.878483      -7.2026163525991915       1.4459603545001760        801
  33.836625       7.295014      -1.2140965813259668       0.4308000618741719        712
  36.916085       7.645542      -1.2322779656373468       0.4369146379589022        712
  39.997133       8.004372      -0.0000000000000000       0.0000000000000000          0
  43.080053       8.370472      -1.2516427833163111       0.9546508041824870        709
  46.165138       8.742784      -1.2270890510825048       0.9666388946572340        709
  49.252691       9.120236      -1.1989546227202050       0.9792633729991638        709
  52.343020       9.501734      -1.1673094158680584       0.9924720955957738        709
  55.436434       9.886172      -0.0000000000000000       0.0000000000000000          0
  58.533244      10.272433      -0.0000000000000000       0.0000000000000000          0
  61.633755      10.659390      -0.0000000000000000       0.0000000000000000          0
  64.738264      11.045910      -0.0000000000000000       0.0000000000000000          0
  67.847060      11.430856      -0.0000000000000000       0.0000000000000000          0
  70.960416      11.813094      -0.0000000000000000       0.0000000000000000          0
  74.078588      12.191489      -0.0000000000000000       0.0000000000000000          0
  77.201810      12.564915      -0.0000000000000000       0.0000000000000000          0
  80.330294      12.932252      -0.0000000000000000       0.0000000000000000          0
  83.464222      13.292395      -0.0000000000000000       0.0000000000000000          0
  86.603748      13.644253      -0.0000000000000000       0.0000000000000000          0
  89.748990      13.986753      -0.0000000000000000       0.0000000000000000          0
  92.900034      14.318846      -0.0000000000000000       0.0000000000000000          0
  96.056923      14.639507      -0.0000000000000000       0.0000000000000000          0
  99.219662      14.947741      -1.1887348902910395      -0.0794116963489168      60302
  102.388216      15.242585      -1.2726770217582848       0.0880433332759767      60402
  105.562504      15.523113      -1.3300798565386560       0.1017857454064059      60402
  108.742402      15.788437      -1.3834917718911288       0.1173423022799719        604
  111.927741      16.037713      -1.3445314000466881       0.0825472075711772        612
  115.118310      16.270144      -0.0000000000000000       0.0000000000000000          0
  118.313854      16.484981      -0.0000000000000000       0.0000000000000000          0
  121.514073      16.681530      -0.0000000000000000       0.0000000000000000          0
  124.718631      16.859150      -0.0000000000000000       0.0000000000000000          0
  127.927150      17.017263      -7.1684098329921726       1.2329943704073336        801
  131.139219      17.155348      -7.1967425496638988       1.3491025009062558        801
  134.354394      17.272952      -7.2024574428909460       1.4675833723820688        801
  34.131061       4.704365      -1.2159874612195054       0.4502740987435994        712
  37.218176       5.055742      -1.2338706169512830       0.4536110526869900        712
  40.306033       5.415339      -1.2706249037739481       0.9328421655004600        709
  43.394896       5.782115      -1.2493021123991876       0.9414260252414506        709
  46.485039       6.155006      -1.2243381662584472       0.9507483417378579        709
  49.576749       6.532931      -0.0000000000000000       0.0000000000000000          0
  52.670319       6.914791      -0.0000000000000000       0.0000000000000000          0
  55.766045       7.299477      -0.0000000000000000       0.0000000000000000          0
  58.864226       7.685865      -0.0000000000000000       0.0000000000000000          0
  61.965157       8.072829      -0.0000000000000000       0.0000000000000000          0
  65.069130       8.459235      -0.0000000000000000       0.0000000000000000          0
  68.176427       8.843948      -0.0000000000000000       0.0000000000000000          0
  71.287317       9.225835      -0.0000000000000000       0.0000000000000000          0
  74.402056       9.603764      -0.0000000000000000       0.0000000000000000          0
  77.520879       9.976615      -0.0000000000000000       0.0000000000000000          0
  80.644002      10.343275      -0.0000000000000000       0.0000000000000000          0
  83.771614      10.702645      -0.0000000000000000       0.0000000000000000          0
  86.903877      11.053644      -0.0000000000000000       0.0000000000000000          0
  90.040922      11.395209      -0.0000000000000000       0.0000000000000000          0
  93.182850      11.726302      -0.0000000000000000       0.0000000000000000          0
  96.329722      12.045909      -0.0000000000000000       0.0000000000000000          0
  99.481568      12.353048      -1.2573053133773306       0.0411089327977694        647
  102.638374      12.646769      -1.2773449277357039       0.1405753969401087      60402
  105.800090      12.926160      -1.3342142288694510       0.1512135028330884      60402
  108.966626      13.190346      -1.3870990592400831       0.1635118978728235        604
  112.137849      13.438499      -1.3453519897165873       0.0953597913940367        613
  115.313587      13.669834      -1.3555460249394469       0.1120422497722053        613
  118.493629      13.883617      -1.3615820066191082       0.1294751859601427        613
  121.677725      14.079165      -0.0000000000000000       0.0000000000000000          0
  124.865586      14.255853      -0.0000000000000000       0.0000000000000000          0
  128.056891      14.413112      -7.1699915789825255       1.2864844269891471        801
  131.251286      14.550435      -7.1973231377958840       1.3846264527730121        801
  134.448386      14.667375      -7.2022833063878817       1.4850309702790772        801
  34.423313       2.113593      -1.2178325568670896       0.4682646348970869        712
  37.517859       2.465802      -1.2354166813134335       0.4687944918911317        712
  40.612296       2.826151      -1.2686746875133377       0.9198176556747862        709
  43.706869       3.193587      -1.2469455644988676       0.9256574744139063        709
  46.801837       3.567040      -0.0000000000000000       0.0000000000000000          0
  49.897471       3.945421      -0.0000000000000000       0.0000000000000000          0
  52.994050       4.327628      -0.0000000000000000       0.0000000000000000          0
  56.091862       4.712544      -0.0000000000000000       0.0000000000000000          0
  59.191196       5.099047      -0.0000000000000000       0.0000000000000000          0
  62.292340       5.486006      -0.0000000000000000       0.0000000000000000          0
  65.395579       5.872287      -0.0000000000000000       0.0000000000000000          0
  68.501195       6.256757      -0.0000000000000000       0.0000000000000000          0
  71.609454       6.638284      -0.0000000000000000       0.0000000000000000          0
  74.720614       7.015743      -0.0000000000000000       0.0000000000000000          0
  77.834914       7.388017      -0.0000000000000000       0.0000000000000000          0
  80.952575       7.753999      -0.0000000000000000       0.0000000000000000          0
  84.073795       8.112600      -0.0000000000000000       0.0000000000000000          0
  87.198746       8.462745      -0.0000000000000000       0.0000000000000000          0
  90.327576       8.803383      -0.0000000000000000       0.0000000000000000          0
  93.460399       9.133485      -0.0000000000000000       0.0000000000000000          0
  96.597298       9.452050      -1.2297276633377934       0.0579845662329461      67352
  99.738325       9.758109      -1.2596068319128058       0.0663645052760475        647
  102.883493      10.050724      -1.2857332365250971       0.0758537983848857      64701
  106.032781      10.328996      -1.3382411718774514       0.1998291517750646      60402
  109.186131      10.592065      -0.0000000000000000       0.0000000000000000          0
  112.343447      10.839115      -1.3461374546934526       0.1075224362980695        613
  115.504597      11.069374      -1.3560266711071907       0.1208686624510453        613
  118.669412      11.282124      -0.0000000000000000       0.0000000000000000          0
  121.837687      11.476693      -7.0530004772876316       1.1845102354754129        801
  125.009184      11.652468      -7.1231432285775673       1.2584511467576760        801
  128.183634      11.808893      -7.1715012739036146       1.3358136615762777        801
  131.360737      11.945469      -7.1978635957325618       1.4159830914776486        801
  134.540166      12.061761      -7.2020945658214544       1.4983106602362759        801
  34.714591      -0.477234      -1.2196399735847852       0.4847375650021667        712
  37.816377      -0.124204      -1.2369231330646822       0.4824374924107600        713
  40.917195       0.236882      -0.0000000000000000       0.0000000000000000          0
  44.017273       0.604964      -0.0000000000000000       0.0000000000000000          0
  47.116854       0.978965      -0.0000000000000000       0.0000000000000000          0
  50.216199       1.357789      -0.0000000000000000       0.0000000000000000          0
  53.315575       1.740328      -0.0000000000000000       0.0000000000000000          0
  56.415262       2.125462      -0.0000000000000000       0.0000000000000000          0
  59.515540       2.512065      -0.0000000000000000       0.0000000000000000          0
  62.616695       2.899006      -0.0000000000000000       0.0000000000000000          0
  65.719009       3.285151      -0.0000000000000000       0.0000000000000000          0
  68.822760       3.669368      -0.0000000000000000       0.0000000000000000          0
  71.928220       4.050528      -0.0000000000000000       0.0000000000000000          0
  75.035648       4.427510      -0.0000000000000000       0.0000000000000000          0
  78.145288       4.799202      -0.0000000000000000       0.0000000000000000          0
  81.257371       5.164504      -0.0000000000000000       0.0000000000000000          0
  84.372103       5.522334      -0.0000000000000000       0.0000000000000000          0
  87.489672       5.871628      -0.0000000000000000       0.0000000000000000          0
  90.610238       6.211342      -0.0000000000000000       0.0000000000000000          0
  93.733935       6.540460      -0.0000000000000000       0.0000000000000000          0
  96.860868       6.857993      -1.2323782197993800       0.0856049586344110      67352
  99.991111       7.162981      -1.2618480388137208       0.0909728013325110      67301
  103.124704       7.454502      -1.2875779407093049       0.0973698942629481      64701
  106.261656       7.731669      -1.3094788121601271       0.1047496260782967      64701
  109.401942       7.993634      -0.0000000000000000       0.0000000000000000          0
  112.545502       8.239596      -1.3468924940307008       0.1190226129268048      61404
  115.692243       8.468797      -0.0000000000000000       0.0000000000000000          0
  118.842036       8.680529      -6.9669013965424558       1.2123338041643172        801
  121.994724       8.874135      -7.0569840286706098       1.2649821472578613        801
  125.150115       9.049013      -7.1257551335009737       1.3213521328330902        801
  128.307990       9.204618      -7.1729484196496713       1.3809263283579107        801
  131.468101       9.340462      -7.1983682288352560       1.4431485021813872        801
  134.630178       9.456118      -7.2018915109111710       1.5074299076679323        801
  35.006088      -3.068048      -1.2214171966589624       0.4996585945146979        712
  38.114953      -2.714207      -1.2383962937985777       0.4945123141823969        713
  41.221980      -2.352394      -1.2517234679418914       0.4901117798733127        713
  44.327380      -1.983676      -0.0000000000000000       0.0000000000000000          0
  47.431386      -1.609139      -0.0000000000000000       0.0000000000000000          0
  50.534245      -1.229885      -0.0000000000000000       0.0000000000000000          0
  53.636219      -0.847027      -0.0000000000000000       0.0000000000000000          0
  56.737578      -0.461688      -0.0000000000000000       0.0000000000000000          0
  59.838601      -0.074997      -1.0766533767723916       0.9017566274964527        704
  62.939569       0.311914      -0.0000000000000000       0.0000000000000000          0
  66.040765       0.697912      -0.0000000000000000       0.0000000000000000          0
  69.142468       1.081865      -0.0000000000000000       0.0000000000000000          0
  72.244952       1.462648      -0.0000000000000000       0.0000000000000000          0
  75.348484       1.839145      -0.0000000000000000       0.0000000000000000          0
  78.453315       2.210247      -0.0000000000000000       0.0000000000000000          0
  81.559685       2.574865      -0.0000000000000000       0.0000000000000000          0
  84.667813       2.931921      -0.0000000000000000       0.0000000000000000          0
  87.777902       3.280362      -0.0000000000000000       0.0000000000000000          0
  90.890129       3.619153      -0.0000000000000000       0.0000000000000000          0
  94.004646       3.947290      -0.0000000000000000       0.0000000000000000          0
  97.121581       4.263793      -0.0000000000000000       0.0000000000000000          0
  100.241033       4.567717      -1.2640397114082487       0.1148916997765528      67301
  103.363069       4.858151      -1.2893784663814940       0.1181957502067678      64701
  106.487729       5.134221      -1.3109062714376565       0.1224128145957684      64701
  109.615020       5.395093      -1.3285494201202750       0.1274938899077179        614
  112.744918       5.639978      -0.0000000000000000       0.0000000000000000          0
  115.877367       5.868131      -0.0000000000000000       0.0000000000000000          0
  119.012282       6.078857      -0.0000000000000000       0.0000000000000000          0
  122.149547       6.271513      -7.0608595389277555       1.3410826648557181        801
  125.289019       6.445506      -7.1282872949004910       1.3799267474530970        801
  128.430525       6.600301      -7.1743413372547238       1.4217648613780236        801
  131.573870       6.735423      -7.1988406497494406       1.4660982249311869        801
  134.718836       6.850453      -7.2016741354695082       1.5123969977134328        801
>