>anchorPlateId 301
>reconstructionTime 87
>DeformingMeshPoints.gpml lat_lon_velocity_domain_28_32.gpml
>MeshNode <identity>GPlates-b7a3af0e-8119-4abb-9ae6-39bb7e5702ce</identity> <revision>GPlates-7b04c5e6-7801-49f1-bcc4-23d6f4e5417f</revision>
> reconstructionPlateId 0
> validTime TimePeriod <begin> TimeInstant <timePosition>http://gplates.org/times/distantPast</timePosition></begin> <end> TimeInstant <timePosition>http://gplates.org/times/distantFuture</timePosition></end>
  35.592302      72.179000      -0.0000000000000000       0.0000000000000000        302
  38.568369      72.276972      -0.0000000000000000       0.0000000000000000        302
  41.559761      72.377265      -0.0000000000000000       0.0000000000000000        302
  44.567097      72.479617      -0.0000000000000000       0.0000000000000000        302
  47.590976      72.583755      -0.0000000000000000       0.0000000000000000        302
  50.631976      72.689400      -0.0000000000000000       0.0000000000000000        302
  53.690648      72.796261      -0.0000000000000000       0.0000000000000000        373
  56.767517      72.904040      -0.0000000000000000       0.0000000000000000        372
  59.863072      73.012431      -0.0000000000000000       0.0000000000000000        372
  62.977766      73.121120      -0.0000000000000000       0.0000000000000000        372
  66.112005      73.229787      -0.0000000000000000       0.0000000000000000        372
  69.266151      73.338107      -0.0000000000000000       0.0000000000000000        372
  72.440509      73.445746      -0.0000000000000000       0.0000000000000000        372
  75.635325      73.552370      -0.0000000000000000       0.0000000000000000        401
  78.850780      73.657640      -0.0000000000000000       0.0000000000000000        401
  82.086983      73.761214      -0.0000000000000000       0.0000000000000000        401
  85.343965      73.862750      -0.0000000000000000       0.0000000000000000        401
  88.621675      73.961906      -0.0000000000000000       0.0000000000000000        401
  91.919973      74.058341      -0.0000000000000000       0.0000000000000000        401
  95.238623      74.151719      -0.0000000000000000       0.0000000000000000        401
  98.577292      74.241706      -0.0000000000000000       0.0000000000000000        401
  101.935543      74.327976      -0.0000000000000000       0.0000000000000000        401
  105.312832      74.410210      -0.0000000000000000       0.0000000000000000        401
  108.708507      74.488099      -0.0000000000000000       0.0000000000000000        401
  112.121803      74.561347      -0.0000000000000000       0.0000000000000000        401
  115.551846      74.629669      -0.0000000000000000       0.0000000000000000          0
  118.997652      74.692797      -0.0000000000000000       0.0000000000000000          0
  122.458128      74.750479      -0.0000000000000000       0.0000000000000000          0
  125.932078      74.802482      -0.0000000000000000       0.0000000000000000          0
  129.418207      74.848593      -0.0000000000000000       0.0000000000000000          0
  132.915128      74.888623      -0.0000000000000000       0.0000000000000000          0
  136.421372      74.922405      -0.0000000000000000       0.0000000000000000          0
  139.935396      74.949796       0.1270440459451474       0.3809419480274200      42101
  36.383325      69.584703      -0.0000000000000000       0.0000000000000000        302
  39.383183      69.683327      -0.0000000000000000       0.0000000000000000        302
  42.396560      69.784214      -0.0000000000000000       0.0000000000000000        302
  45.423963      69.887096      -0.0000000000000000       0.0000000000000000        302
  48.465878      69.991695      -0.0000000000000000       0.0000000000000000        302
  51.522768      70.097722      -0.0000000000000000       0.0000000000000000        302
  54.595070      70.204884      -0.0000000000000000       0.0000000000000000        302
  57.683191      70.312876      -0.0000000000000000       0.0000000000000000        302
  60.787506      70.421388      -0.0000000000000000       0.0000000000000000        372
  63.908352      70.530105      -0.0000000000000000       0.0000000000000000        372
  67.046025      70.638703      -0.0000000000000000       0.0000000000000000        372
  70.200778      70.746856      -0.0000000000000000       0.0000000000000000        372
  73.372813      70.854232      -0.0000000000000000       0.0000000000000000        401
  76.562280      70.960498      -0.0000000000000000       0.0000000000000000        401
  79.769271      71.065316      -0.0000000000000000       0.0000000000000000        401
  82.993817      71.168350      -0.0000000000000000       0.0000000000000000        401
  86.235882      71.269264      -0.0000000000000000       0.0000000000000000        401
  89.495362      71.367721      -0.0000000000000000       0.0000000000000000        401
  92.772077      71.463390      -0.0000000000000000       0.0000000000000000        401
  96.065771      71.555941      -0.0000000000000000       0.0000000000000000        401
  99.376110      71.645053      -0.0000000000000000       0.0000000000000000        401
  102.702676      71.730411      -0.0000000000000000       0.0000000000000000        401
  106.044967      71.811707      -0.0000000000000000       0.0000000000000000        401
  109.402395      71.888647      -0.0000000000000000       0.0000000000000000        401
  112.774289      71.960946      -0.0000000000000000       0.0000000000000000        401
  116.159890      72.028334      -0.0000000000000000       0.0000000000000000        401
  119.558358      72.090555      -0.0000000000000000       0.0000000000000000        401
  122.968770      72.147373      -0.0000000000000000       0.0000000000000000        401
  126.390127      72.198567      -0.0000000000000000       0.0000000000000000        401
  129.821356      72.243937      -0.0000000000000000       0.0000000000000000          0
  133.261315      72.283305      -0.0000000000000000       0.0000000000000000          0
  136.708804      72.316514      -0.0000000000000000       0.0000000000000000          0
  140.162566      72.343433      -0.0000000000000000       0.0000000000000000          0
  37.002579      66.987612      -0.0000000000000000       0.0000000000000000        302
  40.020263      67.086731      -0.0000000000000000       0.0000000000000000        302
  43.049980      67.188068      -0.0000000000000000       0.0000000000000000        302
  46.092152      67.291349      -0.0000000000000000       0.0000000000000000        302
  49.147185      67.396289      -0.0000000000000000       0.0000000000000000        302
  52.215459      67.502598      -0.0000000000000000       0.0000000000000000        302
  55.297328      67.609974      -0.0000000000000000       0.0000000000000000        302
  58.393119      67.718113      -0.0000000000000000       0.0000000000000000        302
  61.503126      67.826700      -0.0000000000000000       0.0000000000000000        302
  64.627610      67.935418      -0.0000000000000000       0.0000000000000000        302
  67.766793      68.043944      -0.0000000000000000       0.0000000000000000        372
  70.920857      68.151948      -0.0000000000000000       0.0000000000000000        401
  74.089938      68.259102      -0.0000000000000000       0.0000000000000000        401
  77.274129      68.365073      -0.0000000000000000       0.0000000000000000        401
  80.473467      68.469527      -0.0000000000000000       0.0000000000000000        401
  83.687941      68.572130      -0.0000000000000000       0.0000000000000000        401
  86.917478      68.672551      -0.0000000000000000       0.0000000000000000        401
  90.161950      68.770459      -0.0000000000000000       0.0000000000000000        401
  93.421164      68.865528      -0.0000000000000000       0.0000000000000000        401
  96.694865      68.957438      -0.0000000000000000       0.0000000000000000        401
  99.982730      69.045873      -0.0000000000000000       0.0000000000000000        401
  103.284371      69.130528      -0.0000000000000000       0.0000000000000000        401
  106.599329      69.211104      -0.0000000000000000       0.0000000000000000        401
  109.927077      69.287317      -0.0000000000000000       0.0000000000000000        401
  113.267020      69.358892      -0.0000000000000000       0.0000000000000000        401
  116.618495      69.425569      -0.0000000000000000       0.0000000000000000        401
  119.980774      69.487104      -0.0000000000000000       0.0000000000000000        401
  123.353062      69.543268      -0.0000000000000000       0.0000000000000000        401
  126.734507      69.593851      -0.0000000000000000       0.0000000000000000      43102
  130.124198      69.638662      -0.0000000000000000       0.0000000000000000      43101
  133.521172      69.677532      -0.0000000000000000       0.0000000000000000      43101
  136.924420      69.710311       0.0721671760692435       0.1473990985007201      43202
  140.332889      69.736875       0.1342656679462955       0.1428516197628014      43202
  37.502291      64.388577      -0.0000000000000000       0.0000000000000000        302
  40.533843      64.488087      -0.0000000000000000       0.0000000000000000        302
  43.576183      64.589778      -0.0000000000000000       0.0000000000000000        302
  46.629671      64.693369      -0.0000000000000000       0.0000000000000000        302
  49.694650      64.798574      -0.0000000000000000       0.0000000000000000        302
  52.771439      64.905096      -0.0000000000000000       0.0000000000000000        302
  55.860331      65.012634      -0.0000000000000000       0.0000000000000000        302
  58.961595      65.120878      -0.0000000000000000       0.0000000000000000        302
  62.075467      65.229514      -0.0000000000000000       0.0000000000000000        302
  65.202154      65.338221      -0.0000000000000000       0.0000000000000000        390
  68.341827      65.446675      -0.0000000000000000       0.0000000000000000        468
  71.494619      65.554550      -0.0000000000000000       0.0000000000000000        401
  74.660625      65.661515      -0.0000000000000000       0.0000000000000000        401
  77.839898      65.767240      -0.0000000000000000       0.0000000000000000        401
  81.032446      65.871393      -0.0000000000000000       0.0000000000000000        401
  84.238228      65.973643      -0.0000000000000000       0.0000000000000000        401
  87.457156      66.073663      -0.0000000000000000       0.0000000000000000        401
  90.689091      66.171127      -0.0000000000000000       0.0000000000000000        401
  93.933841      66.265713      -0.0000000000000000       0.0000000000000000        401
  97.191157      66.357108      -0.0000000000000000       0.0000000000000000        401
  100.460736      66.445002      -0.0000000000000000       0.0000000000000000        401
  103.742220      66.529097      -0.0000000000000000       0.0000000000000000        401
  107.035191      66.609102      -0.0000000000000000       0.0000000000000000        401
  110.339175      66.684739      -0.0000000000000000       0.0000000000000000        401
  113.653642      66.755742      -0.0000000000000000       0.0000000000000000        401
  116.978007      66.821859      -0.0000000000000000       0.0000000000000000        401
  120.311629      66.882852      -0.0000000000000000       0.0000000000000000        401
  123.653818      66.938502      -0.0000000000000000       0.0000000000000000        401
  127.003833      66.988605      -0.0000000000000000       0.0000000000000000      43102
  130.360887      67.032979      -0.0000000000000000       0.0000000000000000      43101
  133.724152      67.071459      -0.0000000000000000       0.0000000000000000      43101
  137.092761      67.103902       0.0752419730424644       0.0279235543363884      43202
  140.465817      67.130188       0.1366792564945502       0.0233778473145332      43200
  37.915529      61.788138      -0.0000000000000000       0.0000000000000000        302
  40.958198      61.887965      -0.0000000000000000       0.0000000000000000        302
  44.010596      61.989941      -0.0000000000000000       0.0000000000000000        302
  47.073035      62.093782      -0.0000000000000000       0.0000000000000000        302
  50.145809      62.199198      -0.0000000000000000       0.0000000000000000        302
  53.229189      62.305889      -0.0000000000000000       0.0000000000000000        302
  56.323425      62.413552      -0.0000000000000000       0.0000000000000000        302
  59.428738      62.521875      -0.0000000000000000       0.0000000000000000        302
  62.545324      62.630542      -0.0000000000000000       0.0000000000000000        390
  65.673350      62.739232      -0.0000000000000000       0.0000000000000000        468
  68.812950      62.847620      -0.0000000000000000       0.0000000000000000        468
  71.964225      62.955380      -0.0000000000000000       0.0000000000000000        401
  75.127239      63.062183      -0.0000000000000000       0.0000000000000000        401
  78.302021      63.167698      -0.0000000000000000       0.0000000000000000        401
  81.488557      63.271598      -0.0000000000000000       0.0000000000000000        401
  84.686795      63.373554      -0.0000000000000000       0.0000000000000000        401
  87.896636      63.473240      -0.0000000000000000       0.0000000000000000        401
  91.117940      63.570336      -0.0000000000000000       0.0000000000000000        401
  94.350518      63.664525      -0.0000000000000000       0.0000000000000000        401
  97.594136      63.755496      -0.0000000000000000       0.0000000000000000        401
  100.848511      63.842946      -0.0000000000000000       0.0000000000000000        401
  104.113313      63.926583      -0.0000000000000000       0.0000000000000000        401
  107.388161      64.006121      -0.0000000000000000       0.0000000000000000        401
  110.672628      64.081289      -0.0000000000000000       0.0000000000000000        401
  113.966240      64.151827      -0.0000000000000000       0.0000000000000000        401
  117.268474      64.217488      -0.0000000000000000       0.0000000000000000        401
  120.578764      64.278043      -0.0000000000000000       0.0000000000000000        401
  123.896499      64.333276      -0.0000000000000000       0.0000000000000000        401
  127.221031      64.382992      -0.0000000000000000       0.0000000000000000      43102
  130.551669      64.427012      -0.0000000000000000       0.0000000000000000      43102
  133.887691      64.465178      -0.0000000000000000       0.0000000000000000      43101
  137.228343      64.497350      -0.0000000000000000       0.0000000000000000      43101
  140.572844      64.523413      -0.0000000000000000       0.0000000000000000      43101
  38.264247      59.186650      -0.0000000000000000       0.0000000000000000        302
  41.316048      59.286741      -0.0000000000000000       0.0000000000000000        302
  44.376664      59.388953      -0.0000000000000000       0.0000000000000000        302
  47.446370      59.493000      -0.0000000000000000       0.0000000000000000        302
  50.525419      59.598588      -0.0000000000000000       0.0000000000000000        302
  53.614047      59.705417      -0.0000000000000000       0.0000000000000000        302
  56.712467      59.813179      -0.0000000000000000       0.0000000000000000        302
  59.820866      59.921563      -0.0000000000000000       0.0000000000000000        390
  62.939409      60.030250      -0.0000000000000000       0.0000000000000000        390
  66.068232      60.138920      -0.0000000000000000       0.0000000000000000        468
  69.207443      60.247248      -0.0000000000000000       0.0000000000000000        468
  72.357117      60.354906      -0.0000000000000000       0.0000000000000000        401
  75.517301      60.461567      -0.0000000000000000       0.0000000000000000        401
  78.688005      60.566903      -0.0000000000000000       0.0000000000000000        401
  81.869203      60.670586      -0.0000000000000000       0.0000000000000000        401
  85.060834      60.772291      -0.0000000000000000       0.0000000000000000        401
  88.262798      60.871695      -0.0000000000000000       0.0000000000000000        401
  91.474956      60.968480      -0.0000000000000000       0.0000000000000000        401
  94.697128      61.062334      -0.0000000000000000       0.0000000000000000        401
  97.929094      61.152949      -0.0000000000000000       0.0000000000000000        401
  101.170591      61.240028      -0.0000000000000000       0.0000000000000000        401
  104.421314      61.323281      -0.0000000000000000       0.0000000000000000        401
  107.680918      61.402430      -0.0000000000000000       0.0000000000000000        401
  110.949016      61.477207      -0.0000000000000000       0.0000000000000000        401
  114.225180      61.547357      -0.0000000000000000       0.0000000000000000        401
  117.508941      61.612640      -0.0000000000000000       0.0000000000000000        401
  120.799794      61.672831      -0.0000000000000000       0.0000000000000000        401
  124.097197      61.727719      -0.0000000000000000       0.0000000000000000        401
  127.400572      61.777114      -0.0000000000000000       0.0000000000000000        401
  130.709311      61.820841      -0.0000000000000000       0.0000000000000000        401
  134.022776      61.858746      -0.0000000000000000       0.0000000000000000        401
  137.340302      61.890695      -0.0000000000000000       0.0000000000000000      43101
  140.661202      61.916573      -0.0000000000000000       0.0000000000000000      43101
  38.563589      56.584361      -0.0000000000000000       0.0000000000000000        302
  41.623046      56.684676      -0.0000000000000000       0.0000000000000000        302
  44.690520      56.787087      -0.0000000000000000       0.0000000000000000        302
  47.766253      56.891306      -0.0000000000000000       0.0000000000000000        302
  50.850470      56.997038      -0.0000000000000000       0.0000000000000000        302
  53.943374      57.103981      -0.0000000000000000       0.0000000000000000        302
  57.045150      57.211824      -0.0000000000000000       0.0000000000000000        302
  60.155960      57.320256      -0.0000000000000000       0.0000000000000000        390
  63.275942      57.428957      -0.0000000000000000       0.0000000000000000        390
  66.405210      57.537606      -0.0000000000000000       0.0000000000000000        468
  69.543852      57.645877      -0.0000000000000000       0.0000000000000000        468
  72.691926      57.753445      -0.0000000000000000       0.0000000000000000        401
  75.849463      57.859982      -0.0000000000000000       0.0000000000000000        401
  79.016462      57.965161      -0.0000000000000000       0.0000000000000000        401
  82.192891      58.068656      -0.0000000000000000       0.0000000000000000        401
  85.378684      58.170144      -0.0000000000000000       0.0000000000000000        401
  88.573741      58.269305      -0.0000000000000000       0.0000000000000000        401
  91.777929      58.365824      -0.0000000000000000       0.0000000000000000        401
  94.991077      58.459390      -0.0000000000000000       0.0000000000000000        401
  98.212978      58.549701      -0.0000000000000000       0.0000000000000000        401
  101.443390      58.636463      -0.0000000000000000       0.0000000000000000        401
  104.682033      58.719390      -0.0000000000000000       0.0000000000000000        401
  107.928592      58.798207      -0.0000000000000000       0.0000000000000000        401
  111.182713      58.872652      -0.0000000000000000       0.0000000000000000        401
  114.444010      58.942473      -0.0000000000000000       0.0000000000000000        401
  117.712062      59.007436      -0.0000000000000000       0.0000000000000000        401
  120.986414      59.067318      -0.0000000000000000       0.0000000000000000        401
  124.266579      59.121915      -0.0000000000000000       0.0000000000000000        401
  127.552043      59.171038      -0.0000000000000000       0.0000000000000000        401
  130.842263      59.214518      -0.0000000000000000       0.0000000000000000        401
  134.136670      59.252204      -0.0000000000000000       0.0000000000000000        401
  137.434674      59.283963      -0.0000000000000000       0.0000000000000000      43101
  140.735666      59.309686      -0.0000000000000000       0.0000000000000000      43400
  38.824344      53.981446      -0.0000000000000000       0.0000000000000000        302
  41.890330      54.081952      -0.0000000000000000       0.0000000000000000        302
  44.963630      54.184534      -0.0000000000000000       0.0000000000000000        302
  48.044457      54.288902      -0.0000000000000000       0.0000000000000000        302
  51.133009      54.394756      -0.0000000000000000       0.0000000000000000        302
  54.229467      54.501795      -0.0000000000000000       0.0000000000000000        302
  57.333991      54.609706      -0.0000000000000000       0.0000000000000000        302
  60.446722      54.718176      -0.0000000000000000       0.0000000000000000        390
  63.567779      54.826886      -0.0000000000000000       0.0000000000000000        468
  66.697258      54.935513      -0.0000000000000000       0.0000000000000000        468
  69.835230      55.043733      -0.0000000000000000       0.0000000000000000        468
  72.981742      55.151219      -0.0000000000000000       0.0000000000000000        468
  76.136814      55.257646      -0.0000000000000000       0.0000000000000000        401
  79.300437      55.362686      -0.0671320037297899       0.0057345887788860          0
  82.472575      55.466017      -0.2261082104630438       0.0283503201082944          0
  85.653161      55.567315      -0.2954778529090095       0.0489896285611864          0
  88.842098      55.666264      -0.2839002600037510       0.0587042460019773          0
  92.039258      55.762550      -0.1844836016096693       0.0458304910656564          0
  95.244480      55.855867      -0.0162221672287273       0.0047183169216868          0
  98.457572      55.945914      -0.0000000000000000       0.0000000000000000        401
  101.678310      56.032401      -0.0000000000000000       0.0000000000000000        401
  104.906436      56.115045      -0.0000000000000000       0.0000000000000000        401
  108.141662      56.193576      -0.0000000000000000       0.0000000000000000        401
  111.383667      56.267734      -0.0002260471943018       0.0042722275255176          0
  114.632099      56.337272      -0.0002755737415039       0.0672307371196793          0
  117.886577      56.401959       0.0062614032667059       0.1174778476596691          0
  121.146690      56.461575       0.0187213771301927       0.1495105429315563          0
  124.412001      56.515921       0.0363521765276289       0.1688333537808252          0
  127.682047      56.564811       0.0563724163483700       0.1760760424087656          0
  130.956340      56.608079       0.0760244555904044       0.1712230510423202          0
  134.234371      56.645576       0.0944591150735847       0.1642749726173731          0
  137.515613      56.677173       0.1061596622812202       0.1573681887901928          0
  140.799520      56.702762       0.0996891107941010       0.1341729387629679          0
  39.054405      51.378033      -0.0000000000000000       0.0000000000000000        302
  42.126046      51.478707      -0.0000000000000000       0.0000000000000000        302
  45.204370      51.581438      -0.0000000000000000       0.0000000000000000        302
  48.289569      51.685933      -0.0000000000000000       0.0000000000000000        302
  51.381819      51.791894      -0.0000000000000000       0.0000000000000000        302
  54.481280      51.899014      -0.0000000000000000       0.0000000000000000        302
  57.588094      52.006983      -0.0000000000000000       0.0000000000000000        302
  60.702383      52.115485      -0.0000000000000000       0.0000000000000000        390
  63.824252      52.224200      -0.0000000000000000       0.0000000000000000        465
  66.953782      52.332806      -0.0000000000000000       0.0000000000000000        458
  70.091032      52.440978      -0.0000000000000000       0.0000000000000000        459
  73.236039      52.548391      -0.0000000000000000       0.0000000000000000        460
  76.388815      52.654718      -0.3552293111869261       0.0174054224975693          0
  79.549347      52.759635      -0.6864393595994897       0.0604220447353936          0
  82.717597      52.862819      -0.8799066491323095       0.1121854681714683          0
  85.893498      52.963949      -0.9487393766103880       0.1588781627525089          0
  89.076957      53.062710      -0.9126860409126144       0.1898103656125676          0
  92.267853      53.158791      -0.7838745044542888       0.1952328500930195          0
  95.466034      53.251888      -0.5615091283981394       0.1632786960328293          0
  98.671324      53.341703      -0.2622078296952943       0.0873805302534820          0
  101.883514      53.427949      -0.0000000000000000       0.0000000000000000        401
  105.102368      53.510345      -0.0000000000000000       0.0000000000000000        401
  108.327622      53.588625      -0.0073655366552981       0.0567454938990072          0
  111.558982      53.662532      -0.0123994498671387       0.1855940162623305          0
  114.796129      53.731822      -0.0014619628326818       0.2736230589590549          0
  118.038716      53.796267       0.0208842209206249       0.3319245090126821          0
  121.286371      53.855653       0.0523242950128988       0.3693688034246862          0
  124.538699      53.909779       0.0896966921996415       0.3936335118802646          0
  127.795281      53.958466       0.1313334200209797       0.4081443075525780          0
  131.055678      54.001548       0.1763386063756617       0.4146041430360064          0
  134.319432      54.038881       0.2263340487438103       0.4185211255705749          0
  137.586067      54.070337       0.2823246254134533       0.4295845533409118          0
  140.855095      54.095810       0.3423922519556208       0.4570451306326749          0
  39.259687      48.774218      -0.0000000000000000       0.0000000000000000        302
  42.336288      48.875040      -0.0000000000000000       0.0000000000000000        302
  45.419004      48.977902      -0.0000000000000000       0.0000000000000000        302
  48.508008      49.082510      -0.0000000000000000       0.0000000000000000        302
  51.603457      49.188563      -0.0000000000000000       0.0000000000000000        302
  54.705494      49.295755      -0.0000000000000000       0.0000000000000000        302
  57.814245      49.403774      -0.0000000000000000       0.0000000000000000        302
  60.929818      49.512302      -0.0000000000000000       0.0000000000000000        390
  64.052304      49.621020      -0.0000000000000000       0.0000000000000000        465
  67.181773      49.729605      -0.0000000000000000       0.0000000000000000        458
  70.318275      49.837733      -0.0000000000000000       0.0000000000000000        460
  73.461840      49.945079      -0.4667940262140944       0.0064684485840294          0
  76.612474      50.051316      -1.0181132441243026       0.0527617267717594          0
  79.770162      50.156122      -1.4020902792099443       0.1267018388834708          0
  82.934863      50.259174      -1.6176904524600439       0.2094405944279189          0
  86.106514      50.360153      -1.6811948081653876       0.2842669153356913          0
  89.285025      50.458747      -1.6130553613065666       0.3374431924731367          0
  92.470283      50.554645      -1.4402503723578792       0.3597038685689769          0
  95.662148      50.647546      -1.1596232124837120       0.3518014910784922          0
  98.860453      50.737155      -0.7965257434965283       0.3244957562703924          0
  102.065008      50.823185      -0.3977689291845529       0.2808932086516245          0
  105.275595      50.905362      -0.1220612796568201       0.2892588919994229          0
  108.491972      50.983419      -0.0525362048179481       0.3527413024565758          0
  111.713871      51.057104      -0.0342681059085614       0.4445052764586979          0
  114.941000      51.126175      -0.0046211163281364       0.5175481075499534          0
  118.173044      51.190406       0.0363694192968709       0.5693351326849079          0
  121.409665      51.249587       0.0855804289660836       0.6043389584306449          0
  124.650504      51.303520       0.1411218792217528       0.6253527954231086          0
  127.895182      51.352027       0.2014559659863846       0.6358711577796076          0
  131.143301      51.394946       0.2666872489437747       0.6399997440256846          0
  134.394448      51.432134       0.3399863320210653       0.6438751790161601          0
  137.648192      51.463465       0.4271000651898660       0.6624835693512605          0
  140.904093      51.488835       0.5377292163618135       0.7154551598557761          0
  39.444711      46.170074      -0.0000000000000000       0.0000000000000000        301
  42.525714      46.271029      -0.0000000000000000       0.0000000000000000        301
  45.612315      46.374008      -0.0000000000000000       0.0000000000000000        301
  48.704670      46.478716      -0.0000000000000000       0.0000000000000000        302
  51.802921      46.584851      -0.0000000000000000       0.0000000000000000        302
  54.907196      46.692106      -0.0000000000000000       0.0000000000000000        302
  58.017607      46.800167      -0.0000000000000000       0.0000000000000000        302
  61.134251      46.908718      -0.0000000000000000       0.0000000000000000        390
  64.257207      47.017437      -0.0000000000000000       0.0000000000000000        466
  67.386537      47.126002      -0.0000000000000000       0.0000000000000000        458
  70.522283      47.234089      -0.3172168920499093      -0.0057046801722039          0
  73.664470      47.341373      -1.1404447619092672       0.0201824451568423          0
  76.813099      47.447528      -1.7751241572952949       0.0970448773787382          0
  79.968153      47.552233      -2.2070655143509681       0.2044128374421251          0
  83.129594      47.655165      -2.4380560294024392       0.3203247442142793          0
  86.297359      47.756009      -2.4806939288650991       0.4235961793847570          0
  89.471364      47.854451      -2.3654632605084132       0.4980501262470638          0
  92.651504      47.950185      -2.1270141507934719       0.5429142370012544          0
  95.837647      48.042909      -1.7499317587805359       0.5850896654191345          0
  99.029641      48.132332      -1.2907453136949847       0.6150341755275057          0
  102.227308      48.218171      -0.7921121541970764       0.6319671812845027          0
  105.430450      48.300150      -0.3680138453675889       0.6510220521609437          0
  108.638844      48.378008      -0.1270830061670920       0.6754769057889960          0
  111.852246      48.451493      -0.0611712803420168       0.7311520103540032          0
  115.070388      48.520368      -0.0102547983019324       0.7835337280708838          0
  118.292983      48.584408       0.0491790044876992       0.8220099901582149          0
  121.519725      48.643405       0.1157433318657664       0.8478505358764721          0
  124.750285      48.697165       0.1878074512644206       0.8587737209509744          0
  127.984321      48.745512       0.2646467893966962       0.8585308106267798          0
  131.221471      48.788285       0.3464351158019654       0.8498699381011003          0
  134.461359      48.825343       0.4362707503261397       0.8381002870895151          0
  137.703598      48.856564       0.5407495893405481       0.8422762477135610          0
  140.947787      48.881843       0.6755515698882193       0.8940386485769070          0
  39.612995      43.565659      -0.0000000000000000       0.0000000000000000        551
  42.697944      43.666733      -0.0000000000000000       0.0000000000000000        301
  45.788017      43.769817      -0.0000000000000000       0.0000000000000000        301
  48.883356      43.874616      -0.0000000000000000       0.0000000000000000        301
  51.984089      43.980824      -0.0000000000000000       0.0000000000000000        301
  55.090331      44.088135      -0.0000000000000000       0.0000000000000000        301
  58.202183      44.196234      -0.0000000000000000       0.0000000000000000        301
  61.319730      44.304804      -0.0000000000000000       0.0000000000000000        390
  64.443044      44.413523      -0.0000000000000000       0.0000000000000000        466
  67.572179      44.522069      -0.0000000000000000       0.0000000000000000        466
  70.707170      44.630117      -1.0017213210033333      -0.0118005057651212          0
  73.848038      44.737344      -1.9559349595794582       0.0419861595785176          0
  76.994784      44.843424      -2.6603328002021263       0.1532902392425098          0
  80.147388      44.948036      -3.1221995814499968       0.2961510362691067          0
  83.305812      45.050859      -3.3457988889795249       0.4460380381636727          0
  86.469998      45.151579      -3.3255108680626755       0.5738666674362882          0
  89.639869      45.249883      -3.1407554950587659       0.6662430126973939          0
  92.815323      45.345466      -2.8109666112701004       0.7337912208691421          0
  95.996241      45.438031      -2.3256370678750247       0.8310571991316423          0
  99.182481      45.527286      -1.7581620730136465       0.9196498079879079          0
  102.373881      45.612949      -1.1525306141413449       0.9827085552227151          0
  105.570257      45.694750      -0.5903189914307738       1.0114552205231646          0
  108.771406      45.772427      -0.2154035648811648       1.0141523339333782          0
  111.977104      45.845732      -0.0930430220003758       1.0322982298661270          0
  115.187107      45.914429      -0.0186083213789869       1.0603119473174165          0
  118.401153      45.978297       0.0589143327417442       1.0813362690635913          0
  121.618962      46.037129       0.1415789642231737       1.0955269119606790          0
  124.840236      46.090733       0.2289605931715311       1.0942503364043943          0
  128.064663      46.138935       0.3201470427966148       1.0779294351268125          0
  131.291915      46.181576       0.4154471700329907       1.0456945826659401          0
  134.521650      46.218518       0.5156655801302954       1.0010911734071095          0
  137.753516      46.249638       0.6234256431060856       0.9572742954442871          0
  140.987150      46.274835       0.6265318816766853       0.3358977094911743        625
  39.767321      40.961017      -0.0000000000000000       0.0000000000000000        526
  42.855840      41.062200      -0.0000000000000000       0.0000000000000000        526
  45.949048      41.165380      -0.0000000000000000       0.0000000000000000        301
  49.047070      41.270260      -0.0000000000000000       0.0000000000000000        301
  52.150023      41.376535      -0.0000000000000000       0.0000000000000000        301
  55.258011      41.483896      -0.0000000000000000       0.0000000000000000        301
  58.371125      41.592029      -0.0000000000000000       0.0000000000000000        301
  61.489443      41.700615      -0.0000000000000000       0.0000000000000000        390
  64.613026      41.809333      -0.0000000000000000       0.0000000000000000        467
  67.741924      41.917860      -0.4430549514202208       0.0443248476651556          0
  70.876168      42.025873      -1.7519109351398408       0.1029705622660901          0
  74.015775      42.133046      -2.9240334481758201       0.1263639975326357          0
  77.160743      42.239056      -3.7743074568464738       0.2294239974488029          0
  80.311053      42.343582      -3.7821673495245109       0.3695674211454171        580
  83.466670      42.446305      -3.7685363488231589       0.5096787901474356        580
  86.627539      42.546911      -3.7434257340325860       0.6498442124389108        580
  89.793586      42.645089      -3.7068559520816393       0.7896059517791076        580
  92.964719      42.740535      -3.4928966628844202       0.9073339237008266          0
  96.140828      42.832953      -2.8646852231903250       1.0803188591835839          0
  99.321782      42.922054      -2.2198475052021767       1.2178727178773330          0
  102.507431      43.007557      -1.5328134691872375       1.3120395420609168          0
  105.697608      43.089195      -0.8226639866679733       1.3651472524000048          0
  108.892126      43.166707      -0.2552000484753542       1.3629710085399418          0
  112.090780      43.239848      -0.1335376098280343       1.3532759228194555          0
  115.293349      43.308383      -0.0310625153784147       1.3463779439364063          0
  118.499591      43.372094       0.0664429828727831       1.3447261590939399          0
  121.709254      43.430775       0.1638199676956081       1.3398966412409841          0
  124.922064      43.484237       0.2646585725116018       1.3309560902112387          0
  128.137738      43.532307       0.3694426201776349       1.3040180815375575          0
  131.355977      43.574828       0.4749144581150432       1.2394333770681625          0
  134.576472      43.611664       0.5733241216068450       1.1110530492196076          0
  137.798901      43.642693      -0.0000000000000000       0.0000000000000000          0
  141.022934      43.667815       0.6244870164367568       0.5666968830936467        625
  39.909920      38.356186      -2.2600415072960898      -0.0212524180046674        503
  43.001699      38.457468      -2.4375546359677887       0.0500668369240820        503
  46.097758      38.560736      -0.0000000000000000       0.0000000000000000        526
  49.198214      38.665691      -0.0000000000000000       0.0000000000000000        301
  52.303171      38.772026      -0.0000000000000000       0.0000000000000000        301
  55.412724      38.879433      -0.0000000000000000       0.0000000000000000        301
  58.526956      38.987596      -0.0000000000000000       0.0000000000000000        301
  61.645935      39.096196      -0.0000000000000000       0.0000000000000000        301
  64.769719      39.204912      -0.0000000000000000       0.0000000000000000        301
  67.898350      39.313421      -1.1283126622253574       0.1664166467818778          0
  71.031857      39.421400      -2.6926914138731850       0.4326588603551030          0
  74.170253      39.528523      -3.6703721059377648       0.5330336369469660          0
  77.313536      39.634468      -3.7844934833405395       0.2496139978737455        580
  80.461689      39.738915      -3.7817771596409013       0.3820282382909507        580
  83.614678      39.841545      -3.7676159717618916       0.5149299331126434        580
  86.772450      39.942044      -3.7420007472733978       0.6478927184605401        580
  89.934940      40.040105      -3.7165598907797008       0.8016308333142029          0
  93.102061      40.135425      -3.7464832034540967       1.0763299969051354          0
  96.273711      40.227707      -3.3127123605917541       1.3140133369590548          0
  99.449772      40.316666      -2.6491573360745635       1.4635276255432146          0
  102.630106      40.402023      -1.8573336327718910       1.5159042778188341          0
  105.814559      40.483510      -1.0349807414452614       1.5043082430325427          0
  109.002961      40.560870      -0.3201699880245693       1.4082727861348061          0
  112.195125      40.633860      -0.1388204062323038       1.3947422843382768          0
  115.390849      40.702246      -0.0321880528751794       1.4116250653701985          0
  118.589913      40.765813       0.0751847963601850       1.4287007839541157          0
  121.792085      40.824355       0.1837826526755709       1.4392301561044132          0
  124.997118      40.877687       0.2930601597983313       1.4397410925313023          0
  128.204754      40.925636       0.4014885448431199       1.4152047243775088          0
  131.414720      40.968048       0.5092154826609825       1.4032319541556584          0
  134.626735      41.004786       0.5670786561522663       0.9356608027469173          0
  137.840508      41.035732      -0.0000000000000000       0.0000000000000000          0
  141.055738      41.060784       0.6226122852364813       0.7963717206245328        626
  40.042609      35.751193      -2.2677986404016011       0.1753605133872375        503
  43.137385      35.852568      -2.4451861272649382       0.2424083625398866        503
  46.236060      35.955917      -0.0000000000000000       0.0000000000000000        505
  49.338741      36.060940      -0.0000000000000000       0.0000000000000000        505
  52.445522      36.167331      -0.0000000000000000       0.0000000000000000        505
  55.556490      36.274780      -0.0000000000000000       0.0000000000000000        505
  58.671718      36.382970      -0.0000000000000000       0.0000000000000000        505
  61.791271      36.491583      -0.0000000000000000       0.0000000000000000        301
  64.915199      36.600296      -0.0000000000000000       0.0000000000000000        301
  68.043540      36.708788      -1.9461159795981660       0.4123531343969956          0
  71.176321      36.816734      -3.5169269463428319       0.7374316127690048        501
  74.313553      36.923810      -3.6574673141825849       0.8482066581009933        501
  77.455234      37.029695      -3.7872206968012021       0.9642718151734385        501
  80.601346      37.134067      -3.8054854020481437       0.6807918186771187          0
  83.751859      37.236610      -3.8176348131551050       0.7059488422823792          0
  86.906725      37.337011      -3.8474486474597471       0.9326336857307036          0
  90.065883      37.434963      -3.8823354577070184       1.1101579672911965          0
  93.229254      37.530164      -3.9521931710562850       1.3092893779501327          0
  96.396744      37.622321      -3.7351791375286241       1.5312551600843229          0
  99.568245      37.711148      -3.0655413944621586       1.6325080429161440          0
  102.743632      37.796368      -2.0972301782612353       1.5737107358666300          0
  105.922764      37.877716      -1.1223888353144966       1.4188141217638204          0
  109.105485      37.954936      -0.3369521983452502       1.2093194105082508          0
  112.291626      38.027785      -0.1075485099826928       1.1699815070773196          0
  115.481001      38.096034      -0.0086308102681620       1.1951060385615124          0
  118.673412      38.159466       0.0917568136343273       1.2183763260919962          0
  121.868647      38.217881       0.1940603125325445       1.2261531046226501          0
  125.066482      38.271092       0.2967151474495830       1.2057859267039788          0
  128.266680      38.318929       0.3967067654998200       1.1486790962105728          0
  131.468995      38.361240       0.4888657252483927       1.0330704160979931          0
  134.673171      38.397888      -0.0000000000000000       0.0000000000000000          0
  137.878943      38.428756      -0.0000000000000000       0.0000000000000000          0
  141.086039      38.453746      -0.0000000000000000       0.0000000000000000          0
  40.166881      33.146064      -2.2750526852540260       0.3710613810300122        503
  43.264433      33.247525      -2.4523193636260072       0.4336404411423230        503
  46.365526      33.350949      -2.6226104257959193       0.5017114553863765        503
  49.470256      33.456036      -0.0000000000000000       0.0000000000000000        505
  52.578710      33.562479      -0.0000000000000000       0.0000000000000000        505
  55.690966      33.669966      -0.0000000000000000       0.0000000000000000        505
  58.807091      33.778181      -0.0000000000000000       0.0000000000000000        505
  61.927144      33.886805      -0.0000000000000000       0.0000000000000000        506
  65.051170      33.995515      -0.0000000000000000       0.0000000000000000        506
  68.179204      34.103990      -2.9449670656898213       0.7522371157746376          0
  71.311271      34.211905      -3.5231924487587101       0.9176694715150358        501
  74.447379      34.318937      -3.6632214714209903       1.0214158426316651        501
  77.587528      34.424764      -3.7924373577104600       1.1301550094308754        501
  80.731701      34.529066      -3.9017643105683204       1.2185389407830838          0
  83.879870      34.631527      -3.9558120229194960       1.2065409128944486          0
  87.031992      34.731836      -3.9929958774051446       1.3037145727818955          0
  90.188011      34.829686      -4.0349772910467259       1.4211080724539116          0
  93.347855      34.924777      -4.1076728631878883       1.5717666890898965          0
  96.511439      35.016816      -4.1642251516816033       1.7626283329799715          0
  99.678665      35.105519      -3.5360798397054451       1.8120965707031160          0
  102.849417      35.190612      -2.2239828631267091       1.5567455039978577          0
  106.023569      35.271830      -1.0185361980072440       1.2238531929839795          0
  109.200979      35.348918      -0.2129754105058473       0.9489453103504961          0
  112.381493      35.421637      -0.0777288299626710       0.9474755155943632          0
  115.564941      35.489757       0.0134868762487216       0.9825237402819708          0
  118.751145      35.553065       0.1071255533909154       1.0135013853361921          0
  121.939911      35.611361       0.2035930172350119       1.0186099265276665          0
  125.131035      35.664459       0.3002107849814011       0.9948498314859050          0
  128.324305      35.712192       0.3940593500203057       0.9368606089342175          0
  131.519494      35.754408       0.4808513606815438       0.8301786100677108          0
  134.716372      35.790973      -0.0000000000000000       0.0000000000000000          0
  137.914698      35.821769      -0.0000000000000000       0.0000000000000000          0
  141.114224      35.846700      -0.0000000000000000       0.0000000000000000          0
  40.283980      30.540819      -2.2818782900575831       0.5654916618169232        503
  43.384121      30.642360      -2.4590283605190444       0.6234192189152702        503
  46.487463      30.745855      -2.6291526490794741       0.6864769778258516        503
  49.594094      30.851002      -2.7917335552513425       0.7545505162413394        503
  52.704093      30.957492      -0.0000000000000000       0.0000000000000000        505
  55.817530      31.065015      -0.0000000000000000       0.0000000000000000        505
  58.934468      31.173252      -0.0000000000000000       0.0000000000000000        505
  62.054959      31.281886      -0.0000000000000000       0.0000000000000000      50601
  65.179046      31.390594      -0.0000000000000000       0.0000000000000000      50601
  68.306759      31.499052      -0.0000000000000000       0.0000000000000000      50601
  71.438122      31.606938      -3.5290641466293895       1.0951432291471526        501
  74.573143      31.713927      -3.6686107620487252       1.1916166701558302        501
  77.711821      31.819699      -3.7973201092887798       1.2927812292618368        501
  80.854142      31.923935      -3.9147664312150106       1.3983667972036857        501
  84.000081      32.026319      -4.0205554198071720       1.5080809890077316        501
  87.149598      32.126541      -4.1143259231938476       1.6216096709110677        501
  90.302643      32.224294      -4.1797600769805268       1.7200753721270927          0
  93.459152      32.319281      -4.2481588616637040       1.8412555793590877          0
  96.619047      32.411209      -4.3204462351842450       1.9816311396550095        501
  99.782238      32.499797      -3.2459529736676291       1.6826932190550976          0
  102.948623      32.584770      -1.8222055767965775       1.2833958651344528          0
  106.118087      32.665865      -0.5063063213425525       0.8403475928590826          0
  109.290500      32.742830      -0.1404854727086503       0.7290630350819020          0
  112.465723      32.815426      -0.0513504278224911       0.7347761858289224          0
  115.643604      32.883426       0.0337244115635390       0.7756196738817982          0
  118.823979      32.946617       0.1208546001238167       0.8164616059621297          0
  122.006674      33.004801       0.2119453077112987       0.8269858477662382          0
  125.191505      33.057794       0.3034890734362807       0.8085215144054434          0
  128.378277      33.105429       0.3929562442349132       0.7652545052411235          0
  131.566788      33.147557      -0.0000000000000000       0.0000000000000000          0
  134.756827      33.184043      -0.0000000000000000       0.0000000000000000          0
  137.948178      33.214772      -0.0000000000000000       0.0000000000000000          0
  141.140615      33.239647      -0.0000000000000000       0.0000000000000000          0
  40.394957      27.935475      -2.2883381917407184       0.7582875582725620        503
  43.497526      28.037092      -2.4653752737370267       0.8113950090077617        503
  46.602974      28.140653      -2.6353390904223493       0.8692615628293134        503
  49.711379      28.245855      -2.7977136866340842       0.9317863268863839        503
  52.822814      28.352391      -2.9520019398565895       0.9988515366873438        503
  55.937342      28.459946      -0.0000000000000000       0.0000000000000000        505
  59.055021      28.568206      -0.0000000000000000       0.0000000000000000        505
  62.175899      28.676848      -0.0000000000000000       0.0000000000000000      50601
  65.300013      28.785552      -0.0000000000000000       0.0000000000000000      50601
  68.427395      28.893994      -3.3851015406868896       1.1851942263586759        501
  71.558063      29.001851      -3.5346000985178518       1.2695565709120289        501
  74.692028      29.108800      -3.6736890421679309       1.3585308564295653        501
  77.829289      29.214520      -3.8019183025798968       1.4518903645561292        501
  80.969833      29.318693      -3.9188678178023038       1.5493868606834889        501
  84.113638      29.421004      -4.0241492300127977       1.6507509095120905        501
  87.260670      29.521142      -4.1174075225305264       1.7556923574660641        501
  90.410883      29.618805      -4.1983225864282918       1.8639009863802560        501
  93.564219      29.713693      -4.2666107058722416       1.9750473411147258        501
  96.720610      29.805517      -4.4971251492545914       2.3117358428495556        607
  99.879975      29.893994      -2.0491143362073050       1.1997684124037027          0
  103.042221      29.978854      -0.7149156542770305       0.7799715303512321          0
  106.207244      30.059833      -0.2283331996493657       0.6436571231114314          0
  109.374929      30.136682      -0.1409817220427019       0.6519507005344736          0
  112.545150      30.209163      -0.0510269459568171       0.6605130974260952          0
  115.717769      30.277049       0.0396635832722385       0.6674118333524550          0
  118.892638      30.340130       0.1295195183763404       0.6698429020099167          0
  122.069602      30.398207       0.2182304462678060       0.6670194684627998          0
  125.248493      30.451101       0.3060657351397731       0.6609915384500293          0
  128.429137      30.498645       0.3933826999568367       0.6513420552281994          0
  131.611350      30.540689      -0.0000000000000000       0.0000000000000000          0
  134.794943      30.577101      -0.0000000000000000       0.0000000000000000          0
  137.979719      30.607767      -0.0000000000000000       0.0000000000000000          0
  141.165476      30.632590      -0.0000000000000000       0.0000000000000000          0
  40.500704      25.330046      -2.2944857068877078       0.9490821898811608        503
  43.605566      25.431735      -2.4714128844862313       0.9972146329261316        503
  46.712996      25.535358      -2.6412216072180117       1.0497264609237662        503
  49.823067      25.640614      -2.8033975393291204       1.1065310303941966        503
  52.935845      25.747191      -2.9574456968964817       1.1675259114610259        503
  56.051387      25.854778      -3.1028920126866879       1.2325923949261699        503
  59.169745      25.963057      -0.0000000000000000       0.0000000000000000      50602
  62.290965      26.071708      -0.0000000000000000       0.0000000000000000      50602
  65.415081      26.180408      -0.0000000000000000       0.0000000000000000      50602
  68.542120      26.288834      -0.0000000000000000       0.0000000000000000          0
  71.672103      26.396664      -3.5398492927068350       1.4406075202327595        501
  74.805039      26.503574      -3.6785017077947604       1.5218744034295650        501
  77.940927      26.609244      -3.8062734910554421       1.6072166282662435        501
  81.079758      26.713356      -3.9227500095226722       1.6964086166358312        501
  84.221513      26.815597      -4.0275485668875355       1.7892046463668632        501
  87.366161      26.915657      -4.1203199737725624       1.8853392842973453        501
  90.513663      27.013232      -4.2007500442401415       1.9845279849971882        501
  93.663968      27.108026      -4.5164821968636062       2.2357168004980825        607
  96.817013      27.199750      -4.4963061144503689       2.3477019708566997        607
  99.972728      27.288123      -0.0000000000000000       0.0000000000000000          0
  103.131030      27.372875      -0.3207525110723551       0.5368064684673216          0
  106.291825      27.453745      -0.2291159944452235       0.5586948019123728          0
  109.455011      27.530483      -0.1420882471142529       0.5750082496224691          0
  112.620475      27.602854      -0.0511554016570445       0.5870662406059728          0
  115.788093      27.670632       0.0405298799185756       0.5958922898191096          0
  118.957734      27.733608       0.1314456204251320       0.6004935647331143          0
  122.129256      27.791586       0.2198455686564109       0.5986963727089741          0
  125.302511      27.844385       0.3076884951612532       0.5935803458732142          0
  128.477340      27.891841      -0.0000000000000000       0.0000000000000000          0
  131.653581      27.933806      -0.0000000000000000       0.0000000000000000          0
  134.831061      27.970148      -0.0000000000000000       0.0000000000000000          0
  138.009605      28.000754      -0.0000000000000000       0.0000000000000000          0
  141.189032      28.025528      -0.0000000000000000       0.0000000000000000          0
  40.601992      22.724544      -0.0000000000000000       0.0000000000000000          0
  43.709029      22.826302      -2.4771865109424245       1.1805233976373035        503
  46.818337      22.929985      -2.6468446875632479       1.2275311323492970        503
  49.929981      23.035291      -2.8088284420070817       1.2784589269438680        503
  53.044021      23.141909      -2.9626448846533218       1.3332203599999350        503
  56.160510      23.249525      -3.1078225193482201       1.3917138051311613        503
  59.279496      23.357822      -0.0000000000000000       0.0000000000000000      50602
  62.401019      23.466480      -0.0000000000000000       0.0000000000000000      50602
  65.525112      23.575176      -0.0000000000000000       0.0000000000000000          0
  68.651802      23.683587      -0.0000000000000000       0.0000000000000000          0
  71.781106      23.791390      -0.0000000000000000       0.0000000000000000          0
  74.913035      23.898262      -3.6830874487205123       1.6813604344886315        501
  78.047589      24.003884      -3.8104210512319812       1.7584914433256182        501
  81.184762      24.107939      -3.9264448990115159       1.8391820201434761        501
  84.324537      24.210112      -4.0307817102883350       1.9232108469913911        501
  87.466889      24.310096      -4.1230878595247109       2.0103378814427031        501
  90.611783      24.407588      -0.0000000000000000       0.0000000000000000          0
  93.759174      24.502292      -0.0000000000000000       0.0000000000000000          0
  96.909010      24.593921      -4.4955126478187024       2.3780572974408432        607
  100.061226      24.682194      -0.3287242400612670       0.3884671479254973        603
  103.215749      24.766843      -0.3037819878327250       0.4424101446826105          0
  106.372498      24.847608      -0.2336424338067346       0.4786879837394525          0
  109.531381      24.924240      -0.1446724271010412       0.5002250176629615          0
  112.692298      24.996506      -0.0515675292333453       0.5154044822557584          0
  115.855139      25.064181       0.0416061744131091       0.5260543961743089          0
  119.019786      25.127057       0.1332176182697909       0.5317363494250655          0
  122.186115      25.184939       0.2214930394770310       0.5306926344252199          0
  125.353991      25.237649       0.3093407209342832       0.5269926489171339        602
  128.523275      25.285022      -0.0000000000000000       0.0000000000000000          0
  131.693821      25.326911      -0.0000000000000000       0.0000000000000000          0
  134.865474      25.363187      -0.0000000000000000       0.0000000000000000          0
  138.038079      25.393735      -0.0000000000000000       0.0000000000000000          0
  141.211472      25.418462      -0.0000000000000000       0.0000000000000000          0
  40.699491      20.118981      -0.0000000000000000       0.0000000000000000          0
  43.808603      20.220805      -2.4827354987861843       1.3609667968246497        503
  46.919698      20.324545      -2.6522469237509618       1.4023350247346174        503
  50.032836      20.429899      -2.8140439478531323       1.4472441315723847        503
  53.148070      20.536555      -2.9676357397096882       1.4956243156202418        503
  56.265449      20.644199      -3.1125533179101592       1.5473916563584684        503
  59.385017      20.752514      -3.2483510442053039       1.6024476394721450        503
  62.506810      20.861178      -0.0000000000000000       0.0000000000000000          0
  65.630860      20.969870      -0.0000000000000000       0.0000000000000000          0
  68.757191      21.078266      -0.0000000000000000       0.0000000000000000          0
  71.885822      21.186042      -0.0000000000000000       0.0000000000000000          0
  75.016762      21.292878      -3.6874796040756816       1.8367015233301054        501
  78.150014      21.398454      -3.8143914336587965       1.9054458017163249        501
  81.285574      21.502452      -3.9299799054050641       1.9774567798946712        501
  84.423429      21.604561      -4.0338729414042573       2.0525381653208874        501
  87.563558      21.704472      -0.0000000000000000       0.0000000000000000          0
  90.705931      21.801883      -0.0000000000000000       0.0000000000000000          0
  93.850511      21.896501      -0.0000000000000000       0.0000000000000000          0
  96.997251      21.988038      -4.4947406744554517       2.4027873467369427        607
  100.146097      22.076215      -0.3265911167713678       0.3243184766899635        603
  103.296984      22.160765      -0.3037064720425688       0.3866878437617370      60401
  106.449841      22.241429      -0.2443331524360991       0.4031314127985811          0
  109.604588      22.317960      -0.1491203229398544       0.4289773343476269          0
  112.761136      22.390125      -0.0515935840291228       0.4467891853551508          0
  115.919389      22.457701       0.0437763824450211       0.4588867980524278          0
  119.079244      22.520481       0.1348239393381542       0.4636231181964831          0
  122.240590      22.578272      -0.0000000000000000       0.0000000000000000          0
  125.403309      22.630896      -0.0000000000000000       0.0000000000000000          0
  128.567276      22.678189      -0.0000000000000000       0.0000000000000000          0
  131.732363      22.720006      -0.0000000000000000       0.0000000000000000          0
  134.898433      22.756218      -0.0000000000000000       0.0000000000000000          0
  138.065348      22.786711      -0.0000000000000000       0.0000000000000000          0
  141.232963      22.811393      -0.0000000000000000       0.0000000000000000          0
  40.793793      17.513367      -0.0000000000000000       0.0000000000000000          0
  43.904894      17.615253      -0.0000000000000000       0.0000000000000000          0
  47.017700      17.719049      -2.6574621757269759       1.5737991146109762        503
  50.132263      17.824448      -2.8190769748571336       1.6125621663924712        503
  53.248632      17.931141      -0.0000000000000000       0.0000000000000000          0
  56.366851      18.038812      -0.0000000000000000       0.0000000000000000          0
  59.486960      18.147143      -0.0000000000000000       0.0000000000000000          0
  62.608994      18.255814      -0.0000000000000000       0.0000000000000000          0
  65.732982      18.364501      -0.0000000000000000       0.0000000000000000          0
  68.858947      18.472881      -0.0000000000000000       0.0000000000000000          0
  71.986907      18.580633      -0.0000000000000000       0.0000000000000000          0
  75.116873      18.687433      -0.0000000000000000       0.0000000000000000          0
  78.248850      18.792963      -3.8182111416726952       2.0478122223823649        501
  81.382836      18.896907      -3.9333788643235224       2.1109843200999232        501
  84.518820      18.998953      -0.0000000000000000       0.0000000000000000          0
  87.656788      19.098793      -0.0000000000000000       0.0000000000000000          0
  90.796714      19.196127      -0.0000000000000000       0.0000000000000000          0
  93.938567      19.290661      -0.0000000000000000       0.0000000000000000          0
  97.082308      19.382109      -0.4031048632441434       0.2506112014692332        603
  100.227891      19.470194      -0.3537485241430770       0.3399970638593652      60301
  103.375261      19.554648      -0.3024181366588516       0.3472996353022366        604
  106.524357      19.635215      -0.2501465648754853       0.3536372405490466      60405
  109.675108      19.711648      -0.1519866136905162       0.3662507886303413          0
  112.827439      19.783716      -0.0476125175088951       0.3838663696425531          0
  115.981266      19.851197       0.0477656298035857       0.3938700027954406        612
  119.136499      19.913885      -0.0000000000000000       0.0000000000000000          0
  122.293041      19.971587      -0.0000000000000000       0.0000000000000000          0
  125.450789      20.024128      -0.0000000000000000       0.0000000000000000          0
  128.609634      20.071344      -6.4071328999868449       3.5479996849539415        678
  131.769463      20.113092      -0.0000000000000000       0.0000000000000000          0
  134.930157      20.149242      -0.0000000000000000       0.0000000000000000          0
  138.091593      20.179683      -0.0000000000000000       0.0000000000000000          0
  141.253645      20.204321      -0.0000000000000000       0.0000000000000000          0
  40.885424      14.907709      -0.0000000000000000       0.0000000000000000          0
  43.998442      15.009656      -1.4390512507495132       1.0905553717234615        710
  47.112892      15.113505      -0.0000000000000000       0.0000000000000000          0
  50.228821      15.218949      -0.0000000000000000       0.0000000000000000          0
  53.346274      15.325677      -0.0000000000000000       0.0000000000000000          0
  56.465291      15.433374      -0.0000000000000000       0.0000000000000000          0
  59.585907      15.541721      -0.0000000000000000       0.0000000000000000          0
  62.708156      15.650397      -0.0000000000000000       0.0000000000000000          0
  65.832065      15.759079      -0.0000000000000000       0.0000000000000000          0
  68.957656      15.867444      -0.0000000000000000       0.0000000000000000          0
  72.084947      15.975171      -0.0000000000000000       0.0000000000000000          0
  75.213950      16.081936      -0.0000000000000000       0.0000000000000000          0
  78.344672      16.187423      -3.8219035075572414       2.1853263985580544        501
  81.477114      16.291313      -3.9366627326381960       2.2395194217333079        501
  84.611268      16.393298      -0.0000000000000000       0.0000000000000000          0
  87.747125      16.493069      -0.0000000000000000       0.0000000000000000          0
  90.884664      16.590328      -0.0000000000000000       0.0000000000000000          0
  94.023861      16.684781      -0.0000000000000000       0.0000000000000000          0
  97.164684      16.776142      -0.4010617416545403       0.1860478008876103      60302
  100.307095      16.864137      -0.3524692373161217       0.3006339089780104      60301
  103.451048      16.948499      -0.3011702584335506       0.3071526979574936        604
  106.596491      17.028971      -0.2489397574808024       0.3128296571368828        604
  109.743365      17.105310      -0.1959349246060188       0.3176319275153919      60405
  112.891606      17.177283      -0.0000000000000000       0.0000000000000000          0
  116.041143      17.244672       0.0494481985636091       0.3220668335794140        612
  119.191896      17.307270      -0.0000000000000000       0.0000000000000000          0
  122.343785      17.364888      -0.0000000000000000       0.0000000000000000          0
  125.496719      17.417348      -0.0000000000000000       0.0000000000000000          0
  128.650606      17.464490      -0.0000000000000000       0.0000000000000000          0
  131.805346      17.506170      -0.0000000000000000       0.0000000000000000          0
  134.960838      17.542261      -0.0000000000000000       0.0000000000000000          0
  138.116974      17.572651      -0.0000000000000000       0.0000000000000000          0
  141.273646      17.597247      -0.0000000000000000       0.0000000000000000          0
  40.974862      12.302015      -0.0000000000000000       0.0000000000000000          0
  44.089735      12.404022      -1.4512230275193818       1.4628187814373317        710
  47.205773      12.507923      -0.0000000000000000       0.0000000000000000          0
  50.323019      12.613410      -1.1611864651199979       0.9814007650862942        709
  53.441512      12.720172      -0.0000000000000000       0.0000000000000000          0
  56.561288      12.827893      -0.0000000000000000       0.0000000000000000          0
  59.682382      12.936255      -0.0000000000000000       0.0000000000000000          0
  62.804822      13.044936      -0.0000000000000000       0.0000000000000000          0
  65.928635      13.153613      -0.0000000000000000       0.0000000000000000          0
  69.053844      13.261964      -0.0000000000000000       0.0000000000000000          0
  72.180465      13.369666      -0.0000000000000000       0.0000000000000000          0
  75.308513      13.476397      -0.0000000000000000       0.0000000000000000          0
  78.437996      13.581840      -3.8254893166745272       2.3177285998422876        501
  81.568917      13.685679      -3.9398501543401845       2.3628216108981479        501
  84.701274      13.787603      -0.0000000000000000       0.0000000000000000          0
  87.835059      13.887308      -0.0000000000000000       0.0000000000000000          0
  90.970261      13.984492      -0.0000000000000000       0.0000000000000000          0
  94.106860      14.078866      -0.0000000000000000       0.0000000000000000          0
  97.244830      14.170144      -0.3990731324857911       0.1210439440737194      60302
  100.384143      14.258051      -0.3206043268033045       0.1281040519668662        603
  103.524761      14.342322      -0.2999560206077040       0.2663321275759628        604
  106.666641      14.422703      -0.2477657589877500       0.2713446732335264        604
  109.809737      14.498949      -0.1948100630513189       0.2756092959459367        604
  112.953993      14.570831      -0.0373318299156133       0.2478179888383056        612
  116.099350      14.638130      -0.0000000000000000       0.0000000000000000          0
  119.245744      14.700641      -0.0000000000000000       0.0000000000000000          0
  122.393104      14.758176      -0.0000000000000000       0.0000000000000000          0
  125.541356      14.810558      -0.0000000000000000       0.0000000000000000          0
  128.690420      14.857628      -0.0000000000000000       0.0000000000000000          0
  131.840213      14.899242      -6.4574060226849017       3.8466559323533573        678
  134.990648      14.935275      -0.0000000000000000       0.0000000000000000          0
  138.141634      14.965615      -0.0000000000000000       0.0000000000000000          0
  141.293077      14.990171      -0.0000000000000000       0.0000000000000000          0
  41.062543       9.696293      -1.2033720100063965       0.9404758300825611        709
  44.179218       9.798358      -1.1926381461642850       0.9515786331707574        709
  47.296797       9.902309      -1.1783715497118490       0.9627978421927739        709
  50.415317      10.007838      -1.1606111683697891       0.9741016994771612        709
  53.534812      10.114633      -0.0000000000000000       0.0000000000000000          0
  56.655316      10.222379      -0.0000000000000000       0.0000000000000000          0
  59.776860      10.330755      -0.0000000000000000       0.0000000000000000          0
  62.899470      10.439440      -0.0000000000000000       0.0000000000000000          0
  66.023173      10.548112      -0.0000000000000000       0.0000000000000000          0
  69.147990      10.656448      -0.0000000000000000       0.0000000000000000          0
  72.273939      10.764125      -0.0000000000000000       0.0000000000000000          0
  75.401035      10.870823      -0.0000000000000000       0.0000000000000000          0
  78.529289      10.976223      -3.8289873168626780       2.4447648764277168        501
  81.658707      11.080011      -0.0000000000000000       0.0000000000000000          0
  84.789291      11.181877      -4.0452046800898929       2.5185327552876005        502
  87.921037      11.281515      -0.0000000000000000       0.0000000000000000          0
  91.053940      11.378628      -0.0000000000000000       0.0000000000000000          0
  94.187985      11.472923      -0.0000000000000000       0.0000000000000000          0
  97.323155      11.564119      -0.3971289549618015       0.0557366411082807      60302
  100.459429      11.651940      -0.3817172395315125       0.1570906499604079        647
  103.596778      11.736123      -0.2987692412109687       0.2249240661564224      60402
  106.735168      11.816414      -0.2466185709964890       0.2292694951975862        604
  109.874563      11.892570      -0.1937111240106529       0.2329948719991559        604
  113.014920      11.964362      -0.0000000000000000       0.0000000000000000          0
  116.156189      12.031573       0.0526809619321041       0.1766229081366255        613
  119.298320      12.094000      -0.0000000000000000       0.0000000000000000          0
  122.441254      12.151453       0.8376863585078851       0.9893165108167851        563
  125.584930      12.203759      -0.0000000000000000       0.0000000000000000          0
  128.729284      12.250759      -0.0000000000000000       0.0000000000000000          0
  131.874246      12.292309      -0.0000000000000000       0.0000000000000000          0
  135.019743      12.328285      -0.0000000000000000       0.0000000000000000          0
  138.165700      12.358577      -0.0000000000000000       0.0000000000000000          0
  141.312041      12.383093      -0.0000000000000000       0.0000000000000000          0
  41.148870       7.090549      -1.2031225115606554       0.9394372124972024        709
  44.267305       7.192671      -1.1922833300899285       0.9476903748404338        709
  47.386386       7.296671      -1.1779097896989070       0.9560914603823097        709
  50.506144       7.402241      -0.0000000000000000       0.0000000000000000          0
  53.626610       7.509069      -0.0000000000000000       0.0000000000000000          0
  56.747814       7.616837      -0.0000000000000000       0.0000000000000000          0
  59.869783       7.725227      -0.0000000000000000       0.0000000000000000          0
  62.992545       7.833917      -0.0000000000000000       0.0000000000000000          0
  66.116122       7.942584      -0.0000000000000000       0.0000000000000000          0
  69.240538       8.050905      -0.0000000000000000       0.0000000000000000          0
  72.365810       8.158558      -0.0000000000000000       0.0000000000000000          0
  75.491955       8.265222      -0.0000000000000000       0.0000000000000000          0
  78.618985       8.370580      -0.0000000000000000       0.0000000000000000          0
  81.746911       8.474318      -0.0000000000000000       0.0000000000000000          0
  84.875738       8.576125      -0.0000000000000000       0.0000000000000000          0
  88.005468       8.675698      -0.0000000000000000       0.0000000000000000          0
  91.136099       8.772740      -0.0000000000000000       0.0000000000000000          0
  94.267625       8.866959      -0.0000000000000000       0.0000000000000000          0
  97.400035       8.958074      -0.3952199347337658      -0.0097369183019607      60302
  100.533315       9.045811      -0.3797087708101909       0.0861805534588643        647
  103.667445       9.129907      -0.2976042378324881       0.1830155678083729      60402
  106.802403       9.210109      -0.2454926838251479       0.1866923083130222      60402
  109.938159       9.286177      -0.1220043935656121       0.0987712783998263        613
  113.074683       9.357881      -0.0339396238268599       0.1014819789268589        613
  116.211936       9.425006       0.0542473524720870       0.1032834036134773        613
  119.349880       9.487349       0.4067725173461962       0.6248441272610472        738
  122.488469       9.544723      -0.0000000000000000       0.0000000000000000          0
  125.627655       9.596954      -0.0000000000000000       0.0000000000000000          0
  128.767387       9.643884      -0.0000000000000000       0.0000000000000000          0
  131.907609       9.685372      -0.0000000000000000       0.0000000000000000          0
  135.048264       9.721293      -0.0000000000000000       0.0000000000000000          0
  138.189292       9.751537      -0.0000000000000000       0.0000000000000000          0
  141.330628       9.776014      -0.0000000000000000       0.0000000000000000          0
  41.234225       4.484789      -1.2028731367458538       0.9362906379610247        709
  44.354387       4.586967      -1.1919297962813407       0.9416752663073815        709
  47.474938       4.691016      -1.1774505498772547       0.9472400649642269        709
  50.595904       4.796626      -0.0000000000000000       0.0000000000000000          0
  53.717314       4.903485      -0.0000000000000000       0.0000000000000000          0
  56.839193       5.011277      -0.0000000000000000       0.0000000000000000          0
  59.961567       5.119680      -0.0000000000000000       0.0000000000000000          0
  63.084461       5.228374      -0.0000000000000000       0.0000000000000000          0
  66.207899       5.337035      -0.0000000000000000       0.0000000000000000          0
  69.331902       5.445341      -0.0000000000000000       0.0000000000000000          0
  72.456489       5.552969      -0.0000000000000000       0.0000000000000000          0
  75.581680       5.659600      -0.0000000000000000       0.0000000000000000          0
  78.707488       5.764917      -0.0000000000000000       0.0000000000000000          0
  81.833927       5.868604      -0.0000000000000000       0.0000000000000000          0
  84.961007       5.970354      -0.0000000000000000       0.0000000000000000          0
  88.088734       6.069863      -0.0000000000000000       0.0000000000000000          0
  91.217112       6.166835      -0.0000000000000000       0.0000000000000000          0
  94.346142       6.260978      -0.5453852568762040       0.0046562867141774      67352
  97.475819       6.352013      -0.0000000000000000       0.0000000000000000          0
  100.606137       6.439666      -0.3777285835362237       0.0150466190679451        647
  103.737086       6.523677      -0.2920575316684509       0.0194230592140147      64701
  106.868652       6.603792      -0.2443829643216304       0.1437021223422405      60402
  110.000815       6.679772      -0.1202478913460575       0.0254090595419013      61404
  113.133555       6.751390      -0.0322848418138212       0.0279172089936804        613
  116.266847       6.818430      -0.0000000000000000       0.0000000000000000          0
  119.400662       6.880691      -0.0000000000000000       0.0000000000000000          0
  122.534967       6.937986      -0.0000000000000000       0.0000000000000000          0
  125.669728       6.990143      -0.0000000000000000       0.0000000000000000          0
  128.804905       7.037005      -0.0000000000000000       0.0000000000000000          0
  131.940459       7.078432      -0.0000000000000000       0.0000000000000000          0
  135.076344       7.114298      -7.1011849904782887       0.4645008160294687      61502
  138.212516       7.144495      -0.0000000000000000       0.0000000000000000          0
  141.348927       7.168934      -0.0000000000000000       0.0000000000000000          0
  41.318973       1.879020      -1.2026228948269662       0.9310449141235317        709
  44.440835       1.981253      -1.1915761113690322       0.9335481410379158        709
  47.562830       2.085349      -0.0000000000000000       0.0000000000000000          0
  50.684981       2.191000      -0.0000000000000000       0.0000000000000000          0
  53.807311       2.297890      -0.0000000000000000       0.0000000000000000          0
  56.929845       2.405703      -0.0000000000000000       0.0000000000000000          0
  60.052605       2.514120      -0.0000000000000000       0.0000000000000000          0
  63.175615       2.622817      -0.0000000000000000       0.0000000000000000          0
  66.298898       2.731473      -0.0000000000000000       0.0000000000000000          0
  69.422476       2.839763      -0.0000000000000000       0.0000000000000000          0
  72.546370       2.947368      -0.0000000000000000       0.0000000000000000          0
  75.670599       3.053965      -0.0000000000000000       0.0000000000000000          0
  78.795182       3.159240      -0.0000000000000000       0.0000000000000000          0
  81.920133       3.262878      -0.0000000000000000       0.0000000000000000          0
  85.045468       3.364571      -0.0000000000000000       0.0000000000000000          0
  88.171198       3.464016      -0.0000000000000000       0.0000000000000000          0
  91.297333       3.560917      -0.0000000000000000       0.0000000000000000          0
  94.423879       3.654986      -0.0000000000000000       0.0000000000000000          0
  97.550839       3.745941      -0.4602444820129197      -0.0600470507142253      67352
  100.678216       3.833512      -0.3757680377755168      -0.0561627124015958        647
  103.806006       3.917437      -0.2901609489685342      -0.0526267722655103      64701
  106.934206       3.997466      -0.2036780140921636      -0.0494739598473703      64701
  110.062807       4.073360      -0.0000000000000000       0.0000000000000000          0
  113.191797       4.144892      -0.0000000000000000       0.0000000000000000          0
  116.321163       4.211847      -0.0000000000000000       0.0000000000000000          0
  119.450888       4.274027      -0.0000000000000000       0.0000000000000000          0
  122.580952       4.331245      -0.0000000000000000       0.0000000000000000          0
  125.711333       4.383329      -0.0000000000000000       0.0000000000000000          0
  128.842004       4.430124      -0.0000000000000000       0.0000000000000000          0
  131.972939       4.471489      -6.1113747924623141       1.2793971299775735        681
  135.104107       4.507301      -7.1099499963242909       1.2961657422744870      61501
  138.235478       4.537453      -7.3610656576782842       1.6318530542703460        615
  141.367017       4.561853      -7.3141682517186615       1.6639834947692429        615
  41.403468      -0.726754      -1.2023707796705003       0.9237121677821768        709
  44.527011      -0.624465      -0.0000000000000000       0.0000000000000000          0
  47.650432      -0.520322      -0.0000000000000000       0.0000000000000000          0
  50.773748      -0.414632      -0.0000000000000000       0.0000000000000000          0
  53.896981      -0.307711      -0.0000000000000000       0.0000000000000000          0
  57.020151      -0.199876      -0.0000000000000000       0.0000000000000000          0
  60.143280      -0.091447      -0.0000000000000000       0.0000000000000000          0
  63.266390       0.017254      -0.0000000000000000       0.0000000000000000          0
  66.389504       0.125903      -0.0000000000000000       0.0000000000000000          0
  69.512643       0.234179      -0.0000000000000000       0.0000000000000000          0
  72.635831       0.341758      -0.0000000000000000       0.0000000000000000          0
  75.759088       0.448323      -0.0000000000000000       0.0000000000000000          0
  78.882436       0.553556      -0.0000000000000000       0.0000000000000000          0
  82.005893       0.657144      -0.0000000000000000       0.0000000000000000          0
  85.129479       0.758780      -0.0000000000000000       0.0000000000000000          0
  88.253209       0.858161      -0.0000000000000000       0.0000000000000000          0
  91.377100       0.954993      -0.0000000000000000       0.0000000000000000          0
  94.501165       1.048986      -0.0000000000000000       0.0000000000000000          0
  97.625413       1.139863      -0.0000000000000000       0.0000000000000000          0
  100.749856       1.227351      -0.3738188257245932      -0.1272991476304653      67301
  103.874498       1.311192      -0.2882757372065832      -0.1245997596618837      64701
  106.999345       1.391135      -0.2018698278547068      -0.1220698579496521      64701
  110.124397       1.466943      -0.1148578529094149      -0.1197395322008585        735
  113.249656       1.538389      -0.0000000000000000       0.0000000000000000          0
  116.375117       1.605261      -0.0000000000000000       0.0000000000000000          0
  119.500775       1.667360       0.1472222071505892      -0.1142094568049715      61405
  122.626622       1.724501      -1.5833990119804673      -0.4700131095672261        667
  125.752648       1.776512      -4.0764644003384261       2.1356055848604640        681
  128.878842       1.823240      -5.1066860410607005       2.1280188647146785        681
  132.005188       1.864545      -7.3889190863960437       1.5792509235400289        684
  135.131671       1.900304      -7.3858553635641417       1.5924983521035756        801
  138.258274       1.930409      -7.3608035728207053       1.6061629446476444        801
  141.384976       1.954772      -7.3138361393030591       1.6200821587769796        615
>