>anchorPlateId 301
>reconstructionTime 69
>DeformingMeshPoints.gpml lat_lon_velocity_domain_28_32.gpml
>MeshNode <identity>GPlates-b7a3af0e-8119-4abb-9ae6-39bb7e5702ce</identity> <revision>GPlates-7b04c5e6-7801-49f1-bcc4-23d6f4e5417f</revision>
> reconstructionPlateId 0
> validTime TimePeriod <begin> TimeInstant <timePosition>http://gplates.org/times/distantPast</timePosition></begin> <end> TimeInstant <timePosition>http://gplates.org/times/distantFuture</timePosition></end>
  25.374089      70.631845      -0.0000000000000000       0.0000000000000000        302
  28.068453      70.843192      -0.0000000000000000       0.0000000000000000        302
  30.787087      71.061234      -0.0000000000000000       0.0000000000000000        302
  33.531646      71.285541      -0.0000000000000000       0.0000000000000000        302
  36.303858      71.515655      -0.0000000000000000       0.0000000000000000        302
  39.105525      71.751096      -0.0000000000000000       0.0000000000000000        302
  41.938525      71.991356      -0.0000000000000000       0.0000000000000000        302
  44.804811      72.235898      -0.0000000000000000       0.0000000000000000        302
  47.706407      72.484159      -0.0000000000000000       0.0000000000000000        302
  50.645412      72.735545      -0.0000000000000000       0.0000000000000000        302
  53.623985      72.989431      -0.0000000000000000       0.0000000000000000        373
  56.644344      73.245161      -0.0000000000000000       0.0000000000000000        373
  59.708754      73.502045      -0.0000000000000000       0.0000000000000000        372
  62.819512      73.759359      -0.0000000000000000       0.0000000000000000        372
  65.978932      74.016347      -0.0000000000000000       0.0000000000000000        372
  69.189319      74.272216      -0.0000000000000000       0.0000000000000000        372
  72.452945      74.526136      -0.0000000000000000       0.0000000000000000        372
  75.772014      74.777246      -0.0000000000000000       0.0000000000000000        404
  79.148625      75.024647      -0.0000000000000000       0.0000000000000000        404
  82.584721      75.267407      -0.0000000000000000       0.0000000000000000        404
  86.082042      75.504564      -0.0000000000000000       0.0000000000000000        404
  89.642060      75.735127      -0.0000000000000000       0.0000000000000000        404
  93.265915      75.958079      -0.0000000000000000       0.0000000000000000        404
  96.954342      76.172386      -0.0000000000000000       0.0000000000000000        404
  100.707594      76.376998      -0.0000000000000000       0.0000000000000000        404
  104.525365      76.570863      -0.0000000000000000       0.0000000000000000        401
  108.406709      76.752931      -0.0000000000000000       0.0000000000000000        401
  112.349974      76.922168      -0.0000000000000000       0.0000000000000000        401
  116.352732      77.077569      -0.0000000000000000       0.0000000000000000        401
  120.411733      77.218169      -0.0000000000000000       0.0000000000000000        401
  124.522878      77.343058      -0.0000000000000000       0.0000000000000000          0
  128.681212      77.451401      -0.0000000000000000       0.0000000000000000          0
  132.880950      77.542447      -0.0000000000000000       0.0000000000000000          0
  26.962963      68.085350      -0.0000000000000000       0.0000000000000000        302
  29.725608      68.300769      -0.0000000000000000       0.0000000000000000        302
  32.511088      68.522748      -0.0000000000000000       0.0000000000000000        302
  35.320849      68.750813      -0.0000000000000000       0.0000000000000000        302
  38.156386      68.984470      -0.0000000000000000       0.0000000000000000        302
  41.019237      69.223195      -0.0000000000000000       0.0000000000000000        302
  43.910988      69.466440      -0.0000000000000000       0.0000000000000000        302
  46.833262      69.713629      -0.0000000000000000       0.0000000000000000        302
  49.787721      69.964156      -0.0000000000000000       0.0000000000000000        302
  52.776056      70.217391      -0.0000000000000000       0.0000000000000000        302
  55.799980      70.472671      -0.0000000000000000       0.0000000000000000        373
  58.861221      70.729306      -0.0000000000000000       0.0000000000000000        372
  61.961505      70.986577      -0.0000000000000000       0.0000000000000000        372
  65.102545      71.243732      -0.0000000000000000       0.0000000000000000        372
  68.286023      71.499993      -0.0000000000000000       0.0000000000000000        372
  71.513567      71.754551      -0.0000000000000000       0.0000000000000000        372
  74.786729      72.006569      -0.0000000000000000       0.0000000000000000        401
  78.106955      72.255182      -0.0000000000000000       0.0000000000000000        401
  81.475557      72.499500      -0.0000000000000000       0.0000000000000000        401
  84.893674      72.738611      -0.0000000000000000       0.0000000000000000        401
  88.362234      72.971580      -0.0000000000000000       0.0000000000000000        401
  91.881916      73.197458      -0.0000000000000000       0.0000000000000000        401
  95.453098      73.415281      -0.0000000000000000       0.0000000000000000        401
  99.075819      73.624082      -0.0000000000000000       0.0000000000000000        401
  102.749730      73.822890      -0.0000000000000000       0.0000000000000000        401
  106.474048      74.010745      -0.0000000000000000       0.0000000000000000        401
  110.247515      74.186700      -0.0000000000000000       0.0000000000000000        401
  114.068366      74.349835      -0.0000000000000000       0.0000000000000000          0
  117.934297      74.499264      -0.0000000000000000       0.0000000000000000          0
  121.842448      74.634149      -0.0000000000000000       0.0000000000000000          0
  125.789404      74.753707      -0.0000000000000000       0.0000000000000000          0
  129.771198      74.857226      -0.0000000000000000       0.0000000000000000          0
  133.783344      74.944073      -0.0000000000000000       0.0000000000000000          0
  28.234851      65.526640      -0.0000000000000000       0.0000000000000000        302
  31.049323      65.745191      -0.0000000000000000       0.0000000000000000        302
  33.885081      65.970171      -0.0000000000000000       0.0000000000000000        302
  36.743390      66.201077      -0.0000000000000000       0.0000000000000000        302
  39.625544      66.437378      -0.0000000000000000       0.0000000000000000        302
  42.532863      66.678522      -0.0000000000000000       0.0000000000000000        302
  45.466690      66.923927      -0.0000000000000000       0.0000000000000000        302
  48.428386      67.172987      -0.0000000000000000       0.0000000000000000        302
  51.419325      67.425069      -0.0000000000000000       0.0000000000000000        302
  54.440886      67.679512      -0.0000000000000000       0.0000000000000000        302
  57.494447      67.935629      -0.0000000000000000       0.0000000000000000        302
  60.581371      68.192708      -0.0000000000000000       0.0000000000000000        302
  63.702997      68.450009      -0.0000000000000000       0.0000000000000000        302
  66.860628      68.706766      -0.0000000000000000       0.0000000000000000        302
  70.055509      68.962189      -0.0000000000000000       0.0000000000000000        372
  73.288817      69.215463      -0.0000000000000000       0.0000000000000000        401
  76.561632      69.465750      -0.0000000000000000       0.0000000000000000        401
  79.874924      69.712193      -0.0000000000000000       0.0000000000000000        401
  83.229520      69.953915      -0.0000000000000000       0.0000000000000000        401
  86.626082      70.190023      -0.0000000000000000       0.0000000000000000        401
  90.065077      70.419612      -0.0000000000000000       0.0000000000000000        401
  93.546751      70.641770      -0.0000000000000000       0.0000000000000000        401
  97.071092      70.855580      -0.0000000000000000       0.0000000000000000        401
  100.637807      71.060127      -0.0000000000000000       0.0000000000000000        401
  104.246290      71.254504      -0.0000000000000000       0.0000000000000000        401
  107.895595      71.437819      -0.0000000000000000       0.0000000000000000        401
  111.584416      71.609203      -0.0000000000000000       0.0000000000000000        401
  115.311062      71.767817      -0.0000000000000000       0.0000000000000000        401
  119.073454      71.912859      -0.0000000000000000       0.0000000000000000        401
  122.869114      72.043578      -0.0000000000000000       0.0000000000000000        401
  126.695170      72.159276      -0.0000000000000000       0.0000000000000000        401
  130.548370      72.259323      -0.0000000000000000       0.0000000000000000          0
  134.425109      72.343163      -0.0000000000000000       0.0000000000000000          0
  29.278980      62.959189      -0.0000000000000000       0.0000000000000000        302
  32.134039      63.180226      -0.0000000000000000       0.0000000000000000        302
  35.008853      63.407571      -0.0000000000000000       0.0000000000000000        302
  37.904533      63.640694      -0.0000000000000000       0.0000000000000000        302
  40.822205      63.879041      -0.0000000000000000       0.0000000000000000        302
  43.763010      64.122032      -0.0000000000000000       0.0000000000000000        302
  46.728093      64.369062      -0.0000000000000000       0.0000000000000000        302
  49.718608      64.619499      -0.0000000000000000       0.0000000000000000        302
  52.735701      64.872690      -0.0000000000000000       0.0000000000000000        302
  55.780513      65.127954      -0.0000000000000000       0.0000000000000000        302
  58.854165      65.384585      -0.0000000000000000       0.0000000000000000        302
  61.957752      65.641854      -0.0000000000000000       0.0000000000000000        302
  65.092329      65.899011      -0.0000000000000000       0.0000000000000000        390
  68.258905      66.155279      -0.0000000000000000       0.0000000000000000        468
  71.458422      66.409864      -0.0000000000000000       0.0000000000000000        401
  74.691743      66.661950      -0.0000000000000000       0.0000000000000000        401
  77.959636      66.910702      -0.0000000000000000       0.0000000000000000        401
  81.262757      67.155273      -0.0000000000000000       0.0000000000000000        401
  84.601627      67.394800      -0.0000000000000000       0.0000000000000000        401
  87.976615      67.628411      -0.0000000000000000       0.0000000000000000        401
  91.387916      67.855227      -0.0000000000000000       0.0000000000000000        401
  94.835530      68.074368      -0.0000000000000000       0.0000000000000000        401
  98.319241      68.284956      -0.0000000000000000       0.0000000000000000        401
  101.838597      68.486120      -0.0000000000000000       0.0000000000000000        401
  105.392891      68.677002      -0.0000000000000000       0.0000000000000000        401
  108.981145      68.856765      -0.0000000000000000       0.0000000000000000        401
  112.602096      69.024597      -0.0000000000000000       0.0000000000000000        401
  116.254187      69.179720      -0.0000000000000000       0.0000000000000000        401
  119.935562      69.321395      -0.0000000000000000       0.0000000000000000        401
  123.644067      69.448933      -0.0000000000000000       0.0000000000000000        401
  127.377257      69.561699      -0.0000000000000000       0.0000000000000000      43102
  131.132408      69.659121      -0.0000000000000000       0.0000000000000000      43101
  134.906540      69.740694      -0.0000000000000000       0.0000000000000000          0
  30.154284      60.385279      -0.0000000000000000       0.0000000000000000        302
  33.041964      60.608339      -0.0000000000000000       0.0000000000000000        302
  35.947940      60.837597      -0.0000000000000000       0.0000000000000000        302
  38.873194      61.072501      -0.0000000000000000       0.0000000000000000        302
  41.818713      61.312476      -0.0000000000000000       0.0000000000000000        302
  44.785487      61.556920      -0.0000000000000000       0.0000000000000000        302
  47.774504      61.805210      -0.0000000000000000       0.0000000000000000        302
  50.786749      62.056696      -0.0000000000000000       0.0000000000000000        302
  53.823192      62.310705      -0.0000000000000000       0.0000000000000000        302
  56.884785      62.566542      -0.0000000000000000       0.0000000000000000        302
  59.972454      62.823489      -0.0000000000000000       0.0000000000000000        302
  63.087092      63.080806      -0.0000000000000000       0.0000000000000000        390
  66.229544      63.337732      -0.0000000000000000       0.0000000000000000        468
  69.400603      63.593489      -0.0000000000000000       0.0000000000000000        468
  72.600994      63.847277      -0.0000000000000000       0.0000000000000000        401
  75.831361      64.098285      -0.0000000000000000       0.0000000000000000        401
  79.092257      64.345683      -0.0000000000000000       0.0000000000000000        401
  82.384126      64.588634      -0.0000000000000000       0.0000000000000000        401
  85.707290      64.826288      -0.0000000000000000       0.0000000000000000        401
  89.061934      65.057794      -0.0000000000000000       0.0000000000000000        401
  92.448086      65.282295      -0.0000000000000000       0.0000000000000000        401
  95.865606      65.498940      -0.0000000000000000       0.0000000000000000        401
  99.314172      65.706881      -0.0000000000000000       0.0000000000000000        401
  102.793258      65.905286      -0.0000000000000000       0.0000000000000000        401
  106.302133      66.093336      -0.0000000000000000       0.0000000000000000        401
  109.839841      66.270237      -0.0000000000000000       0.0000000000000000        401
  113.405198      66.435222      -0.0000000000000000       0.0000000000000000        401
  116.996785      66.587561      -0.0000000000000000       0.0000000000000000        401
  120.612949      66.726564      -0.0000000000000000       0.0000000000000000        401
  124.251805      66.851587      -0.0000000000000000       0.0000000000000000        401
  127.911243      66.962043      -0.0000000000000000       0.0000000000000000      43102
  131.588941      67.057401      -0.0000000000000000       0.0000000000000000      43101
  135.282382      67.137200      -0.0000000000000000       0.0000000000000000      43101
  30.901178      57.806467      -0.0000000000000000       0.0000000000000000        302
  33.815658      58.031209      -0.0000000000000000       0.0000000000000000        302
  36.747067      58.262049      -0.0000000000000000       0.0000000000000000        302
  39.696277      58.498416      -0.0000000000000000       0.0000000000000000        302
  42.664158      58.739718      -0.0000000000000000       0.0000000000000000        302
  45.651577      58.985335      -0.0000000000000000       0.0000000000000000        302
  48.659393      59.234628      -0.0000000000000000       0.0000000000000000        302
  51.688454      59.486932      -0.0000000000000000       0.0000000000000000        302
  54.739590      59.741562      -0.0000000000000000       0.0000000000000000        302
  57.813604      59.997810      -0.0000000000000000       0.0000000000000000        302
  60.911273      60.254947      -0.0000000000000000       0.0000000000000000        390
  64.033332      60.512227      -0.0000000000000000       0.0000000000000000        390
  67.180468      60.768884      -0.0000000000000000       0.0000000000000000        468
  70.353315      61.024135      -0.0000000000000000       0.0000000000000000        401
  73.552437      61.277183      -0.0000000000000000       0.0000000000000000        401
  76.778324      61.527218      -0.0000000000000000       0.0000000000000000        401
  80.031376      61.773418      -0.0000000000000000       0.0000000000000000        401
  83.311892      62.014955      -0.0000000000000000       0.0000000000000000        401
  86.620062      62.250995      -0.0000000000000000       0.0000000000000000        401
  89.955949      62.480700      -0.0000000000000000       0.0000000000000000        401
  93.319482      62.703238      -0.0000000000000000       0.0000000000000000        401
  96.710441      62.917779      -0.0000000000000000       0.0000000000000000        401
  100.128448      63.123504      -0.0000000000000000       0.0000000000000000        401
  103.572956      63.319610      -0.0000000000000000       0.0000000000000000        401
  107.043240      63.505312      -0.0000000000000000       0.0000000000000000        401
  110.538393      63.679851      -0.0000000000000000       0.0000000000000000        401
  114.057318      63.842498      -0.0000000000000000       0.0000000000000000        401
  117.598728      63.992558      -0.0000000000000000       0.0000000000000000        401
  121.161146      64.129380      -0.0000000000000000       0.0000000000000000        401
  124.742910      64.252358      -0.0000000000000000       0.0000000000000000        401
  128.342179      64.360940      -0.0000000000000000       0.0000000000000000      43102
  131.956944      64.454629      -0.0000000000000000       0.0000000000000000      43101
  135.585045      64.532995      -0.0000000000000000       0.0000000000000000      43101
  31.548276      55.223851      -0.0000000000000000       0.0000000000000000        302
  34.485189      55.450018      -0.0000000000000000       0.0000000000000000        302
  37.437760      55.682191      -0.0000000000000000       0.0000000000000000        302
  40.406765      55.919784      -0.0000000000000000       0.0000000000000000        302
  43.392975      56.162189      -0.0000000000000000       0.0000000000000000        302
  46.397156      56.408773      -0.0000000000000000       0.0000000000000000        302
  49.420060      56.658882      -0.0000000000000000       0.0000000000000000        302
  52.462424      56.911841      -0.0000000000000000       0.0000000000000000        302
  55.524963      57.166952      -0.0000000000000000       0.0000000000000000        302
  58.608365      57.423498      -0.0000000000000000       0.0000000000000000        302
  61.713285      57.680745      -0.0000000000000000       0.0000000000000000        390
  64.840338      57.937938      -0.0000000000000000       0.0000000000000000        468
  67.990090      58.194309      -0.0000000000000000       0.0000000000000000        468
  71.163053      58.449075      -0.0000000000000000       0.0000000000000000        401
  74.359675      58.701439      -0.0000000000000000       0.0000000000000000        401
  77.580329      58.950596      -0.0000000000000000       0.0000000000000000        401
  80.825306      59.195730      -0.0000000000000000       0.0000000000000000        401
  84.094808      59.436024      -0.0000000000000000       0.0000000000000000        401
  87.388930      59.670654      -0.0000000000000000       0.0000000000000000        401
  90.707661      59.898800      -0.0000000000000000       0.0000000000000000        401
  94.050865      60.119647      -0.0000000000000000       0.0000000000000000        401
  97.418280      60.332387      -0.0000000000000000       0.0000000000000000        401
  100.809505      60.536224      -0.0000000000000000       0.0000000000000000        401
  104.223993      60.730380      -0.0000000000000000       0.0000000000000000        401
  107.661048      60.914098      -0.0000000000000000       0.0000000000000000        401
  111.119818      61.086649      -0.0000000000000000       0.0000000000000000        401
  114.599294      61.247332      -0.0000000000000000       0.0000000000000000        401
  118.098307      61.395486      -0.0000000000000000       0.0000000000000000        401
  121.615533      61.530489      -0.0000000000000000       0.0000000000000000        401
  125.149497      61.651765      -0.0000000000000000       0.0000000000000000        401
  128.698577      61.758791      -0.0000000000000000       0.0000000000000000        401
  132.261017      61.851098      -0.0000000000000000       0.0000000000000000        401
  135.834935      61.928277      -0.0000000000000000       0.0000000000000000        401
  32.116394      52.638229      -0.0000000000000000       0.0000000000000000        302
  35.072392      52.865621      -0.0000000000000000       0.0000000000000000        302
  38.042866      53.098936      -0.0000000000000000       0.0000000000000000        302
  41.028509      53.337573      -0.0000000000000000       0.0000000000000000        302
  44.030012      53.580912      -0.0000000000000000       0.0000000000000000        302
  47.048051      53.828307      -0.0000000000000000       0.0000000000000000        302
  50.083291      54.079093      -0.0000000000000000       0.0000000000000000        302
  53.136378      54.332585      -0.0000000000000000       0.0000000000000000        302
  56.207933      54.588076      -0.0000000000000000       0.0000000000000000        302
  59.298550      54.844842      -0.0000000000000000       0.0000000000000000        302
  62.408789      55.102143      -0.0000000000000000       0.0000000000000000        390
  65.539168      55.359220      -0.0000000000000000       0.0000000000000000        468
  68.690160      55.615303      -0.0000000000000000       0.0000000000000000        468
  71.862185      55.869609      -0.0000000000000000       0.0000000000000000        468
  75.055599      56.121343      -0.0000000000000000       0.0000000000000000        401
  78.270693      56.369703      -0.0000000000000000       0.0000000000000000        401
  81.507678      56.613883      -0.0000000000000000       0.0000000000000000        401
  84.766683      56.853072      -0.0000000000000000       0.0000000000000000        401
  88.047744      57.086459      -0.0000000000000000       0.0000000000000000        401
  91.350798      57.313239      -0.0000000000000000       0.0000000000000000        401
  94.675674      57.532611      -0.0000000000000000       0.0000000000000000        401
  98.022086      57.743787      -0.0000000000000000       0.0000000000000000        401
  101.389630      57.945990      -0.0000000000000000       0.0000000000000000        401
  104.777773      58.138465      -0.0000000000000000       0.0000000000000000        401
  108.185856      58.320480      -0.0000000000000000       0.0000000000000000        401
  111.613085      58.491327      -0.0000000000000000       0.0000000000000000        401
  115.058533      58.650335      -0.0000000000000000       0.0000000000000000        401
  118.521139      58.796865      -0.0000000000000000       0.0000000000000000        401
  121.999712      58.930321      -0.0000000000000000       0.0000000000000000        401
  125.492933      59.050154      -0.0000000000000000       0.0000000000000000        401
  128.999362      59.155862      -0.0000000000000000       0.0000000000000000        401
  132.517449      59.247000      -0.0000000000000000       0.0000000000000000        401
  136.045541      59.323178      -0.0000000000000000       0.0000000000000000        401
  32.621033      50.050193      -0.0000000000000000       0.0000000000000000        302
  35.593500      50.278655      -0.0000000000000000       0.0000000000000000        302
  38.579341      50.512961      -0.0000000000000000       0.0000000000000000        302
  41.579182      50.752501      -0.0000000000000000       0.0000000000000000        302
  44.593640      50.996641      -0.0000000000000000       0.0000000000000000        302
  47.623319      51.244727      -0.0000000000000000       0.0000000000000000        302
  50.668810      51.496084      -0.0000000000000000       0.0000000000000000        302
  53.730681      51.750018      -0.0000000000000000       0.0000000000000000        302
  56.809478      52.005814      -0.0000000000000000       0.0000000000000000        302
  59.905717      52.262744      -0.0000000000000000       0.0000000000000000        390
  63.019881      52.520060      -0.0000000000000000       0.0000000000000000        465
  66.152412      52.777005      -0.0000000000000000       0.0000000000000000        465
  69.303710      53.032804      -0.0000000000000000       0.0000000000000000        458
  72.474121      53.286675      -0.0000000000000000       0.0000000000000000        459
  75.663935      53.537827      -0.0912672005135308      -0.0104895018532176          0
  78.873376      53.785462      -0.7217314639026655      -0.0371639684370235          0
  82.102600      54.028780      -1.0235713790445093       0.0027027356055882          0
  85.351685      54.266979      -1.0757572101568345       0.0567557229783023          0
  88.620624      54.499260      -0.9267009614103984       0.0911652157714949          0
  91.909323      54.724828      -0.6461294002084177       0.0894329162800437          0
  95.217589      54.942899      -0.2937709474329514       0.0510458112690867          0
  98.545130      55.152698      -0.0000000000000000       0.0000000000000000        401
  101.891548      55.353470      -0.0000000000000000       0.0000000000000000        401
  105.256333      55.544477      -0.0000000000000000       0.0000000000000000        401
  108.638865      55.725007      -0.0000000000000000       0.0000000000000000          0
  112.038408      55.894375      -0.0438338291651013       0.0157645598393952          0
  115.454111      56.051929      -0.1134487912448393       0.0463517168145564          0
  118.885010      56.197053      -0.1530944550539797       0.0702987003914736          0
  122.330028      56.329174      -0.1714160905917031       0.0862767090744281          0
  125.787982      56.447762      -0.1822105840989756       0.0911338500085617          0
  129.257586      56.552337      -0.1830786278663179       0.0834138525069775          0
  132.737460      56.642469      -0.1847891863023474       0.0706288721577447          0
  136.226140      56.717787      -0.1842487490419835       0.0580934140364287          0
  33.073978      47.460194      -0.0000000000000000       0.0000000000000000        302
  36.060835      47.689599      -0.0000000000000000       0.0000000000000000        302
  39.060038      47.924777      -0.0000000000000000       0.0000000000000000        302
  42.072153      48.165107      -0.0000000000000000       0.0000000000000000        302
  45.097736      48.409945      -0.0000000000000000       0.0000000000000000        302
  48.137329      48.658628      -0.0000000000000000       0.0000000000000000        302
  51.191457      48.910473      -0.0000000000000000       0.0000000000000000        302
  54.260627      49.164778      -0.0000000000000000       0.0000000000000000        302
  57.345319      49.420823      -0.0000000000000000       0.0000000000000000        302
  60.445987      49.677873      -0.0000000000000000       0.0000000000000000        390
  63.563051      49.935180      -0.0000000000000000       0.0000000000000000        465
  66.696891      50.191982      -0.0000000000000000       0.0000000000000000        458
  69.847848      50.447504      -0.0000000000000000       0.0000000000000000        459
  73.016212      50.700966      -0.5161190424071859      -0.0979851795753524          0
  76.202219      50.951579      -1.4901145109642329      -0.1893273018380443          0
  79.406047      51.198550      -2.0702856084605008      -0.1244133669921786          0
  82.627808      51.441085      -2.3030539198947602       0.0075720384001068          0
  85.867543      51.678390      -2.2266390089486903       0.1301308653565314          0
  89.125220      51.909676      -1.9025324373650170       0.1949299790005701          0
  92.400722      52.134159      -1.4549177850053288       0.1994178539206643          0
  95.693849      52.351068      -0.9606655659891061       0.1549285446030876          0
  99.004309      52.559645      -0.4509293078288662       0.0779323518529038          0
  102.331718      52.759147      -0.0154500725114705       0.0023202863956659          0
  105.675593      52.948855      -0.0177806753025938       0.0049036918736259          0
  109.035355      53.128075      -0.1478764563797111       0.0470467271586712          0
  112.410322      53.296140      -0.2675929054473556       0.0972161670341985          0
  115.799714      53.452417      -0.3385952256842431       0.1389752721325818          0
  119.202653      53.596309      -0.3765315536461053       0.1717854267664219          0
  122.618164      53.727261      -0.4008013435849651       0.1910506764994977          0
  126.045179      53.844761      -0.4190464375461078       0.1985402560902105          0
  129.482546      53.948345      -0.4358703418200394       0.1963393577220487          0
  132.929029      54.037601      -0.4557402046659248       0.1867959711672242          0
  136.383323      54.112170      -0.4921240954820663       0.1810438990271720          0
  33.484352      44.868578      -0.0000000000000000       0.0000000000000000        302
  36.483923      45.098825      -0.0000000000000000       0.0000000000000000        302
  39.494878      45.334778      -0.0000000000000000       0.0000000000000000        301
  42.517731      45.575807      -0.0000000000000000       0.0000000000000000        301
  45.552982      45.821260      -0.0000000000000000       0.0000000000000000        301
  48.601121      46.070465      -0.0000000000000000       0.0000000000000000        301
  51.662620      46.322733      -0.0000000000000000       0.0000000000000000        302
  54.737929      46.577353      -0.0000000000000000       0.0000000000000000        302
  57.827477      46.833604      -0.0000000000000000       0.0000000000000000        302
  60.931663      47.090744      -0.0000000000000000       0.0000000000000000        390
  64.050856      47.348022      -0.0000000000000000       0.0000000000000000        466
  67.185388      47.604676      -0.0000000000000000       0.0000000000000000        458
  70.335549      47.859930      -0.2074517421301900       0.0008262070202636          0
  73.501587      48.113006      -1.8858586816151224      -0.2797992681423132          0
  76.683696      48.363118      -3.2561073776442049      -0.4586801391856082          0
  79.882018      48.609477      -3.7801136520850620      -0.2760130595800615          0
  83.096634      48.851295      -3.8430408104014520       0.0164924442968019          0
  86.327559      49.087786      -3.4259130166087646       0.2305367281840062          0
  89.574742      49.318169      -2.8091539836950803       0.3028936368671336          0
  92.838057      49.541672      -2.1564314087948122       0.2785402261987594          0
  96.117300      49.757535      -1.5102325790978872       0.1939963101513432          0
  99.412188      49.965013      -1.0329314868866413       0.1418324454018362          0
  102.722354      50.163378      -0.7167646214761696       0.1412634223623610          0
  106.047344      50.351926      -0.5224194551020265       0.1358227945100815          0
  109.386617      50.529977      -0.4798237311044697       0.1536515727843121          0
  112.739547      50.696881      -0.5461741690363328       0.2002016233115672          0
  116.105418      50.852023      -0.5957588781555769       0.2458181820272801          0
  119.483427      50.994822      -0.6218265342036935       0.2826758180310623          0
  122.872691      51.124737      -0.6405586891332242       0.3048060665066192          0
  126.272244      51.241274      -0.6569359875051630       0.3138685915684477          0
  129.681047      51.343983      -0.6770635603790871       0.3122643394160544          0
  133.097990      51.432464      -0.7071817898173382       0.3023305347082679          0
  136.521904      51.506372      -0.7627196565341328       0.2959595827696842          0
  33.859332      42.275620      -0.0000000000000000       0.0000000000000000        526
  36.870250      42.506625      -0.0000000000000000       0.0000000000000000        551
  39.891647      42.743274      -0.0000000000000000       0.0000000000000000        551
  42.923991      42.984928      -0.0000000000000000       0.0000000000000000        551
  45.967737      43.230928      -0.0000000000000000       0.0000000000000000        301
  49.023326      43.480595      -0.0000000000000000       0.0000000000000000        301
  52.091183      43.733232      -0.0000000000000000       0.0000000000000000        301
  55.171713      43.988125      -0.0000000000000000       0.0000000000000000        301
  58.265299      44.244546      -0.0000000000000000       0.0000000000000000        301
  61.372296      44.501752      -0.0000000000000000       0.0000000000000000        390
  64.493030      44.758989      -0.0000000000000000       0.0000000000000000        466
  67.627792      45.015491      -0.0000000000000000       0.0000000000000000        466
  70.776835      45.270488      -1.5034119539102373       0.1700331215902783          0
  73.940370      45.523199      -3.1063017067656702       0.1815364931509726          0
  77.118559      45.772842      -4.7004898485746676      -0.9414045936333214        580
  80.311517      46.018634      -4.2738250465842231      -0.7109599484600024        580
  83.519301      46.259791      -3.8318193804819884      -0.4967254837096862        580
  86.741910      46.495535      -3.3756821173505345      -0.2998831850469028        580
  89.979281      46.725093      -2.9067080441278752      -0.1215810802901886        580
  93.231283      46.947703      -2.4262763793698401       0.0370772389731753        580
  96.497716      47.162616      -1.9750537242223500       0.1771820854762824          0
  99.778309      47.369098      -1.7457936626592852       0.3581198394141149          0
  103.072713      47.566434      -1.4222027623311633       0.3992990928969671          0
  106.380505      47.753934      -1.0792034193262170       0.3377604427654093          0
  109.701184      47.930932      -0.8635009176763575       0.2816210006824473          0
  113.034170      48.096793      -0.8508685645572858       0.3145945599753922          0
  116.378810      48.250915      -0.8713922249335873       0.3616417154766597          0
  119.734370      48.392733      -0.8765006091854242       0.4026136481281402          0
  123.100046      48.521720      -0.8805912236523834       0.4289245170501120          0
  126.474965      48.637395      -0.8869342274801131       0.4391711930142845          0
  129.858186      48.739321      -0.9008924087793258       0.4342811887869229          0
  133.248709      48.827110      -0.9329880918715968       0.4172669446350234          0
  136.645481      48.900428      -0.9962632125385393       0.3988874330704340          0
  34.204650      39.681537      -0.0000000000000000       0.0000000000000000        525
  37.225786      39.913231      -0.0000000000000000       0.0000000000000000        525
  40.256549      40.150510      -0.0000000000000000       0.0000000000000000        526
  43.297364      40.392729      -0.0000000000000000       0.0000000000000000        526
  46.348644      40.639221      -0.0000000000000000       0.0000000000000000        526
  49.410790      40.889299      -2.6975453241633907       0.2400974185628243        503
  52.484187      41.142263      -0.0000000000000000       0.0000000000000000        301
  55.569200      41.397393      -0.0000000000000000       0.0000000000000000        301
  58.666173      41.653957      -0.0000000000000000       0.0000000000000000        301
  61.775424      41.911210      -0.0000000000000000       0.0000000000000000        390
  64.897242      42.168395      -0.0000000000000000       0.0000000000000000        467
  68.031886      42.424747      -0.7014217968399770       0.0976796360941264          0
  71.179577      42.679494      -2.9198243902670589       0.4476546823379127          0
  74.340497      42.931860      -3.4924158272905430       0.6213814841510139        501
  77.514785      43.181064      -3.6182462355615272       0.7396107485281235        501
  80.702532      43.426326      -4.0426324292425404      -0.5149852794668821          0
  83.903782      43.666871      -3.7780075174410248      -1.0259439181137811        580
  87.118521      43.901924      -3.3216507017559218      -0.8382187257577627        580
  90.346679      44.130723      -2.9533478727157680      -0.3696948276311575          0
  93.588127      44.352513      -2.6848929695825259      -0.0165029622572223          0
  96.842670      44.566555      -2.7459558395140160       0.5030389481929851          0
  100.110052      44.772126      -2.5943110902187554       0.7638733288369155          0
  103.389945      44.968524      -2.2253001921653630       0.8038706278240091          0
  106.681955      45.155069      -1.7133271405417867       0.6429336025645754          0
  109.985620      45.331110      -1.2658879876456965       0.4356725927191812          0
  113.300407      45.496024      -1.1713893594760367       0.4371232177320785          0
  116.625715      45.649222      -1.1553383334697909       0.4826854431280793          0
  119.960877      45.790151      -1.1340138855839950       0.5266528750908225          0
  123.305160      45.918299      -1.1134432432380721       0.5615937502639672          0
  126.657771      46.033195      -1.1010027187731175       0.5764253598224014          0
  130.017859      46.134414      -1.1013834291251261       0.5683950251483438          0
  133.384520      46.221580      -1.1267167717331701       0.5357465118147077          0
  136.756802      46.294365      -1.1875613515638612       0.4835919348625466          0
  34.524943      37.086505      -1.1925173300533871       0.1134255923010184        715
  37.555359      37.318830      -2.0650470313425000       0.1833375840947015        503
  40.594593      37.556685      -2.2367427268894065       0.2351271659766746        503
  43.643032      37.799418      -2.4026372698835958       0.2930322761637249        503
  46.701055      38.046355      -0.0000000000000000       0.0000000000000000        505
  49.769025      38.296805      -2.7149905374621839       0.4271911284300495        503
  52.847292      38.550060      -2.8604506102216498       0.5033896800446434        503
  55.936187      38.805398      -0.0000000000000000       0.0000000000000000        301
  59.036021      39.062083      -0.0000000000000000       0.0000000000000000        301
  62.147079      39.319368      -0.0000000000000000       0.0000000000000000        301
  65.269622      39.576494      -0.0000000000000000       0.0000000000000000        467
  68.403879      39.832696      -1.7421163897183898       0.3241687276482523          0
  71.550046      40.087203      -3.3729360269507667       0.7022157837576553        501
  74.708284      40.339240      -3.5075516786238286       0.8078078600344414        501
  77.878712      40.588029      -3.6319700072251080       0.9200022003487023        501
  81.061405      40.832796      -3.7456867597060999       1.0385518341238138        501
  84.256395      41.072768      -3.7931457274755704       0.5760773865867068          0
  87.463661      41.307180      -3.7028980942225962       0.5333857677013019          0
  90.683132      41.535274      -3.4967405270173786       0.6451264661760846          0
  93.914682      41.756306      -3.3694290008818171       0.7853268444712230          0
  97.158125      41.969544      -3.4417347304949830       1.0703240453546243          0
  100.413220      42.174277      -3.5239231810472251       1.3871559189676921          0
  103.679663      42.369812      -3.1912897695055964       1.4196182013540399          0
  106.957089      42.555481      -2.4512561646023148       1.0888635602054357          0
  110.245071      42.730645      -1.6765476227436835       0.6237863513635701          0
  113.543119      42.894691      -1.4236207285203659       0.5049007366454159          0
  116.850685      43.047044      -1.4128978597145663       0.5778230111958992          0
  120.167160      43.187162      -1.3893180485390841       0.6490137476323307          0
  123.491876      43.314544      -1.3356702764982207       0.6884981653446389          0
  126.824113      43.428730      -1.2880813027067171       0.7240624460513199          0
  130.163099      43.529305      -1.2650340148739441       0.7370994848034581          0
  133.508016      43.615903      -1.2696144166831695       0.6870176741865135          0
  136.858003      43.688204      -1.3037283144860181       0.4275232880724599          0
  34.824013      34.490669      -0.0000000000000000       0.0000000000000000          0
  37.862921      34.723576      -2.0826945159962649       0.3833181581371175        503
  40.909876      34.961962      -2.2542019115168230       0.4316915984552804        503
  43.965233      35.205166      -2.4197819600143422       0.4858678006732577        503
  47.029338      35.452509      -0.0000000000000000       0.0000000000000000        505
  50.102523      35.703296      -0.0000000000000000       0.0000000000000000        505
  53.185106      35.956814      -0.0000000000000000       0.0000000000000000        505
  56.277388      36.212336      -0.0000000000000000       0.0000000000000000        505
  59.379651      36.469124      -3.1412953691483669       0.8434028236419644        503
  62.492155      36.726429      -0.0000000000000000       0.0000000000000000        301
  65.615134      36.983490      -0.0000000000000000       0.0000000000000000        301
  68.748794      37.239544      -0.0000000000000000       0.0000000000000000        301
  71.893312      37.493818      -3.3880711113722812       0.8905747986995901        501
  75.048828      37.745541      -3.5214374936108861       0.9901350433687524        501
  78.215448      37.993938      -3.6445378916253590       1.0959815310454941        501
  81.393236      38.238237      -3.7568835179811733       1.2078792013641348        501
  84.582214      38.477673      -3.8580095970098638       1.3255528368708906        501
  87.782361      38.711484      -3.9474782592253677       1.4486865525591970        501
  90.993604      38.938921      -4.0044289984769650       1.5518055120538254          0
  94.215824      39.159246      -3.9674495303149531       1.5700946767203279          0
  97.448847      39.371737      -4.0280701326177741       1.7340126724649014          0
  100.692447      39.575692      -4.1811328925541655       1.9880860343286755        501
  103.946344      39.770428      -3.5802348726065896       1.6747214287929690          0
  107.210200      39.955288      -2.4866958622773550       1.0298373731954038          0
  110.483625      40.129641      -1.7295769928144109       0.5516654431328114          0
  113.766169      40.292887      -1.4133073188520213       0.3737810943172216          0
  117.057332      40.444462      -1.3926601859939716       0.4400931422517104          0
  120.356557      40.583833      -1.3816715085816327       0.5201567504206193          0
  123.663238      40.710510      -1.3640458489218541       0.5881310499492208          0
  126.976721      40.824044      -1.3416476516684650       0.6370643092975525          0
  130.296304      40.924028      -1.3181508883189508       0.6511006370249490          0
  133.621247      41.010104      -1.2989320517517147       0.6043448644918508          0
  136.950770      41.081961      -0.0000000000000000       0.0000000000000000          0
  35.105013      31.894148      -0.0000000000000000       0.0000000000000000          0
  38.151745      32.127596      -2.0992122649796254       0.5814224713937557        503
  41.205789      32.366473      -2.2705263932647326       0.6261494456062228        503
  44.267469      32.610113      -2.4357947359869101       0.6763550619227688        503
  47.337101      32.857830      -2.5945111751451950       0.7320572091214523        503
  50.414990      33.108925      -0.0000000000000000       0.0000000000000000        505
  53.501425      33.362681      -0.0000000000000000       0.0000000000000000        505
  56.596682      33.618368      -0.0000000000000000       0.0000000000000000        505
  59.701018      33.875244      -0.0000000000000000       0.0000000000000000        505
  62.814670      34.132559      -0.0000000000000000       0.0000000000000000        506
  65.937851      34.389552      -0.0000000000000000       0.0000000000000000        506
  69.070747      34.645458      -0.0000000000000000       0.0000000000000000      50601
  72.213519      34.899507      -3.4020799121799885       1.0749849459336958        501
  75.366292      35.150929      -3.5342701982101170       1.1682242094750723        501
  78.529161      35.398952      -3.6561332386677972       1.2674351338303855        501
  81.702181      35.642809      -3.7671948262342614       1.3723962992751189        501
  84.885372      35.881737      -3.8670057690307535       1.4828476562834025        501
  88.078709      36.114983      -3.9551446172824312       1.5984901139865659        501
  91.282125      36.341803      -4.0312204697786127       1.7189855035753354        501
  94.495507      36.561466      -4.0948758356445225       1.8439569451535234        501
  97.718695      36.773259      -4.1457895220425804       1.9729896428430442        501
  100.951480      36.976488      -4.3603365236702434       2.3319118716308038        607
  104.193603      37.170479      -2.8192922276078356       1.0976524897174622          0
  107.444757      37.354584      -2.1215997904306265       0.6575947152789470          0
  110.704581      37.528183      -1.5754786501591145       0.3110879187547085          0
  113.972669      37.690687      -1.3787087144537646       0.2231157642906495          0
  117.248561      37.841538      -1.3767325194446292       0.3058033434758283          0
  120.531753      37.980217      -1.3708788691092071       0.3862089994202533          0
  123.821693      38.106242      -1.3584396052517351       0.4417052002720664          0
  127.117787      38.219171      -1.3427948265043574       0.4723089837867570          0
  130.419398      38.318609      -1.3283776681638924       0.4618179856334829          0
  133.725856      38.404203      -1.3262213097658786       0.3495381023304477          0
  137.036456      38.475650      -0.0000000000000000       0.0000000000000000          0
  35.370587      29.297043      -1.1989066631365446       0.2076836439830528        715
  38.424576      29.530997      -0.0000000000000000       0.0000000000000000          0
  41.485171      29.770332      -2.2858833640003531       0.8181896004392022        503
  44.552669      30.014377      -2.4508427870506635       0.8642032833034763        503
  47.627358      30.262441      -2.6091406761678484       0.9153868680465470        503
  50.709518      30.513819      -2.7602835078450232       0.9717462351144797        503
  53.799415      30.767792      -0.0000000000000000       0.0000000000000000        505
  56.897301      31.023627      -0.0000000000000000       0.0000000000000000        505
  60.003412      31.280579      -0.0000000000000000       0.0000000000000000        505
  63.117965      31.537896      -0.0000000000000000       0.0000000000000000      50601
  66.241154      31.794817      -0.0000000000000000       0.0000000000000000      50601
  69.373151      32.050577      -0.0000000000000000       0.0000000000000000          0
  72.514101      32.304408      -3.4151334559051660       1.2552504923147816        501
  75.664120      32.555540      -3.5462105335550396       1.3419035410690607        501
  78.823294      32.803206      -3.6669053255178543       1.4342145856516135        501
  81.991673      33.046641      -3.7767574319777744       1.5319773604524547        501
  85.169274      33.285089      -3.8753323414360912       1.6349484303146153        501
  88.356073      33.517799      -3.9622239961326073       1.7428468559647698        501
  91.552010      33.744036      -4.0370574168614892       1.8553542246233441        501
  94.756980      33.963076      -4.0994913639909534       1.9721150705191517        501
  97.970837      34.174212      -4.3929849404925498       2.2416724291176129        607
  101.193389      34.376758      -4.3571677589808431       2.3774496752418162        607
  104.424401      34.570050      -1.9847292005271475       0.4588705429664567          0
  107.663592      34.753448      -1.5169171390428888       0.1042933810202208          0
  110.910635      34.926342      -1.3474166889629116       0.0019985262065724          0
  114.165157      35.088151      -1.3577250775936751       0.0807129762732462          0
  117.426744      35.238327      -1.3654073395101547       0.1765357307572297          0
  120.694936      35.376360      -1.3646531175589174       0.2600334731551316          0
  123.969232      35.501775      -1.3569307255725289       0.3096344320011913          0
  127.249094      35.614142      -1.3463206696377987       0.3364668048623953          0
  130.533946      35.713070      -1.3370795189746192       0.3289157885278282          0
  133.823180      35.798215      -0.0000000000000000       0.0000000000000000          0
  137.116158      35.869280      -0.0000000000000000       0.0000000000000000          0
  35.622976      26.699439      -1.2007630701187948       0.2371646231096305        715
  38.683739      26.933869      -0.0000000000000000       0.0000000000000000          0
  41.750427      27.173634      -0.0000000000000000       0.0000000000000000          0
  44.823310      27.418057      -2.4650665239871570       1.0491101447026752        503
  47.902656      27.666444      -2.6229543152470178       1.0955642052469359        503
  50.988719      27.918086      -2.7735868576179667       1.1468687846873804        503
  54.081745      28.172258      -2.9164871603817919       1.2030184552365104        503
  57.181966      28.428226      -0.0000000000000000       0.0000000000000000        505
  60.289599      28.685243      -0.0000000000000000       0.0000000000000000        505
  63.404843      28.942555      -0.0000000000000000       0.0000000000000000      50601
  66.527879      29.199402      -0.0000000000000000       0.0000000000000000      50601
  69.658864      29.455018      -0.0000000000000000       0.0000000000000000          0
  72.797933      29.708636      -0.0000000000000000       0.0000000000000000          0
  75.945193      29.959489      -3.5573912492783553       1.5109768017007830        501
  79.100724      30.206811      -3.6769771318369529       1.5961457463522113        501
  82.264573      30.449843      -3.7856836966600946       1.6864698147100146        501
  85.436757      30.687832      -3.8830903289778762       1.7817234537783997        501
  88.617256      30.920034      -3.9688054753024478       1.8816450634818565        501
  91.806015      31.145717      -4.0424690957853713       1.9859370762633963        501
  95.002940      31.364165      -0.0000000000000000       0.0000000000000000          0
  98.207900      31.574680      -0.0000000000000000       0.0000000000000000          0
  101.420721      31.776581      -4.3541191446836818       2.4161298400642410        607
  104.641190      31.969213      -1.3189143892248585      -0.0748841029273296          0
  107.869053      32.151945      -1.3240884980559198      -0.0508894615823737          0
  111.104012      32.324175      -1.3385562492257272      -0.0092550784007078          0
  114.345733      32.485330      -1.3500576910291076       0.0340555538387468          0
  117.593837      32.634871      -1.3591394231578089       0.0772134405621108          0
  120.847909      32.772297      -1.3629089070794793       0.1443168686974179          0
  124.107497      32.897141      -1.3592188266809528       0.1969349665630958          0
  127.372113      33.008979      -1.3512627354147213       0.2315597992960301          0
  130.641236      33.107430      -1.3438969434889945       0.2488950675373920          0
  133.914318      33.192154      -0.0000000000000000       0.0000000000000000          0
  137.190780      33.262861      -0.0000000000000000       0.0000000000000000          0
  35.864104      24.101408      -1.2025148818251759       0.2656412744379377        715
  38.931225      24.336289      -0.0000000000000000       0.0000000000000000          0
  42.003611      24.576460      -0.0000000000000000       0.0000000000000000          0
  45.081510      24.821239      -0.0000000000000000       0.0000000000000000          0
  48.165168      25.069929      -2.6360700430892510       1.2722971354808019        503
  51.254819      25.321816      -2.7862046994337906       1.3183477612828860        503
  54.350690      25.576173      -2.9285168835805901       1.3689232691253561        503
  57.452994      25.832262      -0.0000000000000000       0.0000000000000000      50602
  60.561933      26.089335      -0.0000000000000000       0.0000000000000000      50602
  63.677690      26.346637      -0.0000000000000000       0.0000000000000000      50602
  66.800434      26.603407      -0.0000000000000000       0.0000000000000000          0
  69.930312      26.858879      -0.0000000000000000       0.0000000000000000          0
  73.067449      27.112289      -0.0000000000000000       0.0000000000000000          0
  76.211947      27.362871      -0.0000000000000000       0.0000000000000000          0
  79.363881      27.609863      -3.6864511138600311       1.7530358033050895        501
  82.523297      27.852507      -3.7940669905528992       1.8357016718868058        501
  85.690214      28.090056      -3.8903634385938810       1.9230210549281843        501
  88.864617      28.321771      -3.9749626410440873       2.0147527326356611        501
  92.046458      28.546926      -0.0000000000000000       0.0000000000000000          0
  95.235655      28.764811      -0.0000000000000000       0.0000000000000000          0
  98.432092      28.974733      -1.1828677914379093      -0.2447076857148457        603
  101.635612      29.176022      -1.4293278517979098      -0.0242543480093126          0
  104.846026      29.368028      -1.3028438683778496      -0.0934501994649769          0
  108.063103      29.550128      -1.3257453328597206      -0.0445540542906298          0
  111.286578      29.721729      -1.3387796652214354       0.0000484344441134          0
  114.516148      29.882265      -1.3482413111329361       0.0430979839517251          0
  117.751473      30.031206      -1.3555239702669861       0.0850693857789406          0
  120.992179      30.168058      -1.3604977726211873       0.1244040074107896          0
  124.237857      30.292363      -1.3596823362012049       0.1631595385053965          0
  127.488068      30.403703      -1.3538441934413357       0.2020792737036704          0
  130.742343      30.501703      -0.0000000000000000       0.0000000000000000          0
  134.000185      30.586031      -6.4151515570957400       3.4961753159778266        678
  137.261075      30.656400      -0.0000000000000000       0.0000000000000000          0
  36.095637      21.503015      -1.2041769416373485       0.2930856244716956        715
  39.168758      21.738323      -1.2243647210359134       0.3149315453035387        715
  42.246503      21.978879      -0.0000000000000000       0.0000000000000000          0
  45.329100      22.223996      -0.0000000000000000       0.0000000000000000          0
  48.416773      22.472972      -2.6485888834778422       1.4452874200940280        503
  51.509740      22.725088      -2.7982360691775856       1.4859029196084956        503
  54.608209      22.979617      -2.9399750774657947       1.5307182916318465        503
  57.712379      23.235816      -0.0000000000000000       0.0000000000000000          0
  60.822436      23.492938      -0.0000000000000000       0.0000000000000000      50602
  63.938552      23.750224      -0.0000000000000000       0.0000000000000000      50602
  67.060885      24.006915      -0.0000000000000000       0.0000000000000000          0
  70.189573      24.262246      -0.0000000000000000       0.0000000000000000          0
  73.324734      24.515452      -0.0000000000000000       0.0000000000000000          0
  76.466466      24.765770      -0.0000000000000000       0.0000000000000000          0
  79.614841      25.012440      -3.6954135552457656       1.9046788037079661        501
  82.769907      25.254711      -3.8019857457881172       1.9794872930923184        501
  85.931685      25.491836      -3.8972217900409447       2.0586755710253377        501
  89.100166      25.723083      -0.0000000000000000       0.0000000000000000          0
  92.275312      25.947732      -0.0000000000000000       0.0000000000000000          0
  95.457053      26.165077      -0.0000000000000000       0.0000000000000000          0
  98.645285      26.374434      -1.1852956551090368      -0.2146941482459774        603
  101.839873      26.575137      -1.2619964238031662      -0.1622439155607151          0
  105.040648      26.766546      -1.3105715413842001      -0.0889104376672726          0
  108.247406      26.948044      -1.3315921180028869      -0.0360676049494003          0
  111.459909      27.119045      -1.3420142333483682       0.0101947357083517          0
  114.677886      27.278992      -1.3492485609695291       0.0526369547248143          0
  117.901034      27.427363      -1.3549267732334953       0.0928805912974632          0
  121.129016      27.563670      -1.3593637662253419       0.1295731569258670          0
  124.361467      27.687462      -1.3595627804832122       0.1652391970164007          0
  127.597992      27.798329      -1.3550301858568434       0.2011841550114511          0
  130.838169      27.895902      -0.0000000000000000       0.0000000000000000          0
  134.081553      27.979854      -0.0000000000000000       0.0000000000000000          0
  137.327677      28.049904      -6.4255829674085989       3.7783933073411116        678
  36.319035      18.904313      -1.2057619704987759       0.3194666645980651        715
  39.397848      19.140031      -1.2257292620449127       0.3386812720651748        715
  42.480659      19.380954      -0.0000000000000000       0.0000000000000000          0
  45.567678      19.626392      -0.0000000000000000       0.0000000000000000          0
  48.659110      19.875638      -2.6605982966663539       1.6142332876869272        503
  51.755156      20.127972      -0.0000000000000000       0.0000000000000000          0
  54.856010      20.382660      -0.0000000000000000       0.0000000000000000          0
  57.961855      20.638961      -0.0000000000000000       0.0000000000000000          0
  61.072867      20.896124      -0.0000000000000000       0.0000000000000000          0
  64.189207      21.153391      -0.0000000000000000       0.0000000000000000          0
  67.311023      21.410001      -0.0000000000000000       0.0000000000000000          0
  70.438446      21.665190      -0.0000000000000000       0.0000000000000000          0
  73.571590      21.918195      -0.0000000000000000       0.0000000000000000          0
  76.710550      22.168256      -0.0000000000000000       0.0000000000000000          0
  79.855397      22.414615      -0.0000000000000000       0.0000000000000000          0
  83.006182      22.656522      -3.8095065435168869       2.1176319612847094        501
  86.162928      22.893238      -3.9037247411819047       2.1885120602165067        501
  89.325635      23.124033      -0.0000000000000000       0.0000000000000000          0
  92.494274      23.348193      -0.0000000000000000       0.0000000000000000          0
  95.668787      23.565020      -0.0000000000000000       0.0000000000000000          0
  98.849087      23.773832      -1.1876012333630945      -0.1846681979742652        603
  102.035057      23.973974      -1.2658997393616811      -0.1101491669740897      60401
  105.226549      24.164809      -1.3239700284298195      -0.0822400484752039          0
  108.423384      24.345731      -1.3429225030538261      -0.0243309211835578          0
  111.625352      24.516158      -1.3479869908192388       0.0224964991601912          0
  114.832214      24.675542      -1.3522727875065967       0.0638206247816477          0
  118.043698      24.823368      -1.3565722913234011       0.1015109722732697          0
  121.259506      24.959154      -1.3615082496564246       0.1344468739689618          0
  124.479313      25.082457      -0.0000000000000000       0.0000000000000000          0
  127.702765      25.192872      -0.0000000000000000       0.0000000000000000          0
  130.929486      25.290037      -0.0000000000000000       0.0000000000000000          0
  134.159079      25.373631      -0.0000000000000000       0.0000000000000000          0
  137.391124      25.443376      -6.4255713659273299       3.8687398187220818        678
  36.535595      16.305353      -1.2072809809306564       0.3447511685983299        715
  39.619834      16.541464      -1.2270327917536421       0.3612754722168441        715
  42.707458      16.782739      -0.0000000000000000       0.0000000000000000          0
  45.798659      17.028484      -1.6180641540043037       1.1220266538610928        710
  48.893627      17.277987      -0.0000000000000000       0.0000000000000000          0
  51.992546      17.530526      -0.0000000000000000       0.0000000000000000          0
  55.095596      17.785365      -0.0000000000000000       0.0000000000000000          0
  58.202951      18.041760      -0.0000000000000000       0.0000000000000000          0
  61.314773      18.298958      -0.0000000000000000       0.0000000000000000          0
  64.431216      18.556201      -0.0000000000000000       0.0000000000000000          0
  67.552419      18.812728      -0.0000000000000000       0.0000000000000000          0
  70.678509      19.067777      -0.0000000000000000       0.0000000000000000          0
  73.809596      19.320584      -0.0000000000000000       0.0000000000000000          0
  76.945774      19.570392      -0.0000000000000000       0.0000000000000000          0
  80.087114      19.816446      -0.0000000000000000       0.0000000000000000          0
  83.233671      20.058000      -3.8166864963021099       2.2499355433568549        501
  86.385473      20.294318      -3.9099230617098026       2.3123500600900790        502
  89.542528      20.524675      -0.0000000000000000       0.0000000000000000          0
  92.704818      20.748362      -0.0000000000000000       0.0000000000000000          0
  95.872296      20.964686      -0.0000000000000000       0.0000000000000000          0
  99.044894      21.172974      -1.1898022044305223      -0.1546665433782686        603
  102.222511      21.372573      -1.2694492026292026      -0.0567543146103022      60401
  105.405021      21.562857      -1.3276065516536308      -0.0340268605243490      60405
  108.592270      21.743222      -1.3602151952767401      -0.0048739551982072          0
  111.784075      21.913098      -1.3541626626156991       0.0392590806849372          0
  114.980225      22.071941      -1.3550910809690755       0.0780462948342284          0
  118.180483      22.219243      -1.3611735567833110       0.1100496254761839        612
  121.384586      22.354529      -0.0000000000000000       0.0000000000000000          0
  124.592244      22.477362      -0.0000000000000000       0.0000000000000000          0
  127.803147      22.587345      -0.0000000000000000       0.0000000000000000          0
  131.016959      22.684119      -0.0000000000000000       0.0000000000000000          0
  134.233328      22.767369      -0.0000000000000000       0.0000000000000000          0
  137.451881      22.836823      -0.0000000000000000       0.0000000000000000          0
  36.746479      13.706178      -1.2087436046290219       0.3689043517786259        715
  39.835915      13.942668      -1.2282839559310610       0.3826860999475313        715
  42.928133      14.184283      -0.0000000000000000       0.0000000000000000          0
  46.023308      14.430322      -1.6470579581887403       1.4887779554680491        710
  49.121616      14.680072      -0.0000000000000000       0.0000000000000000          0
  52.223227      14.932806      -0.0000000000000000       0.0000000000000000          0
  55.328310      15.187788      -0.0000000000000000       0.0000000000000000          0
  58.437026      15.444269      -0.0000000000000000       0.0000000000000000          0
  61.549529      15.701497      -0.0000000000000000       0.0000000000000000          0
  64.665964      15.958712      -0.0000000000000000       0.0000000000000000          0
  67.786467      16.215155      -0.0000000000000000       0.0000000000000000          0
  70.911159      16.470062      -0.0000000000000000       0.0000000000000000          0
  74.040149      16.722674      -0.0000000000000000       0.0000000000000000          0
  77.173529      16.972233      -0.0000000000000000       0.0000000000000000          0
  80.311375      17.217988      -0.0000000000000000       0.0000000000000000          0
  83.453743      17.459196      -0.0000000000000000       0.0000000000000000          0
  86.600671      17.695126      -3.9158606267826039       2.4300066155899711        502
  89.752172      17.925056      -0.0000000000000000       0.0000000000000000          0
  92.908240      18.148284      -0.0000000000000000       0.0000000000000000          0
  96.068844      18.364120      -0.0000000000000000       0.0000000000000000          0
  99.233929      18.571898      -1.1919138788445163      -0.1247301172723871        603
  102.403415      18.770972      -1.2728617609740405      -0.0036321843551050        604
  105.577196      18.960721      -1.3306376739731514       0.0160337005670150        604
  108.755142      19.140549      -1.3843994341999792       0.0373702219064414      60405
  111.937096      19.309891      -1.3445683193020908       0.0676943459399650        612
  115.122876      19.468211      -0.0000000000000000       0.0000000000000000          0
  118.312278      19.615007      -0.0000000000000000       0.0000000000000000          0
  121.505071      19.749811      -0.0000000000000000       0.0000000000000000          0
  124.701002      19.872192      -0.0000000000000000       0.0000000000000000          0
  127.899798      19.981758      -0.0000000000000000       0.0000000000000000          0
  131.101166      20.078156      -0.0000000000000000       0.0000000000000000          0
  134.304793      20.161075      -0.0000000000000000       0.0000000000000000          0
  137.510352      20.230247      -0.0000000000000000       0.0000000000000000          0
  36.952745      11.106828      -1.2101583548258694       0.3918904042237738        715
  40.047180      11.343686      -0.0000000000000000       0.0000000000000000          0
  43.143802      11.585629      -1.2289235516108676       0.9614408025146993        709
  46.242772      11.831952      -1.2097142749092415       0.9755237470744729        709
  49.344249      12.081940      -1.1869471060232579       0.9899332612400277        709
  52.448393      12.334861      -1.1606787929382119       1.0046215545918220        709
  55.555361      12.589977      -0.0000000000000000       0.0000000000000000          0
  58.665305      12.846538      -0.0000000000000000       0.0000000000000000          0
  61.778371      13.103791      -0.0000000000000000       0.0000000000000000          0
  64.894699      13.360976      -0.0000000000000000       0.0000000000000000          0
  68.014419      13.617332      -0.0000000000000000       0.0000000000000000          0
  71.137650      13.872098      -0.0000000000000000       0.0000000000000000          0
  74.264500      14.124515      -0.0000000000000000       0.0000000000000000          0
  77.395062      14.373828      -0.0000000000000000       0.0000000000000000          0
  80.529415      14.619289      -0.0000000000000000       0.0000000000000000          0
  83.667621      14.860158      -0.0000000000000000       0.0000000000000000          0
  86.809723      15.095706      -0.0000000000000000       0.0000000000000000          0
  89.955746      15.325220      -0.0000000000000000       0.0000000000000000          0
  93.105695      15.547997      -0.0000000000000000       0.0000000000000000          0
  96.259553      15.763358      -0.0000000000000000       0.0000000000000000          0
  99.417280      15.970639      -1.1939496620487438      -0.0949033790544204        603
  102.578816      16.169202      -1.2761584058569153       0.0491246607098422        604
  105.744076      16.358431      -1.3335641269362448       0.0656889303177078        604
  108.912954      16.537737      -1.3869595043577336       0.0837777346008638        604
  112.085317      16.706561      -0.0000000000000000       0.0000000000000000          0
  115.261014      16.864374      -1.3554110893186344       0.1015905476380482        612
  118.439869      17.010679      -0.0000000000000000       0.0000000000000000          0
  121.621683      17.145016      -0.0000000000000000       0.0000000000000000          0
  124.806241      17.266958      -0.0000000000000000       0.0000000000000000          0
  127.993304      17.376120      -0.0000000000000000       0.0000000000000000          0
  131.182617      17.472153      -0.0000000000000000       0.0000000000000000          0
  134.373909      17.554752      -0.0000000000000000       0.0000000000000000          0
  137.566893      17.623653      -6.9383930091562265       0.9240900674346746      61501
  37.155366       8.507340      -1.2115328390414344       0.4136729220498627        712
  40.254632       8.744556      -0.0000000000000000       0.0000000000000000          0
  43.355495       8.986818      -1.2277251496478971       0.9551902753978721        709
  46.458101       9.233417      -1.2082473626332908       0.9665399934372998        709
  49.562598       9.483633      -1.1852124031054561       0.9782681678431271        709
  52.669134       9.736734      -0.0000000000000000       0.0000000000000000          0
  55.777857       9.991978      -0.0000000000000000       0.0000000000000000          0
  58.888909      10.248614      -0.0000000000000000       0.0000000000000000          0
  62.002431      10.505887      -0.0000000000000000       0.0000000000000000          0
  65.118557      10.763038      -0.0000000000000000       0.0000000000000000          0
  68.237415      11.019306      -0.0000000000000000       0.0000000000000000          0
  71.359122      11.273930      -0.0000000000000000       0.0000000000000000          0
  74.483785      11.526153      -0.0000000000000000       0.0000000000000000          0
  77.611501      11.775222      -0.0000000000000000       0.0000000000000000          0
  80.742353      12.020391      -0.0000000000000000       0.0000000000000000          0
  83.876408      12.260926      -0.0000000000000000       0.0000000000000000          0
  87.013717      12.496100      -0.0000000000000000       0.0000000000000000          0
  90.154317      12.725203      -0.0000000000000000       0.0000000000000000          0
  93.298223      12.947540      -0.0000000000000000       0.0000000000000000          0
  96.445433      13.162434      -0.0000000000000000       0.0000000000000000          0
  99.595924      13.369230      -1.1959214244996836      -0.0652337427073249      60302
  102.749656      13.567292      -1.2793578128868230       0.1014212287341489      60402
  105.906563      13.756013      -1.3364026538416318       0.1148506315649289        604
  109.066562      13.934809      -1.3894412761287191       0.1296592121656424        604
  112.229548      14.103128      -1.3457044569909298       0.0929744472986454        612
  115.395395      14.260446      -0.0000000000000000       0.0000000000000000          0
  118.563957      14.406274      -0.0000000000000000       0.0000000000000000          0
  121.735068      14.540155      -0.0000000000000000       0.0000000000000000          0
  124.908544      14.661671      -0.0000000000000000       0.0000000000000000          0
  128.084183      14.770440      -0.0000000000000000       0.0000000000000000          0
  131.261767      14.866119      -0.0000000000000000       0.0000000000000000          0
  134.441062      14.948407      -5.9916037178346970       1.6868388042940832      61502
  137.621822      15.017043      -7.2720070370555856       1.6340020404239262        684
  37.355254       5.907748      -1.2128739339118337       0.4342152541414215        712
  40.459207       6.145316      -1.2426605594054980       0.9384259993539172        709
  43.564170       6.387888      -1.2265274269645052       0.9465602834837485        709
  46.670276       6.634756      -1.2067852450449215       0.9551529046503406        709
  49.777662       6.885194      -1.1834869769782508       0.9641776180746184        709
  52.886465       7.138468      -0.0000000000000000       0.0000000000000000          0
  55.996823       7.393834      -0.0000000000000000       0.0000000000000000          0
  59.108874       7.650540      -0.0000000000000000       0.0000000000000000          0
  62.222751       7.907830      -0.0000000000000000       0.0000000000000000          0
  65.338587       8.164943      -0.0000000000000000       0.0000000000000000          0
  68.456504       8.421120      -0.0000000000000000       0.0000000000000000          0
  71.576622       8.675600      -0.0000000000000000       0.0000000000000000          0
  74.699049       8.927629      -0.0000000000000000       0.0000000000000000          0
  77.823883       9.176455      -0.0000000000000000       0.0000000000000000          0
  80.951214       9.421336      -0.0000000000000000       0.0000000000000000          0
  84.081115       9.661539      -0.0000000000000000       0.0000000000000000          0
  87.213647       9.896343      -0.0000000000000000       0.0000000000000000          0
  90.348856      10.125041      -0.0000000000000000       0.0000000000000000          0
  93.486771      10.346944      -0.0000000000000000       0.0000000000000000          0
  96.627404      10.561380      -0.0000000000000000       0.0000000000000000          0
  99.770752      10.767697      -1.2615668897463723       0.0558190951066403        647
  102.916789      10.965269      -1.2824768011897449       0.1531606644028758      60402
  106.065473      11.153491      -1.3391683100581844       0.1634287787079927      60402
  109.216744      11.331787      -1.3918580289317541       0.1749315954743845        604
  112.370521      11.499611      -1.3462395942608654       0.1048639989004683        613
  115.526705      11.656445      -1.3560813284282562       0.1192440967904434        613
  118.685179      11.801805      -0.0000000000000000       0.0000000000000000          0
  121.845808      11.935241      -0.7899271739976820       0.7758360717167154        677
  125.008440      12.056340      -0.0000000000000000       0.0000000000000000          0
  128.172907      12.164725      -0.0000000000000000       0.0000000000000000          0
  131.339027      12.260058      -7.2884235515276243       1.4561571896421661        684
  134.506603      12.342042      -7.2911022764904185       1.5415014705538939        684
  137.675426      12.410420      -7.2714901195920936       1.6278529100344574        801
  37.553272       3.308086      -0.0000000000000000       0.0000000000000000          0
  40.661792       3.545998      -1.2417187463236479       0.9302646975549280        709
  43.770735       3.788875      -1.2253257922643126       0.9355765924101336        709
  46.880223       4.036005      -0.0000000000000000       0.0000000000000000          0
  49.990381       4.286660      -0.0000000000000000       0.0000000000000000          0
  53.101338       4.540102      -0.0000000000000000       0.0000000000000000          0
  56.213225       4.795585      -0.0000000000000000       0.0000000000000000          0
  59.326173       5.052356      -0.0000000000000000       0.0000000000000000          0
  62.440312       5.309658      -0.0000000000000000       0.0000000000000000          0
  65.555770       5.566731      -0.0000000000000000       0.0000000000000000          0
  68.672670       5.822814      -0.0000000000000000       0.0000000000000000          0
  71.791131       6.077150      -0.0000000000000000       0.0000000000000000          0
  74.911265       6.328983      -0.0000000000000000       0.0000000000000000          0
  78.033174       6.577567      -0.0000000000000000       0.0000000000000000          0
  81.156952       6.822160      -0.0000000000000000       0.0000000000000000          0
  84.282682       7.062033      -0.0000000000000000       0.0000000000000000          0
  87.410434       7.296469      -0.0000000000000000       0.0000000000000000          0
  90.540265       7.524767      -0.0000000000000000       0.0000000000000000          0
  93.672217       7.746240      -0.0000000000000000       0.0000000000000000          0
  96.806320       7.960223      -1.1638171975608516      -0.0132691394790017      60302
  99.942584       8.166068      -1.2630926424062086       0.0803752852568616        647
  103.081004       8.363156      -1.2889477437199852       0.0887423380976168      64701
  106.221560       8.550887      -1.3418748071942983       0.2113319990107980      60402
  109.364214       8.728691      -0.0000000000000000       0.0000000000000000          0
  112.508909       8.896028      -1.3467569941321185       0.1162333227615462        613
  115.655573       9.052385      -1.3563959152562914       0.1272778298776590        613
  118.804118       9.197286      -1.1267822022838716       0.4636812452262723        738
  121.954438       9.330285      -0.0000000000000000       0.0000000000000000          0
  125.106413       9.450974      -7.2182029473737801       1.3527663257667482        684
  128.259908       9.558982      -7.2644727118685664       1.4165542439371357        684
  131.414774       9.653976      -7.2887476879958033       1.4822873033483062        801
  134.570851       9.735661      -7.2909259973174558       1.5494996263811673        801
  137.727967       9.803787      -7.2709772800485455       1.6177077142450078        801
  37.750253       0.708385      -0.0000000000000000       0.0000000000000000          0
  40.863240       0.946636      -1.2407668243036849       0.9197908445083767        709
  43.976062       1.189814      -1.2241155768667309       0.9222672693355632        709
  47.088830       1.437201      -0.0000000000000000       0.0000000000000000          0
  50.201658       1.688067      -0.0000000000000000       0.0000000000000000          0
  53.314669       1.941672      -0.0000000000000000       0.0000000000000000          0
  56.427986       2.197268      -0.0000000000000000       0.0000000000000000          0
  59.541736       2.454100      -0.0000000000000000       0.0000000000000000          0
  62.656045       2.711411      -0.0000000000000000       0.0000000000000000          0
  65.771040       2.968439      -0.0000000000000000       0.0000000000000000          0
  68.886844       3.224427      -0.0000000000000000       0.0000000000000000          0
  72.003577       3.478615      -0.0000000000000000       0.0000000000000000          0
  75.121354       3.730252      -0.0000000000000000       0.0000000000000000          0
  78.240284       3.978592      -0.0000000000000000       0.0000000000000000          0
  81.360467       4.222897      -0.0000000000000000       0.0000000000000000          0
  84.481994       4.462441      -0.0000000000000000       0.0000000000000000          0
  87.604945       4.696512      -0.0000000000000000       0.0000000000000000          0
  90.729391       4.924411      -0.0000000000000000       0.0000000000000000          0
  93.855386       5.145457      -0.0000000000000000       0.0000000000000000          0
  96.982976       5.358990      -1.2352379922251389       0.0998925106980695      67352
  100.112189       5.564368      -1.2645874864480149       0.1044219098337717      67301
  103.243040       5.760976      -1.2901782869884029       0.1096600679763292      64701
  106.375529       5.948221      -1.3119280165213945       0.1155732803995273      64701
  109.509639       6.125539      -0.0000000000000000       0.0000000000000000          0
  112.645341       6.292394      -0.0000000000000000       0.0000000000000000          0
  115.782588       6.448281      -0.0000000000000000       0.0000000000000000          0
  118.921318       6.592728      -0.0000000000000000       0.0000000000000000          0
  122.061456       6.725296      -0.0000000000000000       0.0000000000000000          0
  125.202913       6.845582      -7.2199439656721127       1.4109696055893077        801
  128.345585       6.953218      -7.2654233070893799       1.4568085608504076        801
  131.489357       7.047877      -7.2890543967790551       1.5044694565745225        801
  134.634103       7.129269      -7.2907434947985488       1.5535432993722935        801
  137.779687       7.197146      -7.2704664745846976       1.6036040967930298        801
  37.947014      -1.891324      -1.2167575961002941       0.4880362536491478        713
  41.064386      -1.652738      -1.2398010257397416       0.9070286346927978        709
  44.181002      -1.409263      -0.0000000000000000       0.0000000000000000          0
  47.296961      -1.161623      -0.0000000000000000       0.0000000000000000          0
  50.412371      -0.910549      -0.0000000000000000       0.0000000000000000          0
  53.527345      -0.656785      -0.0000000000000000       0.0000000000000000          0
  56.642001      -0.401080      -0.0000000000000000       0.0000000000000000          0
  59.756462      -0.144190      -0.0000000000000000       0.0000000000000000          0
  62.870853       0.113125      -0.0000000000000000       0.0000000000000000          0
  65.985299       0.370107      -0.0000000000000000       0.0000000000000000          0
  69.099925       0.625995      -0.0000000000000000       0.0000000000000000          0
  72.214854       0.880033      -0.0000000000000000       0.0000000000000000          0
  75.330205       1.131471      -0.0000000000000000       0.0000000000000000          0
  78.446092       1.379566      -0.0000000000000000       0.0000000000000000          0
  81.562623       1.623582      -0.0000000000000000       0.0000000000000000          0
  84.679899       1.862797      -0.0000000000000000       0.0000000000000000          0
  87.798011       2.096501      -0.0000000000000000       0.0000000000000000          0
  90.917042       2.324002      -0.0000000000000000       0.0000000000000000          0
  94.037063       2.544623      -0.0000000000000000       0.0000000000000000          0
  97.158133       2.757707      -0.0000000000000000       0.0000000000000000          0
  100.280300       2.962620      -1.2660582188289458       0.1279141636737246      67301
  103.403597       3.158751      -1.2913874193902248       0.1300208658461403      64701
  106.528045       3.345513      -1.3128873713820579       0.1327389170949814      64701
  109.653652       3.522348      -1.3304899134612000       0.1360363451515069        735
  112.780412       3.688725      -0.0000000000000000       0.0000000000000000          0
  115.908303       3.844146      -0.0000000000000000       0.0000000000000000          0
  119.037292       3.988144      -0.0000000000000000       0.0000000000000000          0
  122.167332       4.120284      -2.4919583979553246       0.3983071291199307        669
  125.298364       4.240170      -7.2216459178155930       1.4651491405090460        801
  128.430316       4.347439      -7.2663474305170803       1.4930608801275449        801
  131.563105       4.441767      -7.2893455284694308       1.5226751324902861        801
  134.696639       4.522869      -7.2905543236420316       1.5536391206266373        801
  137.830816       4.590499      -7.2699556856242413       1.5855836413007753        801
>