>anchorPlateId 301
>reconstructionTime 51
>DeformingMeshPoints.gpml lat_lon_velocity_domain_28_32.gpml
>MeshNode <identity>GPlates-b7a3af0e-8119-4abb-9ae6-39bb7e5702ce</identity> <revision>GPlates-7b04c5e6-7801-49f1-bcc4-23d6f4e5417f</revision>
> reconstructionPlateId 0
> validTime TimePeriod <begin> TimeInstant <timePosition>http://gplates.org/times/distantPast</timePosition></begin> <end> TimeInstant <timePosition>http://gplates.org/times/distantFuture</timePosition></end>
  16.802337      68.729157      -0.0000000000000000       0.0000000000000000        302
  19.199040      69.027173      -0.0000000000000000       0.0000000000000000        302
  21.618079      69.336323      -0.0000000000000000       0.0000000000000000        302
  24.061410      69.656160      -0.0000000000000000       0.0000000000000000        302
  26.531149      69.986211      -0.0000000000000000       0.0000000000000000        302
  29.029585      70.325973      -0.0000000000000000       0.0000000000000000        302
  31.559204      70.674914      -0.0000000000000000       0.0000000000000000        302
  34.122699      71.032466      -0.0000000000000000       0.0000000000000000        302
  36.722996      71.398028      -0.0000000000000000       0.0000000000000000        302
  39.363276      71.770961      -0.0000000000000000       0.0000000000000000        302
  42.046993      72.150583      -0.0000000000000000       0.0000000000000000        302
  44.777904      72.536168      -0.0000000000000000       0.0000000000000000        302
  47.560090      72.926939      -0.0000000000000000       0.0000000000000000        302
  50.397982      73.322067      -0.0000000000000000       0.0000000000000000        302
  53.296387      73.720662      -0.0000000000000000       0.0000000000000000        373
  56.260511      74.121768      -0.0000000000000000       0.0000000000000000        373
  59.295976      74.524357      -0.0000000000000000       0.0000000000000000        373
  62.408838      74.927322      -0.0000000000000000       0.0000000000000000        372
  65.605587      75.329467      -0.0000000000000000       0.0000000000000000        372
  68.893142      75.729499      -0.0000000000000000       0.0000000000000000        372
  72.278821      76.126020      -0.0000000000000000       0.0000000000000000        404
  75.770287      76.517517      -0.0000000000000000       0.0000000000000000        404
  79.375464      76.902353      -0.0000000000000000       0.0000000000000000        404
  83.102400      77.278757      -0.0000000000000000       0.0000000000000000        404
  86.959077      77.644820      -0.0000000000000000       0.0000000000000000        404
  90.953153      77.998490      -0.0000000000000000       0.0000000000000000        404
  95.091622      78.337575      -0.0000000000000000       0.0000000000000000        404
  99.380382      78.659746      -0.0000000000000000       0.0000000000000000        404
  103.823714      78.962555      -0.0000000000000000       0.0000000000000000        404
  108.423679      79.243460      -0.0000000000000000       0.0000000000000000        404
  113.179458      79.499867      -0.0000000000000000       0.0000000000000000          0
  118.086687      79.729177      -0.0000000000000000       0.0000000000000000          0
  123.136851      79.928862      -0.0000000000000000       0.0000000000000000          0
  18.872706      66.245076      -0.0000000000000000       0.0000000000000000        302
  21.376447      66.552940      -0.0000000000000000       0.0000000000000000        302
  23.903174      66.871918      -0.0000000000000000       0.0000000000000000        302
  26.454785      67.201494      -0.0000000000000000       0.0000000000000000        302
  29.033317      67.541117      -0.0000000000000000       0.0000000000000000        302
  31.640949      67.890207      -0.0000000000000000       0.0000000000000000        302
  34.280018      68.248145      -0.0000000000000000       0.0000000000000000        302
  36.953031      68.614277      -0.0000000000000000       0.0000000000000000        302
  39.662672      68.987911      -0.0000000000000000       0.0000000000000000        302
  42.411819      69.368310      -0.0000000000000000       0.0000000000000000        302
  45.203550      69.754693      -0.0000000000000000       0.0000000000000000        302
  48.041158      70.146231      -0.0000000000000000       0.0000000000000000        302
  50.928156      70.542042      -0.0000000000000000       0.0000000000000000        302
  53.868286      70.941188      -0.0000000000000000       0.0000000000000000        373
  56.865521      71.342672      -0.0000000000000000       0.0000000000000000        372
  59.924063      71.745430      -0.0000000000000000       0.0000000000000000        372
  63.048337      72.148328      -0.0000000000000000       0.0000000000000000        372
  66.242977      72.550158      -0.0000000000000000       0.0000000000000000        372
  69.512796      72.949632      -0.0000000000000000       0.0000000000000000        372
  72.862746      73.345376      -0.0000000000000000       0.0000000000000000        372
  76.297864      73.735927      -0.0000000000000000       0.0000000000000000        401
  79.823192      74.119730      -0.0000000000000000       0.0000000000000000        404
  83.443674      74.495132      -0.0000000000000000       0.0000000000000000        404
  87.164023      74.860385      -0.0000000000000000       0.0000000000000000        404
  90.988559      75.213646      -0.0000000000000000       0.0000000000000000        404
  94.921007      75.552983      -0.0000000000000000       0.0000000000000000        404
  98.964261      75.876382      -0.0000000000000000       0.0000000000000000        404
  103.120120      76.181767      -0.0000000000000000       0.0000000000000000        401
  107.388995      76.467014      -0.0000000000000000       0.0000000000000000        401
  111.769602      76.729984      -0.0000000000000000       0.0000000000000000        401
  116.258677      76.968555      -0.0000000000000000       0.0000000000000000        401
  120.850707      77.180665      -0.0000000000000000       0.0000000000000000          0
  125.537747      77.364365      -0.0000000000000000       0.0000000000000000          0
  20.570058      63.738374      -0.0000000000000000       0.0000000000000000        302
  23.157576      64.053987      -0.0000000000000000       0.0000000000000000        302
  25.767916      64.380637      -0.0000000000000000       0.0000000000000000        302
  28.402868      64.717744      -0.0000000000000000       0.0000000000000000        302
  31.064331      65.064693      -0.0000000000000000       0.0000000000000000        302
  33.754323      65.420833      -0.0000000000000000       0.0000000000000000        302
  36.474984      65.785476      -0.0000000000000000       0.0000000000000000        302
  39.228580      66.157896      -0.0000000000000000       0.0000000000000000        302
  42.017517      66.537323      -0.0000000000000000       0.0000000000000000        302
  44.844335      66.922944      -0.0000000000000000       0.0000000000000000        302
  47.711718      67.313902      -0.0000000000000000       0.0000000000000000        302
  50.622493      67.709287      -0.0000000000000000       0.0000000000000000        302
  53.579628      68.108140      -0.0000000000000000       0.0000000000000000        302
  56.586230      68.509447      -0.0000000000000000       0.0000000000000000        302
  59.645536      68.912134      -0.0000000000000000       0.0000000000000000        302
  62.760897      69.315068      -0.0000000000000000       0.0000000000000000        302
  65.935765      69.717051      -0.0000000000000000       0.0000000000000000        372
  69.173661      70.116818      -0.0000000000000000       0.0000000000000000        372
  72.478139      70.513034      -0.0000000000000000       0.0000000000000000        401
  75.852743      70.904294      -0.0000000000000000       0.0000000000000000        401
  79.300941      71.289119      -0.0000000000000000       0.0000000000000000        401
  82.826059      71.665959      -0.0000000000000000       0.0000000000000000        401
  86.431184      72.033191      -0.0000000000000000       0.0000000000000000        401
  90.119061      72.389126      -0.0000000000000000       0.0000000000000000        401
  93.891968      72.732015      -0.0000000000000000       0.0000000000000000        401
  97.751579      73.060052      -0.0000000000000000       0.0000000000000000        401
  101.698807      73.371396      -0.0000000000000000       0.0000000000000000        401
  105.733641      73.664177      -0.0000000000000000       0.0000000000000000        401
  109.854985      73.936526      -0.0000000000000000       0.0000000000000000        401
  114.060499      74.186591      -0.0000000000000000       0.0000000000000000        401
  118.346457      74.412575      -0.0000000000000000       0.0000000000000000        401
  122.707648      74.612761      -0.0000000000000000       0.0000000000000000        401
  127.137313      74.785553      -0.0000000000000000       0.0000000000000000      42400
  21.989937      61.214978      -0.0000000000000000       0.0000000000000000        302
  24.644544      61.536844      -0.0000000000000000       0.0000000000000000        302
  27.321343      61.869639      -0.0000000000000000       0.0000000000000000        302
  30.021993      62.212729      -0.0000000000000000       0.0000000000000000        302
  32.748244      62.565441      -0.0000000000000000       0.0000000000000000        302
  35.501935      62.927066      -0.0000000000000000       0.0000000000000000        302
  38.284999      63.296859      -0.0000000000000000       0.0000000000000000        302
  41.099468      63.674030      -0.0000000000000000       0.0000000000000000        302
  43.947470      64.057750      -0.0000000000000000       0.0000000000000000        302
  46.831230      64.447145      -0.0000000000000000       0.0000000000000000        302
  49.753070      64.841295      -0.0000000000000000       0.0000000000000000        302
  52.715401      65.239232      -0.0000000000000000       0.0000000000000000        302
  55.720721      65.639938      -0.0000000000000000       0.0000000000000000        302
  58.771604      66.042345      -0.0000000000000000       0.0000000000000000        302
  61.870682      66.445328      -0.0000000000000000       0.0000000000000000        302
  65.020636      66.847708      -0.0000000000000000       0.0000000000000000        302
  68.224162      67.248248      -0.0000000000000000       0.0000000000000000        390
  71.483952      67.645654      -0.0000000000000000       0.0000000000000000        401
  74.802649      68.038573      -0.0000000000000000       0.0000000000000000        401
  78.182806      68.425592      -0.0000000000000000       0.0000000000000000        401
  81.626836      68.805241      -0.0000000000000000       0.0000000000000000        401
  85.136941      69.175996      -0.0000000000000000       0.0000000000000000        401
  88.715049      69.536280      -0.0000000000000000       0.0000000000000000        401
  92.362725      69.884473      -0.0000000000000000       0.0000000000000000        401
  96.081088      70.218916      -0.0000000000000000       0.0000000000000000        401
  99.870710      70.537922      -0.0000000000000000       0.0000000000000000        401
  103.731513      70.839791      -0.0000000000000000       0.0000000000000000        401
  107.662676      71.122823      -0.0000000000000000       0.0000000000000000        401
  111.662532      71.385340      -0.0000000000000000       0.0000000000000000        401
  115.728483      71.625705      -0.0000000000000000       0.0000000000000000        401
  119.856937      71.842344      -0.0000000000000000       0.0000000000000000        401
  124.043262      72.033779      -0.0000000000000000       0.0000000000000000        401
  128.281778      72.198648      -0.0000000000000000       0.0000000000000000        401
  23.198473      58.678940      -0.0000000000000000       0.0000000000000000        302
  25.907900      59.005961      -0.0000000000000000       0.0000000000000000        302
  28.638626      59.343789      -0.0000000000000000       0.0000000000000000        302
  31.392178      59.691741      -0.0000000000000000       0.0000000000000000        302
  34.170154      60.049096      -0.0000000000000000       0.0000000000000000        302
  36.974221      60.415097      -0.0000000000000000       0.0000000000000000        302
  39.806120      60.788946      -0.0000000000000000       0.0000000000000000        302
  42.667659      61.169805      -0.0000000000000000       0.0000000000000000        302
  45.560719      61.556794      -0.0000000000000000       0.0000000000000000        302
  48.487244      61.948990      -0.0000000000000000       0.0000000000000000        302
  51.449242      62.345426      -0.0000000000000000       0.0000000000000000        302
  54.448771      62.745087      -0.0000000000000000       0.0000000000000000        302
  57.487939      63.146913      -0.0000000000000000       0.0000000000000000        302
  60.568883      63.549795      -0.0000000000000000       0.0000000000000000        390
  63.693758      63.952574      -0.0000000000000000       0.0000000000000000        390
  66.864719      64.354043      -0.0000000000000000       0.0000000000000000        468
  70.083892      64.752942      -0.0000000000000000       0.0000000000000000        401
  73.353352      65.147965      -0.0000000000000000       0.0000000000000000        401
  76.675085      65.537752      -0.0000000000000000       0.0000000000000000        401
  80.050952      65.920899      -0.0000000000000000       0.0000000000000000        401
  83.482639      66.295956      -0.0000000000000000       0.0000000000000000        401
  86.971612      66.661434      -0.0000000000000000       0.0000000000000000        401
  90.519058      67.015805      -0.0000000000000000       0.0000000000000000        401
  94.125821      67.357514      -0.0000000000000000       0.0000000000000000        401
  97.792340      67.684987      -0.0000000000000000       0.0000000000000000        401
  101.518582      67.996637      -0.0000000000000000       0.0000000000000000        401
  105.303972      68.290884      -0.0000000000000000       0.0000000000000000        401
  109.147330      68.566162      -0.0000000000000000       0.0000000000000000        401
  113.046811      68.820941      -0.0000000000000000       0.0000000000000000        401
  116.999862      69.053743      -0.0000000000000000       0.0000000000000000        401
  121.003184      69.263163      -0.0000000000000000       0.0000000000000000        401
  125.052722      69.447891      -0.0000000000000000       0.0000000000000000        401
  129.143669      69.606731      -0.0000000000000000       0.0000000000000000      43101
  24.242732      56.133119      -0.0000000000000000       0.0000000000000000        302
  26.997755      56.464469      -2.0507967991945804       0.1887586261820662        334
  29.773043      56.806497      -0.0000000000000000       0.0000000000000000        302
  32.569996      57.158479      -0.0000000000000000       0.0000000000000000        302
  35.390068      57.519653      -0.0000000000000000       0.0000000000000000        302
  38.234768      57.889218      -0.0000000000000000       0.0000000000000000        302
  41.105660      58.266334      -0.0000000000000000       0.0000000000000000        302
  44.004356      58.650121      -0.0000000000000000       0.0000000000000000        302
  46.932517      59.039659      -0.0000000000000000       0.0000000000000000        302
  49.891846      59.433983      -0.0000000000000000       0.0000000000000000        302
  52.884082      59.832090      -0.0000000000000000       0.0000000000000000        302
  55.910992      60.232928      -0.0000000000000000       0.0000000000000000        302
  58.974361      60.635406      -0.0000000000000000       0.0000000000000000        302
  62.075977      61.038386      -0.0000000000000000       0.0000000000000000        390
  65.217616      61.440686      -0.0000000000000000       0.0000000000000000        390
  68.401025      61.841080      -0.0000000000000000       0.0000000000000000        468
  71.627899      62.238298      -0.0000000000000000       0.0000000000000000        401
  74.899853      62.631027      -0.0000000000000000       0.0000000000000000        401
  78.218396      63.017914      -0.0000000000000000       0.0000000000000000        401
  81.584894      63.397570      -0.0000000000000000       0.0000000000000000        401
  85.000535      63.768569      -0.0000000000000000       0.0000000000000000        401
  88.466288      64.129458      -0.0000000000000000       0.0000000000000000        401
  91.982857      64.478757      -0.0000000000000000       0.0000000000000000        401
  95.550637      64.814973      -0.0000000000000000       0.0000000000000000        401
  99.169663      65.136604      -0.0000000000000000       0.0000000000000000        401
  102.839565      65.442152      -0.0000000000000000       0.0000000000000000        401
  106.559521      65.730133      -0.0000000000000000       0.0000000000000000        401
  110.328213      65.999090      -0.0000000000000000       0.0000000000000000        401
  114.143794      66.247611      -0.0000000000000000       0.0000000000000000        401
  118.003861      66.474342      -0.0000000000000000       0.0000000000000000        401
  121.905435      66.678005      -0.0000000000000000       0.0000000000000000        401
  125.844965      66.857415      -0.0000000000000000       0.0000000000000000        401
  129.818343      67.011500      -0.0000000000000000       0.0000000000000000      43101
  25.157045      53.579587      -1.8607939336274468       0.6881740658158118        334
  27.950593      53.914630      -0.0000000000000000       0.0000000000000000        302
  30.763301      54.260222      -0.0000000000000000       0.0000000000000000        302
  33.596451      54.615602      -0.0000000000000000       0.0000000000000000        302
  36.451367      54.979972      -0.0000000000000000       0.0000000000000000        302
  39.329416      55.352494      -0.0000000000000000       0.0000000000000000        302
  42.232002      55.732293      -0.0000000000000000       0.0000000000000000        302
  45.160565      56.118452      -0.0000000000000000       0.0000000000000000        302
  48.116577      56.510016      -0.0000000000000000       0.0000000000000000        302
  51.101534      56.905990      -0.0000000000000000       0.0000000000000000        302
  54.116950      57.305337      -0.0000000000000000       0.0000000000000000        302
  57.164349      57.706982      -0.0000000000000000       0.0000000000000000        302
  60.245253      58.109807      -0.0000000000000000       0.0000000000000000        390
  63.361167      58.512653      -0.0000000000000000       0.0000000000000000        390
  66.513571      58.914323      -0.0000000000000000       0.0000000000000000        468
  69.703894      59.313579      -0.0000000000000000       0.0000000000000000        468
  72.933497      59.709148      -0.0000000000000000       0.0000000000000000        401
  76.203655      60.099719      -0.0000000000000000       0.0000000000000000        401
  79.515523      60.483948      -0.0000000000000000       0.0000000000000000        401
  82.870112      60.860462      -0.0000000000000000       0.0000000000000000        401
  86.268261      61.227864      -0.0000000000000000       0.0000000000000000        401
  89.710598      61.584735      -0.0000000000000000       0.0000000000000000        401
  93.197509      61.929641      -0.0000000000000000       0.0000000000000000        401
  96.729102      62.261144      -0.0000000000000000       0.0000000000000000        401
  100.305172      62.577807      -0.0000000000000000       0.0000000000000000        401
  103.925164      62.878204      -0.0000000000000000       0.0000000000000000        401
  107.588143      63.160934      -0.0000000000000000       0.0000000000000000        401
  111.292765      63.424630      -0.0000000000000000       0.0000000000000000        401
  115.037255      63.667974      -0.0000000000000000       0.0000000000000000        401
  118.819391      63.889711      -0.0000000000000000       0.0000000000000000        401
  122.636500      64.088661      -0.0000000000000000       0.0000000000000000        401
  126.485459      64.263738      -0.0000000000000000       0.0000000000000000        401
  130.362716      64.413964      -0.0000000000000000       0.0000000000000000      43102
  25.967012      51.019880      -0.0000000000000000       0.0000000000000000        302
  28.793564      51.358117      -0.0000000000000000       0.0000000000000000        302
  31.638145      51.706777      -0.0000000000000000       0.0000000000000000        302
  34.501929      52.065067      -0.0000000000000000       0.0000000000000000        302
  37.386123      52.432154      -0.0000000000000000       0.0000000000000000        302
  40.291965      52.807169      -0.0000000000000000       0.0000000000000000        302
  43.220721      53.189206      -0.0000000000000000       0.0000000000000000        302
  46.173678      53.577319      -0.0000000000000000       0.0000000000000000        302
  49.152146      53.970523      -0.0000000000000000       0.0000000000000000        302
  52.157446      54.367797      -0.0000000000000000       0.0000000000000000        302
  55.190901      54.768079      -0.0000000000000000       0.0000000000000000        302
  58.253835      55.170272      -0.0000000000000000       0.0000000000000000        302
  61.347553      55.573239      -0.0000000000000000       0.0000000000000000        390
  64.473337      55.975807      -0.0000000000000000       0.0000000000000000        468
  67.632424      56.376768      -0.0000000000000000       0.0000000000000000        468
  70.825997      56.774879      -0.0000000000000000       0.0000000000000000        468
  74.055163      57.168865      -0.0000000000000000       0.0000000000000000        401
  77.320934      57.557422      -0.0000000000000000       0.0000000000000000        401
  80.624204      57.939219      -0.0000000000000000       0.0000000000000000        401
  83.965726      58.312901      -0.0000000000000000       0.0000000000000000        401
  87.346088      58.677096      -0.0000000000000000       0.0000000000000000        401
  90.765684      59.030421      -0.0000000000000000       0.0000000000000000        401
  94.224687      59.371483      -0.0000000000000000       0.0000000000000000        401
  97.723023      59.698893      -0.0000000000000000       0.0000000000000000        401
  101.260343      60.011270      -0.0000000000000000       0.0000000000000000        401
  104.835996      60.307253      -0.0000000000000000       0.0000000000000000        401
  108.449010      60.585509      -0.0000000000000000       0.0000000000000000        401
  112.098070      60.844746      -0.0000000000000000       0.0000000000000000        401
  115.781505      61.083724      -0.0000000000000000       0.0000000000000000        401
  119.497277      61.301266      -0.0000000000000000       0.0000000000000000        401
  123.242986      61.496275      -0.0000000000000000       0.0000000000000000        401
  127.015872      61.667742      -0.0000000000000000       0.0000000000000000        401
  130.812835      61.814761      -0.0000000000000000       0.0000000000000000        401
  26.692095      48.455161      -0.0000000000000000       0.0000000000000000        302
  29.547273      48.796196      -0.0000000000000000       0.0000000000000000        302
  32.419349      49.147531      -0.0000000000000000       0.0000000000000000        302
  35.309400      49.508343      -0.0000000000000000       0.0000000000000000        302
  38.218525      49.877772      -0.0000000000000000       0.0000000000000000        302
  41.147849      50.254920      -0.0000000000000000       0.0000000000000000        302
  44.098514      50.638853      -0.0000000000000000       0.0000000000000000        302
  47.071679      51.028600      -0.0000000000000000       0.0000000000000000        302
  50.068510      51.423152      -0.0000000000000000       0.0000000000000000        302
  53.090179      51.821464      -0.0000000000000000       0.0000000000000000        302
  56.137853      52.222457      -0.0000000000000000       0.0000000000000000        302
  59.212684      52.625013      -0.0000000000000000       0.0000000000000000        302
  62.315803      53.027983      -0.0000000000000000       0.0000000000000000        390
  65.448307      53.430184      -0.0000000000000000       0.0000000000000000        468
  68.611243      53.830399      -0.0000000000000000       0.0000000000000000        468
  71.805597      54.227384      -0.0000000000000000       0.0000000000000000        468
  75.032278      54.619867      -0.0000000000000000       0.0000000000000000        468
  78.292098      55.006551      -0.7261004543394098       0.2627889279562857          0
  81.585755      55.386119      -1.3775570678018465       0.5787099896862553          0
  84.913811      55.757235      -1.3292898873475936       0.6401670042782440          0
  88.276674      56.118553      -0.9676895653321441       0.5291571388934768          0
  91.674575      56.468721      -0.2474825095949569       0.1520073973094905          0
  95.107544      56.806385      -0.0000000000000000       0.0000000000000000        401
  98.575390      57.130200      -0.0000000000000000       0.0000000000000000        401
  102.077683      57.438834      -0.0000000000000000       0.0000000000000000        401
  105.613730      57.730982      -0.0000000000000000       0.0000000000000000        401
  109.182564      58.005369      -0.0000000000000000       0.0000000000000000        401
  112.782924      58.260766      -0.0000000000000000       0.0000000000000000          0
  116.413254      58.495999      -0.0000000000000000       0.0000000000000000          0
  120.071695      58.709959      -0.0000000000000000       0.0000000000000000        401
  123.756086      58.901611      -0.0000000000000000       0.0000000000000000        401
  127.463975      59.070013      -0.0000000000000000       0.0000000000000000        401
  131.192632      59.214317      -0.0000000000000000       0.0000000000000000        401
  27.347348      45.886325      -0.0000000000000000       0.0000000000000000        302
  30.227634      46.229839       1.3680539147909581       1.4370988422526338        337
  33.123702      46.583534      -0.0000000000000000       0.0000000000000000        302
  36.036538      46.946559      -0.0000000000000000       0.0000000000000000        302
  38.967148      47.318030      -2.0745638984551573      -0.3297059691064160        503
  41.916554      47.697025      -2.2304417706550468      -0.2754454661822674        503
  44.885792      48.082585      -0.0000000000000000       0.0000000000000000        302
  47.875905      48.473717      -0.0000000000000000       0.0000000000000000        302
  50.887939      48.869391      -0.0000000000000000       0.0000000000000000        302
  53.922938      49.268544      -0.0000000000000000       0.0000000000000000        302
  56.981934      49.670079      -0.0000000000000000       0.0000000000000000        302
  60.065941      50.072866      -0.0000000000000000       0.0000000000000000        390
  63.175943      50.475743      -0.0000000000000000       0.0000000000000000        465
  66.312886      50.877520      -0.0000000000000000       0.0000000000000000        458
  69.477664      51.276978      -0.0000000000000000       0.0000000000000000        459
  72.671108      51.672871      -0.0000000000000000       0.0000000000000000        460
  75.893969      52.063932      -1.9821929275176311       0.4889790898964837          0
  79.146907      52.448873      -3.2264320797715023       1.1962132449620355        580
  82.430469      52.826391      -3.1415480117284016       1.3463906557464145        580
  85.745078      53.195170      -3.0454005483148636       1.4950102709770052        580
  89.091011      53.553889      -2.9380114251846505       1.6413486610481727        580
  92.468383      53.901223      -2.5014636004833570       1.5768815822659523          0
  95.877130      54.235855      -1.2207694645008023       0.8550493562991606          0
  99.316989      54.556478      -0.0000000000000000       0.0000000000000000        401
  102.787486      54.861805      -0.0000000000000000       0.0000000000000000        401
  106.287921      55.150578      -0.0000000000000000       0.0000000000000000        401
  109.817351      55.421576       0.0037315543680006      -0.0067399519110874          0
  113.374589      55.673622       0.0428070303521599      -0.1073706497114146          0
  116.958192      55.905598       0.0713911032454989      -0.1936800993119357          0
  120.566463      56.116450       0.0644745475195023      -0.2421331527540157          0
  124.197456      56.305200       0.0282047483567890      -0.2515031121500035          0
  127.848980      56.470956      -0.0369737842713609      -0.2044894136926005          0
  131.518616      56.612923      -0.1117016640872326      -0.1119559464290061          0
  27.944604      43.314075      -0.0000000000000000       0.0000000000000000        319
  30.847135      43.659808      -0.0000000000000000       0.0000000000000000        551
  33.764353      44.015604      -0.0000000000000000       0.0000000000000000        302
  36.697164      44.380593      -0.0000000000000000       0.0000000000000000        551
  39.646488      44.753865      -2.1109698586190722      -0.1244547515592385        503
  42.613258      45.134477      -2.2664152564764919      -0.0718959630554359        503
  45.598415      45.521449      -2.4166913089372670      -0.0125327827993388        503
  48.602901      45.913769      -0.0000000000000000       0.0000000000000000        301
  51.627659      46.310388      -0.0000000000000000       0.0000000000000000        302
  54.673623      46.710229      -0.0000000000000000       0.0000000000000000        302
  57.741712      47.112179      -0.0000000000000000       0.0000000000000000        302
  60.832821      47.515097      -0.0000000000000000       0.0000000000000000        390
  63.947815      47.917815      -0.0000000000000000       0.0000000000000000        466
  67.087515      48.319135      -0.0000000000000000       0.0000000000000000        458
  70.252691      48.717836      -0.0000000000000000       0.0000000000000000        460
  73.444049      49.112676      -2.8930753165726344       0.2997208389466904          0
  76.662219      49.502394      -3.3985923427572073       0.4478528860454827        501
  79.907738      49.885710      -3.3162920816407171       0.9773949286862520          0
  83.181041      50.261335      -3.1206856597176165       1.3396085507805284        580
  86.482445      50.627974      -3.0226141224270480       1.4822744631939984        580
  89.812134      50.984326      -2.9135414765268148       1.6226175202284661        580
  93.170140      51.329097      -2.7935794947268242       1.7599084429715088        580
  96.556339      51.660998      -2.6628974879367933       1.8933921324552361        580
  99.970425      51.978760      -1.3038074640916313       1.0234472820346805          0
  103.411908      52.281135      -0.4284710468443611       0.2869128365924868          0
  106.880096      52.566908      -0.5940895356868617       0.3063207101788119          0
  110.374090      52.834901      -0.3731683666732704       0.1004528918895025          0
  113.892777      53.083987      -0.1281023605560352      -0.1548909112220840          0
  117.434824      53.313092       0.0423701832681746      -0.3740215225520499          0
  120.998686      53.521213       0.0978922108449117      -0.5115439728199458          0
  124.582602      53.707418       0.0279032423692692      -0.5214070766254570          0
  128.184608      53.870861      -0.1040628085899790      -0.4394946228456829          0
  131.802548      54.010786      -0.2534813700165356      -0.2910239023703850          0
  28.493297      40.738971      -0.0000000000000000       0.0000000000000000        521
  31.415716      41.086705      -1.2008004542590349       0.0931793182579234        715
  34.351755      41.444393      -0.0000000000000000       0.0000000000000000        520
  37.302244      41.811139      -0.0000000000000000       0.0000000000000000        526
  40.268029      42.186015      -0.0000000000000000       0.0000000000000000        551
  43.249961      42.568058      -0.0000000000000000       0.0000000000000000        551
  46.248898      42.956269      -2.4485808362834103       0.1860361397879607        503
  49.265695      43.349618      -2.5922873608963606       0.2497428640677278        503
  52.301205      43.747043      -2.7296324103369489       0.3202114918697508        503
  55.356267      44.147449      -0.0000000000000000       0.0000000000000000        301
  58.431703      44.549716      -0.0000000000000000       0.0000000000000000        302
  61.528311      44.952692      -0.0000000000000000       0.0000000000000000        390
  64.646852      45.355201      -0.0000000000000000       0.0000000000000000        466
  67.788049      45.756045      -0.0000000000000000       0.0000000000000000        458
  70.952568      46.154001      -1.9128704405485524       0.2789883913475041          0
  74.141016      46.547829      -3.3014523498907047       0.5365914953369623        501
  77.353922      46.936275      -3.4241006002715348       0.6480592628837900        501
  80.591734      47.318071      -3.5368088877457566       0.7676306915022483        501
  83.854798      47.691941      -3.6389713399366359       0.8950912588197404        501
  87.143352      48.056606      -3.2266803681057512       1.3701709098112409          0
  90.457511      48.410791      -3.1204755302662122       1.5337180922407196          0
  93.797255      48.753223      -2.9434949659677931       1.6995911765184428          0
  97.162416      49.082645      -2.8758829604450451       1.8387752661789509          0
  100.552670      49.397820      -2.7468368709155393       1.7288810664479488          0
  103.967524      49.697535      -2.3446268002108779       1.3170825118578469          0
  107.406311      49.980612      -1.9749211134895321       1.0004405357823705          0
  110.868180      50.245915      -0.8769805877793225       0.2661159519782399          0
  114.352093      50.492356      -0.2659360293829447      -0.2462273302498609          0
  117.856826      50.718905       0.0355231688182472      -0.5901379701460604          0
  121.380965      50.924598       0.1239295573638300      -0.7874563672879545          0
  124.922919      51.108546       0.0396890141423627      -0.8161632611061498          0
  128.480918      51.269939      -0.1520074346218637      -0.7004488195376906          0
  132.053033      51.408059      -0.3719918442888541      -0.4924637287120378          0
  29.001048      38.161462      -0.0000000000000000       0.0000000000000000        522
  31.941399      38.511019      -1.2045246787866692       0.1281378781642970        715
  34.894327      38.870421      -1.2235518550898390       0.1635609338310234        715
  37.860600      39.238755      -0.0000000000000000       0.0000000000000000        522
  40.840991      39.615073      -0.0000000000000000       0.0000000000000000        526
  43.836281      39.998393      -0.0000000000000000       0.0000000000000000        526
  46.847254      40.387701      -2.4776362941867047       0.3814291363703944        503
  49.874690      40.781951      -2.6204379844385386       0.4421657825737673        503
  52.919361      41.180067      -2.7566749477541377       0.5094194132427224        503
  55.982025      41.580944      -2.8858647302409350       0.5832371209376712        503
  59.063424      41.983449      -3.0075244534172683       0.6636352591390998        503
  62.164270      42.386427      -0.0000000000000000       0.0000000000000000        467
  65.285241      42.788694      -0.0000000000000000       0.0000000000000000        466
  68.426974      43.189051      -0.8229482029230826       0.1453681776534297          0
  71.590054      43.586275      -3.1966614148147414       0.6367388292370818        501
  74.775004      43.979132      -3.3264885752225073       0.7355367687811478        501
  77.982279      44.366372      -3.4468403048508680       0.8422395505997178        501
  81.212251      44.746740      -3.5571302049717213       0.9566873171283498        501
  84.465200      45.118973      -3.6567815167919830       1.0786619556833006        501
  87.741306      45.481810      -3.7452314051806042       1.2078841226021875        501
  91.040634      45.833994      -3.8219357827997902       1.3440107715746770        501
  94.363128      46.174278      -3.6500490141180864       1.5767510027311225          0
  97.708596      46.501433      -3.5651464915929933       1.7569808313450510          0
  101.076709      46.814248      -3.6337413590167222       1.8869442932972866          0
  104.466983      47.111545      -3.7162044676031023       1.9220441256049456          0
  107.878781      47.392179      -3.4835148298828700       1.7953369532951133          0
  111.311305      47.655050      -1.0986405240192862       0.2407127529526472          0
  114.763593      47.899106      -0.1992442743886869      -0.4991803649248005          0
  118.234518      48.123354       0.1552619246482777      -0.9164140651982526          0
  121.722793      48.326867       0.2245242677203363      -1.1399138624741409          0
  125.226971      48.508791       0.0831688496951911      -1.1548736178300336          0
  128.745458      48.668349      -0.1716883178347611      -1.0036685866569319          0
  132.276519      48.804856      -0.4662149366135982      -0.7208136624286456          0
  29.474089      35.581917      -1.1861712687262296       0.1293724957079545        715
  32.430732      35.933145      -1.2079002735781081       0.1616543781001973        715
  35.398938      36.294115      -0.0000000000000000       0.0000000000000000        522
  38.379413      36.663894      -2.0428316039420147       0.4380055988220112        503
  41.372870      37.041518      -2.2021399187795971       0.4771589667864203        503
  44.380026      37.425988      -0.0000000000000000       0.0000000000000000        505
  47.401597      37.816275      -0.0000000000000000       0.0000000000000000        505
  50.438298      38.211321      -2.6462269407983388       0.6309056292946844        503
  53.490832      38.610035      -2.7813898167762336       0.6945736564398940        503
  56.559887      39.011305      -2.9093265457027950       0.7645498885618350        503
  59.646134      39.413988      -3.0295634826535123       0.8408490998770500        503
  62.750214      39.816923      -0.0000000000000000       0.0000000000000000        301
  65.872735      40.218924      -0.0000000000000000       0.0000000000000000        467
  69.014262      40.618788      -0.0000000000000000       0.0000000000000000        466
  72.175314      41.015297      -3.2212710797664164       0.8350093630858255        501
  75.356347      41.407220      -3.3490879448087485       0.9289956612335614        501
  78.557754      41.793314      -3.4673026461576462       1.0305414589454438        501
  81.779850      42.172335      -3.5753532270774020       1.1394853646925820        501
  85.022865      42.543034      -3.6726901897389048       1.2556096391849605        501
  88.286934      42.904166      -3.7587805853275915       1.3786376782270917        501
  91.572089      43.254494      -3.8331125624503199       1.5082320135151792        501
  94.878249      43.592792      -3.8952003520604874       1.6439929328972207        501
  98.205214      43.917856      -3.9445896490642900       1.7854578234040308        501
  101.552654      44.228504      -3.9808633307254868       1.9321013386297741        501
  104.920106      44.523586      -2.3013057957833158       1.9717734501813782        456
  108.306969      44.801987      -0.4216848662150434      -0.2899551830535939          0
  111.712497      45.062640      -0.4188981375384165      -0.4050311592086898          0
  115.135800      45.304526       0.2651188174653745      -1.0521621107998367          0
  118.575846      45.526685       0.4722054944118626      -1.4033282777390086          0
  122.031458      45.728222       0.3891706331286610      -1.5416827617651081          0
  125.501325      45.908313       0.1490684623932781      -1.5332372994348866          0
  128.984004      46.066214      -0.1539398609315979      -1.3887966928090798          0
  132.477932      46.201263      -0.5188724624715921      -1.0345245517657051          0
  29.917579      33.000639      -1.1896333941852486       0.1634410063806922        715
  32.889130      33.353411      -1.2109825409424169       0.1937683914027335        715
  35.871254      33.715824      -0.0000000000000000       0.0000000000000000          0
  38.864604      34.086928      -0.0000000000000000       0.0000000000000000          0
  41.869835      34.465744      -2.2280176170952983       0.6722500827745479        503
  44.887608      34.851258      -2.3814884372258529       0.7142455871423363        503
  47.918581      35.242427      -0.0000000000000000       0.0000000000000000        505
  50.963408      35.638180      -0.0000000000000000       0.0000000000000000        505
  54.022734      36.037417      -0.0000000000000000       0.0000000000000000        505
  57.097186      36.439015      -0.0000000000000000       0.0000000000000000        505
  60.187372      36.841827      -3.0497533293056165       1.0132158131735873        503
  63.293876      37.244685      -3.1603182340279070       1.0911161423700071        503
  66.417243      37.646401      -0.0000000000000000       0.0000000000000000        301
  69.557984      38.045772      -0.0000000000000000       0.0000000000000000        301
  72.716557      38.441582      -3.2437307825878330       1.0281685155866960        501
  75.893368      38.832605      -3.3696580147228179       1.1169854013569303        501
  79.088760      39.217607      -3.4858735254090782       1.2130231810194383        501
  82.303002      39.595352      -3.5918385472173067       1.3161222545398334        501
  85.536287      39.964607      -3.6870291600332683       1.4260685507759572        501
  88.788718      40.324140      -3.7709401733777574       1.5425913970379972        501
  92.060305      40.672734      -3.8430893970463424       1.6653619120083563        501
  95.350952      41.009184      -3.9030222741281868       1.7939920103311122        501
  98.660458      41.332309      -3.9503168345976527       1.9280341069145341        501
  101.988503      41.640951      -0.0000000000000000       0.0000000000000000          0
  105.334648      41.933987      -1.5048899931648843       0.3380073822502424          0
  108.698328      42.210333       0.3864569644299626      -0.9448389475950519          0
  112.078852      42.468947       0.8097906286603650      -1.3941567127159664          0
  115.475401      42.708843       0.6650734871061796      -1.4913379382745025          0
  118.887027      42.929089       0.5187835823491228      -1.5937889159489744          0
  122.312659      43.128819       0.3390621687773630      -1.6756923756517217          0
  125.751105      43.307238       0.1201324279936262      -1.7335665122036654          0
  129.201058      43.463626      -0.1373626741192406      -1.7314862878035788          0
  132.661107      43.597348      -0.4037406236831920      -1.7430918950690035          0
  30.335831      30.417882      -1.1928332058845785       0.1962466025314691        715
  33.321114      30.772090      -1.2138162683031273       0.2245038874218164        715
  36.316005      31.135840      -1.2315564547640097       0.2539610912443362        715
  39.321104      31.508169      -0.0000000000000000       0.0000000000000000          0
  42.337018      31.888080      -0.0000000000000000       0.0000000000000000          0
  45.364356      32.274548      -2.4051402986042185       0.9027815246423266        503
  48.403724      32.666516      -2.5519430973624733       0.9469238526574697        503
  51.455725      33.062902      -0.0000000000000000       0.0000000000000000        505
  54.520948      33.462599      -0.0000000000000000       0.0000000000000000        505
  57.599971      33.864473      -0.0000000000000000       0.0000000000000000        505
  60.693349      34.267373      -0.0000000000000000       0.0000000000000000        506
  63.801612      34.670125      -0.0000000000000000       0.0000000000000000        506
  66.925258      35.071542      -0.0000000000000000       0.0000000000000000        506
  70.064746      35.470421      -0.0000000000000000       0.0000000000000000      50601
  73.220492      35.865548      -0.0000000000000000       0.0000000000000000          0
  76.392856      36.255703      -3.3885247409786086       1.2994610640018049        501
  79.582142      36.639659      -3.5028603094458290       1.3896749368136141        501
  82.788587      37.016192      -3.6068721149573157       1.4866219022790874        501
  86.012352      37.384078      -3.7000603006824262       1.5900943217687613        501
  89.253520      37.742105      -3.7819455562844100       1.6998301094551258        501
  92.512085      38.089071      -3.8520731142938796       1.8155114515523081        501
  95.787949      38.423791      -3.9100170468086466       1.9367641252532959        501
  99.080912      38.745104      -3.9553848202698196       2.0631574923172251        501
  102.390670      39.051878      -0.0000000000000000       0.0000000000000000          0
  105.716811      39.343014      -1.4112342778404372       0.1584332099284512          0
  109.058811      39.617453      -0.3409928993677959      -0.5882521373171367          0
  112.416030      39.874181      -0.1702954101858179      -0.7781688367309340          0
  115.787716      40.112237      -0.1469636131499048      -0.8986795795484882          0
  119.173004      40.330718      -0.1463916571177375      -1.0257402447613146          0
  122.570916      40.528783      -0.2165482789139816      -1.1113414004853674          0
  125.980369      40.705663      -0.3680201359116095      -1.0901817438978307          0
  129.400181      40.860662      -0.5903184341420771      -0.9282056378376778          0
  132.829075      40.993166      -0.9110701069253386      -0.5201542299376004          0
  30.732497      27.833861      -1.1958091415866767       0.2277913424210344        715
  33.730506      28.189412      -1.2164381151374037       0.2538726551853827        715
  36.737178      28.554409      -1.2337824526366716       0.2811169116475011        715
  39.753067      28.927875      -0.0000000000000000       0.0000000000000000          0
  42.778736      29.308800      -0.0000000000000000       0.0000000000000000          0
  45.814745      29.696145      -0.0000000000000000       0.0000000000000000          0
  48.861656      30.088843      -2.5734489146045672       1.1278378648258160        503
  51.920023      30.485801      -2.7127981947294133       1.1734134851256859        503
  54.990391      30.885902      -0.0000000000000000       0.0000000000000000        505
  58.073292      31.288009      -0.0000000000000000       0.0000000000000000        505
  61.169235      31.690963      -0.0000000000000000       0.0000000000000000      50601
  64.278707      32.093588      -0.0000000000000000       0.0000000000000000      50601
  67.402164      32.494696      -0.0000000000000000       0.0000000000000000      50601
  70.540025      32.893084      -0.0000000000000000       0.0000000000000000          0
  73.692665      33.287543      -0.0000000000000000       0.0000000000000000          0
  76.860414      33.676857      -0.0000000000000000       0.0000000000000000          0
  80.043541      34.059809      -3.5185109208566727       1.5604352999730535        501
  83.242259      34.435183      -3.6206836278285648       1.6509526054865065        501
  86.456708      34.801769      -3.7119930333479356       1.7476833617249161        501
  89.686957      35.158369      -3.7919840530113822       1.8503762978439824        501
  92.932992      35.503796      -3.8602273944093271       1.9587267321917148        501
  96.194714      35.836887      -0.0000000000000000       0.0000000000000000          0
  99.471934      36.156499      -1.2640881888993456      -0.1795761686842689        602
  102.764368      36.461522      -1.2913443959163691      -0.1385980331402469        602
  106.071630      36.750881      -1.4224961983820059       0.0395429522229552          0
  109.393239      37.023540      -1.2130059167535545      -0.1177308709814648          0
  112.728606      37.278510      -1.1068106347806048      -0.1636571776293524          0
  116.077043      37.514855      -0.8925476894649427      -0.3271614036904201          0
  119.437760      37.731696      -0.7472744285856767      -0.4847350599849604          0
  122.809867      37.928216      -0.7336319774906306      -0.5571559076639215          0
  126.192383      38.103670      -0.8171623426283931      -0.5105781735728234          0
  129.584235      38.257382      -0.9707856356322179      -0.3295660197406420          0
  132.984269      38.388758      -1.2101315438225237       0.0712079506420231          0
  31.110695      25.248759      -1.1985931541389192       0.2580684483915783        715
  34.120567      25.605573      -1.2188783873389144       0.2818769582625409        715
  37.138174      25.971741      -1.2358398626707632       0.3068118970730239        715
  40.164032      26.346270      -0.0000000000000000       0.0000000000000000          0
  43.198658      26.728139      -0.0000000000000000       0.0000000000000000          0
  46.242574      27.116295      -0.0000000000000000       0.0000000000000000          0
  49.296298      27.509663      -0.0000000000000000       0.0000000000000000          0
  52.360344      27.907139      -2.7322333488791886       1.3456763364600079        503
  55.435217      28.307601      -2.8633933617032565       1.3919618600668360        503
  58.521407      28.709902      -0.0000000000000000       0.0000000000000000        505
  61.619387      29.112881      -0.0000000000000000       0.0000000000000000        505
  64.729606      29.515361      -0.0000000000000000       0.0000000000000000      50601
  67.852483      29.916151      -0.0000000000000000       0.0000000000000000          0
  70.988404      30.314051      -0.0000000000000000       0.0000000000000000          0
  74.137716      30.707855      -0.0000000000000000       0.0000000000000000          0
  77.300716      31.096353      -0.0000000000000000       0.0000000000000000          0
  80.477655      31.478337      -0.0000000000000000       0.0000000000000000          0
  83.668722      31.852599      -3.6334598095371531       1.8090406677195818        501
  86.874045      32.217943      -3.7229968776527604       1.8987875256577560        501
  90.093683      32.573183      -3.8012065821329735       1.9942057249945617        501
  93.327622      32.917151      -0.0000000000000000       0.0000000000000000          0
  96.575767      33.248698      -1.1575853572650043      -0.3057901023578540        603
  99.837942      33.566704      -1.2673260882707873      -0.1522593689358797        602
  103.113883      33.870077      -1.4485894385544378       0.0045414984995685          0
  106.403239      34.157763      -1.3157718052204237      -0.0819284896896740          0
  109.705565      34.428750      -1.3326980709909944      -0.0392991219927953          0
  113.020326      34.682072      -1.3457240949993454       0.0066174295803127          0
  116.346892      34.916814      -1.3561446288329713       0.0534253691224029          0
  119.684546      35.132121      -1.2728251309160308       0.0133951315833510          0
  123.032480      35.327199      -1.1892286231578422      -0.0526584670684868          0
  126.389804      35.501321      -1.1912366481962327      -0.0295106941631820          0
  129.755547      35.653834      -1.2513454719700827       0.0916262432422864          0
  133.128666      35.784160      -0.0000000000000000       0.0000000000000000          0
  31.473121      22.662734      -1.2012120613356396       0.2870642288599364        715
  34.494110      23.020744      -1.2211623735051147       0.3085116132807477        715
  37.521925      23.388015      -1.2377521037400572       0.3310494322871849        715
  40.557041      23.763544      -1.2509135166674492       0.3546625648381530        715
  43.599939      24.146296      -0.0000000000000000       0.0000000000000000          0
  46.651101      24.535208      -0.0000000000000000       0.0000000000000000          0
  49.711010      24.929194      -0.0000000000000000       0.0000000000000000          0
  52.780143      25.327143      -2.7506124735241197       1.5132733327898886        503
  55.858970      25.727925      -0.0000000000000000       0.0000000000000000          0
  58.947946      26.130389      -0.0000000000000000       0.0000000000000000      50602
  62.047511      26.533370      -0.0000000000000000       0.0000000000000000      50602
  65.158081      26.935688      -0.0000000000000000       0.0000000000000000      50602
  68.280047      27.336153      -0.0000000000000000       0.0000000000000000          0
  71.413767      27.733567      -0.0000000000000000       0.0000000000000000          0
  74.559561      28.126728      -0.0000000000000000       0.0000000000000000          0
  77.717709      28.514432      -0.0000000000000000       0.0000000000000000          0
  80.888439      28.895478      -0.0000000000000000       0.0000000000000000          0
  84.071928      29.268670      -3.6453541500174671       1.9607809062078680        501
  87.268297      29.632822      -3.7332106102811098       2.0433253555079318        501
  90.477598      29.986762      -3.8097361315969862       2.1312593418926942        501
  93.699821      30.329337      -0.0000000000000000       0.0000000000000000          0
  96.934880      30.659415      -0.0000000000000000       0.0000000000000000          0
  100.182615      30.975894      -1.2703279743062148      -0.1254643965161596        602
  103.442786      31.277703      -1.2853839520526189      -0.1343154895100571          0
  106.715072      31.563807      -1.3178745579127682      -0.0771770438878523          0
  109.999070      31.833214      -1.3339994180942056      -0.0289261061046234          0
  113.294292      32.084981      -1.3449076217960094       0.0175145024588422          0
  116.600170      32.318213      -1.3532899740028150       0.0630650323756663          0
  119.916051      32.532077      -1.3593186119592835       0.1069731096223940          0
  123.241205      32.725799      -1.3608537335539386       0.1494230609062307          0
  126.574825      32.898671      -1.3556727252887097       0.1921554899761814          0
  129.916035      33.050059      -1.3475470919839405       0.2353926399243602          0
  133.263893      33.179400      -0.0000000000000000       0.0000000000000000          0
  31.822128      20.075923      -1.2036885799030892       0.3147596010311320        715
  34.853590      20.435070      -1.2233113634909267       0.3337656307421716        715
  37.890981      20.803389      -1.2395387472651556       0.3538266808493359        715
  40.934740      21.179863      -1.2523064793831671       0.3749332620319769        715
  43.985314      21.563445      -0.0000000000000000       0.0000000000000000          0
  47.043151      21.953065      -0.0000000000000000       0.0000000000000000          0
  50.108701      22.347625      -0.0000000000000000       0.0000000000000000          0
  53.182408      22.746008      -0.0000000000000000       0.0000000000000000          0
  56.264711      23.147076      -0.0000000000000000       0.0000000000000000          0
  59.356036      23.549675      -0.0000000000000000       0.0000000000000000      50602
  62.456793      23.952636      -0.0000000000000000       0.0000000000000000      50602
  65.567373      24.354779      -0.0000000000000000       0.0000000000000000          0
  68.688142      24.754913      -0.0000000000000000       0.0000000000000000          0
  71.819434      25.151843      -0.0000000000000000       0.0000000000000000          0
  74.961551      25.544371      -0.0000000000000000       0.0000000000000000          0
  78.114754      25.931299      -0.0000000000000000       0.0000000000000000          0
  81.279260      26.311435      -0.0000000000000000       0.0000000000000000          0
  84.455238      26.683590      -0.0000000000000000       0.0000000000000000          0
  87.642800      27.046593      -3.7427490504325389       2.1811908013383214        501
  90.842004      27.399283      -3.8176740018389941       2.2614524752981437        502
  94.052841      27.740523      -0.0000000000000000       0.0000000000000000          0
  97.275239      28.069196      -1.1659708943264606      -0.2410539521806491        603
  100.509056      28.384218      -1.2369047472577894      -0.1891827323940320      60301
  103.754077      28.684536      -1.2938531498454540      -0.1281375070016658          0
  107.010014      28.969135      -1.3251915087861954      -0.0683258764387974          0
  110.276504      29.237042      -1.3385076642565772      -0.0176000684699266          0
  113.553107      29.487333      -1.3468376531731137       0.0288054997807481          0
  116.839309      29.719135      -1.3532255311811996       0.0728341104430193          0
  120.134522      29.931633      -1.3579447430092921       0.1144315373812000          0
  123.438086      30.124073      -1.3598567044366150       0.1536227499953201          0
  126.749276      30.295765      -1.3561732184080590       0.1932710780827731          0
  130.067299      30.446090      -0.0000000000000000       0.0000000000000000          0
  133.391308      30.574503      -1.4804988626446991       0.8806231610734848        649
  32.159796      17.488450      -1.2060421265775234       0.3411313055436981        715
  35.201172      17.848684      -1.2253434334889293       0.3576235190051851        715
  38.247590      18.218000      -1.2412162776817468       0.3751359812341201        715
  41.299457      18.595371      -1.2535999166013863       0.3936651952290212        715
  44.357188      18.979740      -0.0000000000000000       0.0000000000000000          0
  47.421200      19.370025      -1.7469475901531235       1.1190956428813827        710
  50.491914      19.765121      -0.0000000000000000       0.0000000000000000          0
  53.569746      20.163903      -0.0000000000000000       0.0000000000000000          0
  56.655108      20.565228      -0.0000000000000000       0.0000000000000000          0
  59.748398      20.967938      -0.0000000000000000       0.0000000000000000          0
  62.850004      21.370861      -0.0000000000000000       0.0000000000000000          0
  65.960294      21.772815      -0.0000000000000000       0.0000000000000000          0
  69.079612      22.172612      -0.0000000000000000       0.0000000000000000          0
  72.208276      22.569060      -0.0000000000000000       0.0000000000000000          0
  75.346572      22.960963      -0.0000000000000000       0.0000000000000000          0
  78.494750      23.347131      -0.0000000000000000       0.0000000000000000          0
  81.653016      23.726378      -0.0000000000000000       0.0000000000000000          0
  84.821534      24.097528      -0.0000000000000000       0.0000000000000000          0
  88.000418      24.459417      -3.7517081566459862       2.3122600629317311        501
  91.189725      24.810901      -3.8251044727645063       2.3846819981199219        502
  94.389459      25.150854      -0.0000000000000000       0.0000000000000000          0
  97.599561      25.478178      -1.1698000952754080      -0.2089478972270127        603
  100.819908      25.791802      -1.2429201957619667      -0.1335101133368113      60301
  104.050313      26.090692      -1.3032355194591012      -0.1080004149795679      60406
  107.290519      26.373850      -1.3393956621509135      -0.0559003249752678          0
  110.540203      26.640325      -1.3462909605063749      -0.0039559595842887          0
  113.798973      26.889209      -1.3508465094299849       0.0416937853162612          0
  117.066366      27.119649      -1.3552036062483406       0.0835450104769034          0
  120.341857      27.330847      -1.3598249930722519       0.1213824525125281          0
  123.624852      27.522068      -1.3620065954041509       0.1573798033864505          0
  126.914699      27.692638      -0.0000000000000000       0.0000000000000000          0
  130.210686      27.841955      -0.0000000000000000       0.0000000000000000          0
  133.512052      27.969487      -1.4948323803008035       1.2639660177450924        649
  32.487981      14.900423      -1.2082894454572253       0.3661528800420281        715
  35.538786      15.261699      -1.2272740574627530       0.3800663254283817        715
  38.593754      15.631972      -1.2427986810401823       0.3949659575459938        715
  41.653261      16.010199      -1.2548061128985002       0.4108545945664998        715
  44.717694      16.395315      -0.0000000000000000       0.0000000000000000          0
  47.787443      16.786228      -1.7925891742202247       1.4804299801728009        710
  50.862903      17.181826      -0.0000000000000000       0.0000000000000000          0
  53.944463      17.580978      -0.0000000000000000       0.0000000000000000          0
  57.032513      17.982534      -0.0000000000000000       0.0000000000000000          0
  60.127429      18.385333      -0.0000000000000000       0.0000000000000000          0
  63.229577      18.788201      -0.0000000000000000       0.0000000000000000          0
  66.339308      19.189956      -0.0000000000000000       0.0000000000000000          0
  69.456949      19.589411      -0.0000000000000000       0.0000000000000000          0
  72.582804      19.985375      -0.0000000000000000       0.0000000000000000          0
  75.717148      20.376660      -0.0000000000000000       0.0000000000000000          0
  78.860220      20.762080      -0.0000000000000000       0.0000000000000000          0
  82.012225      21.140458      -0.0000000000000000       0.0000000000000000          0
  85.173322      21.510627      -0.0000000000000000       0.0000000000000000          0
  88.343628      21.871434      -0.0000000000000000       0.0000000000000000          0
  91.523208      22.221748      -0.0000000000000000       0.0000000000000000          0
  94.712076      22.560456      -0.0000000000000000       0.0000000000000000          0
  97.910189      22.886476      -1.1734324822857503      -0.1770471421975692        603
  101.117447      23.198753      -1.2486437509974897      -0.0782007913823373      60301
  104.333688      23.496268      -1.3083315583394861      -0.0556138501981927      60404
  107.558691      23.778044      -1.3640434348246049      -0.0306700927260776      60406
  110.792170      24.043143      -1.3548046668095248       0.0145429932263506          0
  114.033777      24.290679      -1.3545711329277388       0.0577757384157326          0
  117.283104      24.519814      -1.3584317308310985       0.0956945869869679          0
  120.539680      24.729770      -1.3632492890523105       0.1277307497708225        612
  123.802977      24.919825      -0.0000000000000000       0.0000000000000000          0
  127.072411      25.089325      -0.0000000000000000       0.0000000000000000          0
  130.347346      25.237680      -0.0000000000000000       0.0000000000000000          0
  133.627100      25.364372      -0.0000000000000000       0.0000000000000000          0
  32.808366      12.311939      -1.2104451043925193       0.3897954411729855        715
  35.868177      12.674222      -1.2291165879613704       0.4010724693116081        715
  38.931276      13.045414      -1.2442979046646290       0.4133024048817360        715
  41.998013      13.424463      -0.0000000000000000       0.0000000000000000          0
  45.068749      13.810292      -1.2381468899434658       0.9891499757878746        709
  48.143848      14.201802      -1.2106936821453624       1.0069589216371697        709
  51.223681      14.597873      -1.1797035952602279       1.0252501428251783        709
  54.308618      14.997367      -1.1452459072479360       1.0439485422375645        709
  57.399025      15.399131      -0.0000000000000000       0.0000000000000000          0
  60.495261      15.802000      -0.0000000000000000       0.0000000000000000          0
  63.597676      16.204798      -0.0000000000000000       0.0000000000000000          0
  66.706603      16.606343      -0.0000000000000000       0.0000000000000000          0
  69.822359      17.005449      -0.0000000000000000       0.0000000000000000          0
  72.945237      17.400930      -0.0000000000000000       0.0000000000000000          0
  76.075501      17.791601      -0.0000000000000000       0.0000000000000000          0
  79.213389      18.176283      -0.0000000000000000       0.0000000000000000          0
  82.359101      18.553807      -0.0000000000000000       0.0000000000000000          0
  85.512800      18.923015      -0.0000000000000000       0.0000000000000000          0
  88.674605      19.282766      -0.0000000000000000       0.0000000000000000          0
  91.844592      19.631940      -0.0000000000000000       0.0000000000000000          0
  95.022788      19.969439      -0.0000000000000000       0.0000000000000000          0
  98.209168      20.294193      -1.1768960700369591      -0.1453830282476386        603
  101.403655      20.605165      -1.2541175621871998      -0.0233353528196127      60401
  104.606115      20.901352      -1.3132005155637820      -0.0037206628616885        604
  107.816358      21.181792      -1.3683104941447333       0.0180881318697512      60404
  111.034140      21.445566      -1.3408395472496708       0.0501017614617309      60201
  114.259155      21.691802      -0.0000000000000000       0.0000000000000000          0
  117.491045      21.919682      -0.0000000000000000       0.0000000000000000          0
  120.729394      22.128443      -0.0000000000000000       0.0000000000000000          0
  123.973734      22.317380      -0.0000000000000000       0.0000000000000000          0
  127.223547      22.485852      -7.1473954608092027       1.0813038987878867        675
  130.478268      22.633284      -7.1811800298765585       1.2345835940643568        684
  133.737289      22.759171      -7.1917967359302084       1.3906984051033546        684
  33.122490       9.723089      -1.2125218916907425       0.4120283116790059        701
  36.190940      10.086348      -1.2308826376254491       0.4206184071180132        715
  39.261805      10.458428      -0.0000000000000000       0.0000000000000000          0
  42.335412      10.838268      -1.2595579447931236       0.9636721059172833        709
  45.412096      11.224781      -1.2352570943822410       0.9783250725256438        709
  48.492201      11.616860      -1.2073622974439140       0.9935875955569964        709
  51.576077      12.013379      -1.1759386462797323       1.0094005948574511        709
  54.664072      12.413192      -0.0000000000000000       0.0000000000000000          0
  57.756538      12.815143      -0.0000000000000000       0.0000000000000000          0
  60.853817      13.218064      -0.0000000000000000       0.0000000000000000          0
  63.956245      13.620778      -0.0000000000000000       0.0000000000000000          0
  67.064144      14.022102      -0.0000000000000000       0.0000000000000000          0
  70.177819      14.420854      -0.0000000000000000       0.0000000000000000          0
  73.297557      14.815849      -0.0000000000000000       0.0000000000000000          0
  76.423618      15.205908      -0.0000000000000000       0.0000000000000000          0
  79.556237      15.589859      -0.0000000000000000       0.0000000000000000          0
  82.695614      15.966541      -0.0000000000000000       0.0000000000000000          0
  85.841917      16.334804      -0.0000000000000000       0.0000000000000000          0
  88.995273      16.693520      -0.0000000000000000       0.0000000000000000          0
  92.155769      17.041580      -0.0000000000000000       0.0000000000000000          0
  95.323446      17.377898      -0.0000000000000000       0.0000000000000000          0
  98.498300      17.701420      -1.1802151005801795      -0.1139922661640141      60302
  101.680276      18.011123      -1.2593782951580685       0.0310007845777113      60402
  104.869270      18.306020      -1.3178755993437021       0.0476011234711413        604
  108.065127      18.585164      -1.3724039224920184       0.0662350409922459        604
  111.267636      18.847653      -0.0000000000000000       0.0000000000000000          0
  114.476539      19.092632      -1.3532621332140624       0.0882509558311366        612
  117.691523      19.319299      -0.0000000000000000       0.0000000000000000          0
  120.912225      19.526905      -0.0000000000000000       0.0000000000000000          0
  124.138237      19.714762      -0.0000000000000000       0.0000000000000000          0
  127.369100      19.882243      -7.1493999204585332       1.1459336931958761        684
  130.604317      20.028786      -7.1820229257490000       1.2813624039955132        801
  133.843350      20.153897      -7.1917513853720365       1.4194880605642695        801
  33.431783       7.133958      -1.2145311362700353       0.4328195197078230        712
  36.508553       7.498165      -1.2325823844126962       0.4386791599575645        712
  39.586867       7.871107      -0.0000000000000000       0.0000000000000000          0
  42.667026       8.251712      -1.2571121692100491       0.9528123243137733        709
  45.749345       8.638885      -1.2323754517627596       0.9648277799448601        709
  48.834148       9.031509      -1.2040487787312348       0.9775174915928813        709
  51.921766       9.428451      -1.1722021205579414       0.9908287144411456        709
  55.012534       9.828563      -0.0000000000000000       0.0000000000000000          0
  58.106785      10.230682      -0.0000000000000000       0.0000000000000000          0
  61.204851      10.633639      -0.0000000000000000       0.0000000000000000          0
  64.307056      11.036255      -0.0000000000000000       0.0000000000000000          0
  67.413713      11.437349      -0.0000000000000000       0.0000000000000000          0
  70.525120      11.835739      -0.0000000000000000       0.0000000000000000          0
  73.641560      12.230245      -0.0000000000000000       0.0000000000000000          0
  76.763292      12.619693      -0.0000000000000000       0.0000000000000000          0
  79.890549      13.002918      -0.0000000000000000       0.0000000000000000          0
  83.023536      13.378765      -0.0000000000000000       0.0000000000000000          0
  86.162427      13.746097      -0.0000000000000000       0.0000000000000000          0
  89.307359      14.103794      -0.0000000000000000       0.0000000000000000          0
  92.458432      14.450759      -0.0000000000000000       0.0000000000000000          0
  95.615705      14.785920      -0.0000000000000000       0.0000000000000000          0
  98.779192      15.108236      -1.1834107700678120      -0.0829160730976742      60302
  101.948866      15.416699      -1.2644581944788096       0.0847183042995356      60402
  105.124650      15.710337      -1.3223859502534365       0.0982695107300563      60402
  108.306421      15.988219      -1.3763496595597744       0.1136959166117075        604
  111.494009      16.249457      -1.3427802590105549       0.0787427897437801        612
  114.687196      16.493215      -0.0000000000000000       0.0000000000000000          0
  117.885716      16.718703      -0.0000000000000000       0.0000000000000000          0
  121.089258      16.925189      -0.0000000000000000       0.0000000000000000          0
  124.297466      17.111999      -0.0000000000000000       0.0000000000000000          0
  127.509943      17.278519      -7.1512955955403505       1.2064753580760237        801
  130.726254      17.424201      -7.1828052454755813       1.3239922558195045        801
  133.945927      17.548561      -7.1916840822543504       1.4440757026290973        801
  33.737595       4.544622      -1.2164829685511123       0.4521361902063905        712
  36.822410       4.909757      -1.2342248176327184       0.4552287253711262        712
  39.907892       5.283540      -0.0000000000000000       0.0000000000000000          0
  42.994322       5.664887      -1.2546569407367538       0.9393481860719573        709
  46.081996       6.052697      -1.2294912588479798       0.9487034040091116        709
  49.171220       6.445845      -0.0000000000000000       0.0000000000000000          0
  52.262311       6.843192      -0.0000000000000000       0.0000000000000000          0
  55.355587       7.243583      -0.0000000000000000       0.0000000000000000          0
  58.451371       7.645853      -0.0000000000000000       0.0000000000000000          0
  61.549985       8.048830      -0.0000000000000000       0.0000000000000000          0
  64.651743       8.451335      -0.0000000000000000       0.0000000000000000          0
  67.756954       8.852188      -0.0000000000000000       0.0000000000000000          0
  70.865911       9.250209      -0.0000000000000000       0.0000000000000000          0
  73.978894       9.644222      -0.0000000000000000       0.0000000000000000          0
  77.096164      10.033058      -0.0000000000000000       0.0000000000000000          0
  80.217956      10.415558      -0.0000000000000000       0.0000000000000000          0
  83.344482      10.790577      -0.0000000000000000       0.0000000000000000          0
  86.475924      11.156985      -0.0000000000000000       0.0000000000000000          0
  89.612431      11.513675      -0.0000000000000000       0.0000000000000000          0
  92.754118      11.859560      -0.0000000000000000       0.0000000000000000          0
  95.901061      12.193583      -0.0000000000000000       0.0000000000000000          0
  99.053298      12.514714      -1.2532060547595880       0.0377313535160247        647
  102.210826      12.821961      -0.0000000000000000       0.0000000000000000          0
  105.373598      13.114365      -1.3267574276889862       0.1481993294213863      60402
  108.541524      13.391011      -1.3801706744133626       0.1603928734062871        604
  111.714473      13.651028      -1.3436799757069171       0.0920858534703188        613
  114.892265      13.893592      -1.3544325779848421       0.1089539002687274        613
  118.074682      14.117930      -1.3610263658154580       0.1266161340254151        613
  121.261461      14.323325      -7.0258330019158013       1.0739422988588585        801
  124.452299      14.509115      -7.1004487757538524       1.1664795428442976        801
  127.646857      14.674701      -7.1530969676193994       1.2628797926490378        801
  130.844758      14.819544      -7.1835343697945326       1.3624523120346299        801
  134.045594      14.943175      -7.1915966095776103       1.4644680000187895        801
  34.041217       1.955159      -1.2183865351298664       0.4699448426242717        712
  37.133838       2.321204      -1.2358179375693132       0.4702403893100818        712
  40.226244       2.695808      -1.2741229670760508       0.9174813458043807        709
  43.318698       3.077881      -1.2521832260255483       0.9233197569769018        709
  46.411476       3.466309      -0.0000000000000000       0.0000000000000000          0
  49.504871       3.859963      -0.0000000000000000       0.0000000000000000          0
  52.599184       4.257695      -0.0000000000000000       0.0000000000000000          0
  55.694725       4.658348      -0.0000000000000000       0.0000000000000000          0
  58.791806       5.060754      -0.0000000000000000       0.0000000000000000          0
  61.890740       5.463737      -0.0000000000000000       0.0000000000000000          0
  64.991837       5.866118      -0.0000000000000000       0.0000000000000000          0
  68.095401       6.266719      -0.0000000000000000       0.0000000000000000          0
  71.201725       6.664362      -0.0000000000000000       0.0000000000000000          0
  74.311089       7.057875      -0.0000000000000000       0.0000000000000000          0
  77.423756       7.446095      -0.0000000000000000       0.0000000000000000          0
  80.539969       7.827870      -0.0000000000000000       0.0000000000000000          0
  83.659946       8.202063      -0.0000000000000000       0.0000000000000000          0
  86.783879       8.567553      -0.0000000000000000       0.0000000000000000          0
  89.911932       8.923244      -0.0000000000000000       0.0000000000000000          0
  93.044236       9.268061      -0.0000000000000000       0.0000000000000000          0
  96.180887       9.600958      -1.2252872611086278       0.0551177617958109      67352
  99.321947       9.920921      -1.2556572090734801       0.0634548691265679        647
  102.467437      10.226968      -1.2822891226380693       0.0729479580501103      64701
  105.617341      10.518159      -1.3310132499330296       0.1973029080898165      60402
  108.771604      10.793591      -1.3838875434889781       0.2062455377089700      60402
  111.930129      11.052409      -1.3445408267739594       0.1047640224516084        613
  115.092779      11.293802      -1.3549716222143331       0.1183006593928688        613
  118.259379      11.517014      -0.0000000000000000       0.0000000000000000          0
  121.429713      11.721340      -7.0303138698589347       1.1614537648213201        801
  124.603532      11.906132      -7.1034403466912357       1.2364606305591681        801
  127.780548      12.070804      -7.1548165241767130       1.3150924187187882        801
  130.960443      12.214829      -7.1842165094153421       1.3967180127202794        801
  134.142868      12.337746      -7.1914902520386299       1.4806697979985799        801
  34.343902      -0.634359      -1.2202501771499499       0.4862116046199236        712
  37.444127      -0.267418      -1.2373689182879790       0.4836869493079079        713
  40.543245       0.107994      -1.2508616077019099       0.4819636675842753        713
  43.641501       0.490776      -0.0000000000000000       0.0000000000000000          0
  46.739158       0.879807      -0.0000000000000000       0.0000000000000000          0
  49.836494       1.273950      -0.0000000000000000       0.0000000000000000          0
  52.933801       1.672053      -0.0000000000000000       0.0000000000000000          0
  56.031377       2.072953      -0.0000000000000000       0.0000000000000000          0
  59.129529       2.475478      -0.0000000000000000       0.0000000000000000          0
  62.228564       2.878453      -0.0000000000000000       0.0000000000000000          0
  65.328790       3.280698      -0.0000000000000000       0.0000000000000000          0
  68.430508       3.681035      -0.0000000000000000       0.0000000000000000          0
  71.534014       4.078291      -0.0000000000000000       0.0000000000000000          0
  74.639589       4.471297      -0.0000000000000000       0.0000000000000000          0
  77.747503       4.858895      -0.0000000000000000       0.0000000000000000          0
  80.858005       5.239942      -0.0000000000000000       0.0000000000000000          0
  83.971324       5.613307      -0.0000000000000000       0.0000000000000000          0
  87.087666       5.977881      -0.0000000000000000       0.0000000000000000          0
  90.207208       6.332577      -0.0000000000000000       0.0000000000000000          0
  93.330100       6.676331      -0.0000000000000000       0.0000000000000000          0
  96.456460       7.008112      -0.0000000000000000       0.0000000000000000          0
  99.586371       7.326916      -1.2580428670090709       0.0885155392662416      67301
  102.719885       7.631779      -1.2842600234579349       0.0949310841482891      64701
  105.857015       7.921770      -1.3066604787800356       0.1023738669837344      64701
  108.997738       8.196004      -1.3875189266016872       0.2511716122526033      60402
  112.141995       8.453639      -1.3453679995812420       0.1167645034979975      61404
  115.289689       8.693880      -0.0000000000000000       0.0000000000000000          0
  118.440688       8.915983      -0.0000000000000000       0.0000000000000000          0
  121.594823       9.119258      -7.0346520910030810       1.2446793057273491        801
  124.751893       9.303070      -7.1063270216334100       1.3021696620519818        801
  127.911664       9.466844      -7.1564651197341709       1.3630549179431013        801
  131.073872       9.610065      -7.1848569077497686       1.4267625730255304        801
  134.238226       9.732283      -7.1913658707862256       1.4926853509894327        801
  34.646890      -3.223859      -1.2220815799645750       0.5009023476669388        701
  37.754547      -2.856032      -1.2388842408392833       0.4955408557766007        713
  40.860192      -2.479823      -1.2520358510183585       0.4909541635191880        713
  43.964055      -2.096344      -0.0000000000000000       0.0000000000000000          0
  47.066385      -1.706723      -0.0000000000000000       0.0000000000000000          0
  50.167452      -1.312104      -0.0000000000000000       0.0000000000000000          0
  53.267536      -0.913645      -0.0000000000000000       0.0000000000000000          0
  56.366930      -0.512514      -0.0000000000000000       0.0000000000000000          0
  59.465936      -0.109883      -1.0802818899103852       0.8994871429520932        704
  62.564858       0.293070      -0.0000000000000000       0.0000000000000000          0
  65.664003       0.695165      -0.0000000000000000       0.0000000000000000          0
  68.763674       1.095227      -0.0000000000000000       0.0000000000000000          0
  71.864169       1.492084      -0.0000000000000000       0.0000000000000000          0
  74.965776       1.884573      -0.0000000000000000       0.0000000000000000          0
  78.068771       2.271542      -0.0000000000000000       0.0000000000000000          0
  81.173415       2.651854      -0.0000000000000000       0.0000000000000000          0
  84.279947       3.024388      -0.0000000000000000       0.0000000000000000          0
  87.388588       3.388044      -0.0000000000000000       0.0000000000000000          0
  90.499533       3.741744      -0.0000000000000000       0.0000000000000000          0
  93.612951       4.084439      -0.0000000000000000       0.0000000000000000          0
  96.728981       4.415107      -0.0000000000000000       0.0000000000000000          0
  99.847733       4.732760      -1.2603745597283353       0.1128707805292475      67301
  102.969286       5.036444      -1.2861826465314834       0.1162078737505112      64701
  106.093683       5.325246      -1.3081922846940421       0.1205006202194254      64701
  109.220936       5.598293      -1.3263275706842408       0.1256992766561191        614
  112.351021       5.854757      -0.0000000000000000       0.0000000000000000          0
  115.483883       6.093858      -0.0000000000000000       0.0000000000000000          0
  118.619430       6.314866      -1.3568970338565871       0.1460734590939765      61405
  121.757541       6.517103      -7.0388703214365549       1.3234914535087221        801
  124.898060       6.699947      -7.1091244217170626       1.3635127257381940        801
  128.040806       6.862836      -7.1580522641463551       1.4067066005098250        801
  131.185566       7.005266      -7.1854599990535890       1.4525581514644448        801
  134.332107       7.126794      -7.1912239570144916       1.5005192705692723        801
>