>anchorPlateId 301
>reconstructionTime 38
>DeformingMeshPoints.gpml lat_lon_velocity_domain_28_32.gpml
>MeshNode <identity>GPlates-b7a3af0e-8119-4abb-9ae6-39bb7e5702ce</identity> <revision>GPlates-7b04c5e6-7801-49f1-bcc4-23d6f4e5417f</revision>
> reconstructionPlateId 0
> validTime TimePeriod <begin> TimeInstant <timePosition>http://gplates.org/times/distantPast</timePosition></begin> <end> TimeInstant <timePosition>http://gplates.org/times/distantFuture</timePosition></end>
  11.525189      67.199347      -0.0000000000000000       0.0000000000000000        302
  13.723032      67.545267      -0.0000000000000000       0.0000000000000000        302
  15.938463      67.905150      -0.0000000000000000       0.0000000000000000        302
  18.173210      68.278571      -0.0000000000000000       0.0000000000000000        302
  20.429171      68.665082      -0.0000000000000000       0.0000000000000000        302
  22.708434      69.064211      -0.0000000000000000       0.0000000000000000        302
  25.013298      69.475458      -0.0000000000000000       0.0000000000000000        302
  27.346303      69.898295      -0.0000000000000000       0.0000000000000000        302
  29.710262      70.332165      -0.0000000000000000       0.0000000000000000        302
  32.108292      70.776475      -0.0000000000000000       0.0000000000000000        302
  34.543855      71.230599      -0.0000000000000000       0.0000000000000000        302
  37.020806      71.693868      -0.0000000000000000       0.0000000000000000        302
  39.543444      72.165570      -0.0000000000000000       0.0000000000000000        302
  42.116571      72.644944      -0.0000000000000000       0.0000000000000000        302
  44.745561      73.131172      -0.0000000000000000       0.0000000000000000        302
  47.436437      73.623373      -0.0000000000000000       0.0000000000000000        302
  50.195956      74.120593      -0.0000000000000000       0.0000000000000000        302
  53.031711      74.621795      -0.0000000000000000       0.0000000000000000        302
  55.952234      75.125849      -0.0000000000000000       0.0000000000000000        373
  58.967114      75.631511      -0.0000000000000000       0.0000000000000000        373
  62.087122      76.137411      -0.0000000000000000       0.0000000000000000        373
  65.324333      76.642027      -0.0000000000000000       0.0000000000000000        373
  68.692244      77.143666      -0.0000000000000000       0.0000000000000000        373
  72.205869      77.640432      -0.0000000000000000       0.0000000000000000        404
  75.881790      78.130196      -0.0000000000000000       0.0000000000000000        404
  79.738121      78.610558      -0.0000000000000000       0.0000000000000000        404
  83.794353      79.078812      -0.0000000000000000       0.0000000000000000        404
  88.070990      79.531904      -0.0000000000000000       0.0000000000000000        404
  92.588896      79.966399      -0.0000000000000000       0.0000000000000000        404
  97.368247      80.378458      -0.0000000000000000       0.0000000000000000        404
  102.426956      80.763828      -0.0000000000000000       0.0000000000000000        404
  107.778512      81.117868      -0.0000000000000000       0.0000000000000000          0
  113.429202      81.435628      -0.0000000000000000       0.0000000000000000          0
  13.792299      64.760552      -0.0000000000000000       0.0000000000000000        302
  16.117018      65.121200      -0.0000000000000000       0.0000000000000000        302
  18.461457      65.496006      -0.0000000000000000       0.0000000000000000        302
  20.827462      65.884464      -0.0000000000000000       0.0000000000000000        302
  23.217046      66.286039      -0.0000000000000000       0.0000000000000000        302
  25.632402      66.700165      -0.0000000000000000       0.0000000000000000        302
  28.075923      67.126242      -0.0000000000000000       0.0000000000000000        302
  30.550226      67.563634      -0.0000000000000000       0.0000000000000000        302
  33.058177      68.011670      -0.0000000000000000       0.0000000000000000        302
  35.602912      68.469633      -0.0000000000000000       0.0000000000000000        302
  38.187873      68.936765      -0.0000000000000000       0.0000000000000000        302
  40.816835      69.412258      -0.0000000000000000       0.0000000000000000        302
  43.493943      69.895247      -0.0000000000000000       0.0000000000000000        302
  46.223750      70.384811      -0.0000000000000000       0.0000000000000000        302
  49.011257      70.879960      -0.0000000000000000       0.0000000000000000        302
  51.861952      71.379632      -0.0000000000000000       0.0000000000000000        373
  54.781860      71.882679      -0.0000000000000000       0.0000000000000000        373
  57.777576      72.387864      -0.0000000000000000       0.0000000000000000        372
  60.856312      72.893843      -0.0000000000000000       0.0000000000000000        372
  64.025924      73.399156      -0.0000000000000000       0.0000000000000000        372
  67.294935      73.902212      -0.0000000000000000       0.0000000000000000        372
  70.672533      74.401272      -0.0000000000000000       0.0000000000000000        372
  74.168544      74.894437      -0.0000000000000000       0.0000000000000000        404
  77.793363      75.379623      -0.0000000000000000       0.0000000000000000        404
  81.557821      75.854552      -0.0000000000000000       0.0000000000000000        404
  85.472973      76.316729      -0.0000000000000000       0.0000000000000000        404
  89.549790      76.763435      -0.0000000000000000       0.0000000000000000        404
  93.798706      77.191715      -0.0000000000000000       0.0000000000000000        404
  98.229022      77.598383      -0.0000000000000000       0.0000000000000000        404
  102.848133      77.980037      -0.0000000000000000       0.0000000000000000        404
  107.660584      78.333090      -0.0000000000000000       0.0000000000000000        404
  112.666995      78.653830      -0.0000000000000000       0.0000000000000000        401
  117.862916      78.938505      -0.0000000000000000       0.0000000000000000          0
  15.681731      62.292909      -0.0000000000000000       0.0000000000000000        302
  18.108168      62.665365      -0.0000000000000000       0.0000000000000000        302
  20.555336      63.052046      -0.0000000000000000       0.0000000000000000        302
  23.025094      63.452370      -0.0000000000000000       0.0000000000000000        302
  25.519450      63.865719      -0.0000000000000000       0.0000000000000000        302
  28.040576      64.291440      -0.0000000000000000       0.0000000000000000        302
  30.590819      64.728843      -0.0000000000000000       0.0000000000000000        302
  33.172724      65.177195      -0.0000000000000000       0.0000000000000000        302
  35.789043      65.635720      -0.0000000000000000       0.0000000000000000        302
  38.442759      66.103596      -0.0000000000000000       0.0000000000000000        302
  41.137102      66.579950      -0.0000000000000000       0.0000000000000000        302
  43.875570      67.063853      -0.0000000000000000       0.0000000000000000        302
  46.661946      67.554318      -0.0000000000000000       0.0000000000000000        302
  49.500321      68.050294      -0.0000000000000000       0.0000000000000000        302
  52.395110      68.550656      -0.0000000000000000       0.0000000000000000        302
  55.351068      69.054203      -0.0000000000000000       0.0000000000000000        302
  58.373304      69.559650      -0.0000000000000000       0.0000000000000000        302
  61.467286      70.065618      -0.0000000000000000       0.0000000000000000        372
  64.638842      70.570624      -0.0000000000000000       0.0000000000000000        372
  67.894142      71.073077      -0.0000000000000000       0.0000000000000000        372
  71.239671      71.571262      -0.0000000000000000       0.0000000000000000        372
  74.682176      72.063337      -0.0000000000000000       0.0000000000000000        401
  78.228588      72.547316      -0.0000000000000000       0.0000000000000000        401
  81.885899      73.021069      -0.0000000000000000       0.0000000000000000        401
  85.661006      73.482310      -0.0000000000000000       0.0000000000000000        401
  89.560495      73.928598      -0.0000000000000000       0.0000000000000000        401
  93.590359      74.357334      -0.0000000000000000       0.0000000000000000        401
  97.755660      74.765777      -0.0000000000000000       0.0000000000000000        401
  102.060113      75.151052      -0.0000000000000000       0.0000000000000000        401
  106.505614      75.510185      -0.0000000000000000       0.0000000000000000        401
  111.091727      75.840142      -0.0000000000000000       0.0000000000000000        401
  115.815159      76.137881      -0.0000000000000000       0.0000000000000000        401
  120.669287      76.400427      -0.0000000000000000       0.0000000000000000        401
  17.283460      59.803517      -0.0000000000000000       0.0000000000000000        302
  19.792889      60.185640      -0.0000000000000000       0.0000000000000000        302
  22.323320      60.581976      -0.0000000000000000       0.0000000000000000        302
  24.876563      60.991871      -0.0000000000000000       0.0000000000000000        302
  27.454559      61.414634      -0.0000000000000000       0.0000000000000000        302
  30.059388      61.849535      -0.0000000000000000       0.0000000000000000        302
  32.693285      62.295800      -0.0000000000000000       0.0000000000000000        302
  35.358645      62.752611      -0.0000000000000000       0.0000000000000000        302
  38.058040      63.219104      -0.0000000000000000       0.0000000000000000        302
  40.794222      63.694364      -0.0000000000000000       0.0000000000000000        302
  43.570142      64.177423      -0.0000000000000000       0.0000000000000000        302
  46.388951      64.667254      -0.0000000000000000       0.0000000000000000        302
  49.254017      65.162770      -0.0000000000000000       0.0000000000000000        302
  52.168926      65.662818      -0.0000000000000000       0.0000000000000000        302
  55.137487      66.166171      -0.0000000000000000       0.0000000000000000        302
  58.163732      66.671529      -0.0000000000000000       0.0000000000000000        302
  61.251912      67.177507      -0.0000000000000000       0.0000000000000000        302
  64.406482      67.682632      -0.0000000000000000       0.0000000000000000        302
  67.632077      68.185337      -0.0000000000000000       0.0000000000000000        372
  70.933484      68.683955      -0.0000000000000000       0.0000000000000000        401
  74.315587      69.176712      -0.0000000000000000       0.0000000000000000        401
  77.783300      69.661724      -0.0000000000000000       0.0000000000000000        401
  81.341481      70.136992      -0.0000000000000000       0.0000000000000000        401
  84.994812      70.600403      -0.0000000000000000       0.0000000000000000        401
  88.747657      71.049727      -0.0000000000000000       0.0000000000000000        401
  92.603881      71.482625      -0.0000000000000000       0.0000000000000000        401
  96.566645      71.896658      -0.0000000000000000       0.0000000000000000        401
  100.638159      72.289299      -0.0000000000000000       0.0000000000000000        401
  104.819419      72.657959      -0.0000000000000000       0.0000000000000000        401
  109.109920      73.000015      -0.0000000000000000       0.0000000000000000        401
  113.507372      73.312847      -0.0000000000000000       0.0000000000000000        401
  118.007446      73.593889      -0.0000000000000000       0.0000000000000000        401
  122.603554      73.840681      -0.0000000000000000       0.0000000000000000        401
  18.661824      57.297371      -0.0000000000000000       0.0000000000000000        302
  21.240074      57.687554      -0.0000000000000000       0.0000000000000000        302
  23.839110      58.091889      -0.0000000000000000       0.0000000000000000        302
  26.460659      58.509657      -1.9955663635441718      -0.2176849934852241        334
  29.106564      58.940101      -0.0000000000000000       0.0000000000000000        302
  31.778784      59.382420      -0.0000000000000000       0.0000000000000000        302
  34.479408      59.835769      -0.0000000000000000       0.0000000000000000        302
  37.210658      60.299256      -0.0000000000000000       0.0000000000000000        302
  39.974893      60.771940      -0.0000000000000000       0.0000000000000000        302
  42.774620      61.252829      -0.0000000000000000       0.0000000000000000        302
  45.612494      61.740874      -0.0000000000000000       0.0000000000000000        302
  48.491323      62.234971      -0.0000000000000000       0.0000000000000000        302
  51.414068      62.733951      -0.0000000000000000       0.0000000000000000        302
  54.383839      63.236583      -0.0000000000000000       0.0000000000000000        302
  57.403897      63.741565      -0.0000000000000000       0.0000000000000000        302
  60.477634      64.247523      -0.0000000000000000       0.0000000000000000        302
  63.608565      64.753004      -0.0000000000000000       0.0000000000000000        390
  66.800306      65.256475      -0.0000000000000000       0.0000000000000000        468
  70.056539      65.756320      -0.0000000000000000       0.0000000000000000        401
  73.380971      66.250832      -0.0000000000000000       0.0000000000000000        401
  76.777286      66.738214      -0.0000000000000000       0.0000000000000000        401
  80.249073      67.216581      -0.0000000000000000       0.0000000000000000        401
  83.799745      67.683952      -0.0000000000000000       0.0000000000000000        401
  87.432436      68.138263      -0.0000000000000000       0.0000000000000000        401
  91.149889      68.577361      -0.0000000000000000       0.0000000000000000        401
  94.954312      68.999024      -0.0000000000000000       0.0000000000000000        401
  98.847227      69.400965      -0.0000000000000000       0.0000000000000000        401
  102.829307      69.780853      -0.0000000000000000       0.0000000000000000        401
  106.900199      70.136335      -0.0000000000000000       0.0000000000000000        401
  111.058350      70.465067      -0.0000000000000000       0.0000000000000000        401
  115.300848      70.764743      -0.0000000000000000       0.0000000000000000        401
  119.623288      71.033139      -0.0000000000000000       0.0000000000000000        401
  124.019679      71.268152      -0.0000000000000000       0.0000000000000000        401
  19.863839      54.778077      -0.0000000000000000       0.0000000000000000        302
  22.500005      55.175090      -0.0000000000000000       0.0000000000000000        302
  25.156422      55.586162      -1.8607293102227835       0.3044591321994511        334
  27.834723      56.010518      -2.1365024622243016       0.3007267670638353        334
  30.536633      56.447340      -0.0000000000000000       0.0000000000000000        302
  33.263981      56.895766      -0.0000000000000000       0.0000000000000000        302
  36.018701      57.354887      -0.0000000000000000       0.0000000000000000        302
  38.802834      57.823746      -0.0000000000000000       0.0000000000000000        302
  41.618531      58.301338      -0.0000000000000000       0.0000000000000000        302
  44.468056      58.786605      -0.0000000000000000       0.0000000000000000        302
  47.353787      59.278432      -0.0000000000000000       0.0000000000000000        302
  50.278209      59.775650      -0.0000000000000000       0.0000000000000000        302
  53.243915      60.277029      -0.0000000000000000       0.0000000000000000        302
  56.253598      60.781275      -0.0000000000000000       0.0000000000000000        302
  59.310040      61.287030      -0.0000000000000000       0.0000000000000000        302
  62.416097      61.792867      -0.0000000000000000       0.0000000000000000        390
  65.574678      62.297289      -0.0000000000000000       0.0000000000000000        468
  68.788724      62.798724      -0.0000000000000000       0.0000000000000000        468
  72.061168      63.295528      -0.0000000000000000       0.0000000000000000        401
  75.394900      63.785980      -0.0000000000000000       0.0000000000000000        401
  78.792712      64.268282      -0.0000000000000000       0.0000000000000000        401
  82.257240      64.740566      -0.0000000000000000       0.0000000000000000        401
  85.790890      65.200888      -0.0000000000000000       0.0000000000000000        401
  89.395757      65.647241      -0.0000000000000000       0.0000000000000000        401
  93.073533      66.077559      -0.0000000000000000       0.0000000000000000        401
  96.825398      66.489730      -0.0000000000000000       0.0000000000000000        401
  100.651916      66.881604      -0.0000000000000000       0.0000000000000000        401
  104.552914      67.251020      -0.0000000000000000       0.0000000000000000        401
  108.527369      67.595821      -0.0000000000000000       0.0000000000000000        401
  112.573302      67.913880      -0.0000000000000000       0.0000000000000000        401
  116.687682      68.203133      -0.0000000000000000       0.0000000000000000        401
  120.866354      68.461610      -0.0000000000000000       0.0000000000000000        401
  125.104005      68.687471      -0.0000000000000000       0.0000000000000000        401
  20.924553      52.248297      -0.0000000000000000       0.0000000000000000        302
  23.610115      52.651180      -0.0000000000000000       0.0000000000000000        302
  26.315187      53.068012      -0.0000000000000000       0.0000000000000000        302
  29.041298      53.497965      -0.0000000000000000       0.0000000000000000        302
  31.790058      53.940168      -0.0000000000000000       0.0000000000000000        302
  34.563162      54.393702      -0.0000000000000000       0.0000000000000000        302
  37.362392      54.857605      -0.0000000000000000       0.0000000000000000        302
  40.189613      55.330863      -0.0000000000000000       0.0000000000000000        302
  43.046782      55.812415      -0.0000000000000000       0.0000000000000000        302
  45.935938      56.301147      -0.0000000000000000       0.0000000000000000        302
  48.859202      56.795892      -0.0000000000000000       0.0000000000000000        302
  51.818776      57.295427      -0.0000000000000000       0.0000000000000000        302
  54.816930      57.798470      -0.0000000000000000       0.0000000000000000        302
  57.855996      58.303683      -0.0000000000000000       0.0000000000000000        302
  60.938354      58.809663      -0.0000000000000000       0.0000000000000000        390
  64.066414      59.314948      -0.0000000000000000       0.0000000000000000        390
  67.242596      59.818008      -0.0000000000000000       0.0000000000000000        468
  70.469304      60.317253      -0.0000000000000000       0.0000000000000000        401
  73.748891      60.811023      -0.0000000000000000       0.0000000000000000        401
  77.083624      61.297596      -0.0000000000000000       0.0000000000000000        401
  80.475634      61.775190      -0.0000000000000000       0.0000000000000000        401
  83.926869      62.241959      -0.0000000000000000       0.0000000000000000        401
  87.439029      62.696007      -0.0000000000000000       0.0000000000000000        401
  91.013501      63.135388      -0.0000000000000000       0.0000000000000000        401
  94.651286      63.558117      -0.0000000000000000       0.0000000000000000        401
  98.352920      63.962182      -0.0000000000000000       0.0000000000000000        401
  102.118395      64.345559      -0.0000000000000000       0.0000000000000000        401
  105.947073      64.706228      -0.0000000000000000       0.0000000000000000        401
  109.837615      65.042191      -0.0000000000000000       0.0000000000000000        401
  113.787907      65.351501      -0.0000000000000000       0.0000000000000000        401
  117.795008      65.632280      -0.0000000000000000       0.0000000000000000        401
  121.855111      65.882755      -0.0000000000000000       0.0000000000000000        401
  125.963532      66.101281      -0.0000000000000000       0.0000000000000000      43102
  21.870580      49.710038      -0.0000000000000000       0.0000000000000000          0
  24.598785      50.118032      -0.0000000000000000       0.0000000000000000        302
  27.345624      50.539852      -0.0000000000000000       0.0000000000000000        302
  30.112525      50.974625      -0.0000000000000000       0.0000000000000000        302
  32.900985      51.421429      -0.0000000000000000       0.0000000000000000        302
  35.712570      51.879300      -0.0000000000000000       0.0000000000000000        302
  38.548916      52.347223      -0.0000000000000000       0.0000000000000000        302
  41.411728      52.824139      -0.0000000000000000       0.0000000000000000        302
  44.302781      53.308937      -0.0000000000000000       0.0000000000000000        302
  47.223912      53.800457      -0.0000000000000000       0.0000000000000000        302
  50.177016      54.297485      -0.0000000000000000       0.0000000000000000        302
  53.164044      54.798755      -0.0000000000000000       0.0000000000000000        302
  56.186988      55.302947      -0.0000000000000000       0.0000000000000000        302
  59.247874      55.808685      -0.0000000000000000       0.0000000000000000        302
  62.348747      56.314535      -0.0000000000000000       0.0000000000000000        390
  65.491652      56.819008      -0.0000000000000000       0.0000000000000000        468
  68.678612      57.320557      -0.0000000000000000       0.0000000000000000        468
  71.911606      57.817577      -0.0000000000000000       0.0000000000000000        401
  75.192536      58.308408      -0.0000000000000000       0.0000000000000000        401
  78.523194      58.791336      -0.0000000000000000       0.0000000000000000        401
  81.905220      59.264596      -0.0000000000000000       0.0000000000000000        401
  85.340059      59.726377      -0.0000000000000000       0.0000000000000000        401
  88.828910      60.174827      -0.0000000000000000       0.0000000000000000        401
  92.372672      60.608062      -0.0000000000000000       0.0000000000000000        401
  95.971889      61.024172      -0.0000000000000000       0.0000000000000000        401
  99.626686      61.421238      -0.0000000000000000       0.0000000000000000        401
  103.336714      61.797343      -0.0000000000000000       0.0000000000000000        401
  107.101087      62.150586      -0.0000000000000000       0.0000000000000000        401
  110.918334      62.479106      -0.0000000000000000       0.0000000000000000        401
  114.786351      62.781098      -0.0000000000000000       0.0000000000000000        401
  118.702371      63.054836      -0.0000000000000000       0.0000000000000000        401
  122.662943      63.298701      -0.0000000000000000       0.0000000000000000        401
  126.663934      63.511199      -0.0000000000000000       0.0000000000000000        401
  22.722469      47.164841      -0.0000000000000000       0.0000000000000000          0
  25.487892      47.577334      -0.0000000000000000       0.0000000000000000          0
  28.270990      48.003526      -0.0000000000000000       0.0000000000000000        302
  31.073094      48.442498      -0.0000000000000000       0.0000000000000000        302
  33.895591      48.893289      -0.0000000000000000       0.0000000000000000        302
  36.739925      49.354887      -1.8989756558947417      -0.3905867404389989        503
  39.607600      49.826238      -2.0485999634111325      -0.3497029081084613        503
  42.500174      50.306236      -2.1943245472437414      -0.3019636332606545        503
  45.419256      50.793732      -0.0000000000000000       0.0000000000000000        302
  48.366503      51.287523      -0.0000000000000000       0.0000000000000000        302
  51.343613      51.786360      -0.0000000000000000       0.0000000000000000        302
  54.352318      52.288940      -0.0000000000000000       0.0000000000000000        302
  57.394374      52.793910      -0.0000000000000000       0.0000000000000000        302
  60.471548      53.299867      -0.0000000000000000       0.0000000000000000        390
  63.585604      53.805354      -0.0000000000000000       0.0000000000000000        465
  66.738289      54.308863      -0.0000000000000000       0.0000000000000000        468
  69.931307      54.808835      -0.0000000000000000       0.0000000000000000        468
  73.166300      55.303661      -0.0000000000000000       0.0000000000000000        468
  76.444815      55.791686      -2.8784363858324515       1.5030951007032576        517
  79.768282      56.271209      -0.0000000000000000       0.0000000000000000        401
  83.137970      56.740488       0.2968903011960788      -0.1490870776520479          0
  86.554956      57.197746      -0.0000000000000000       0.0000000000000000        401
  90.020080      57.641177      -0.0000000000000000       0.0000000000000000        401
  93.533902      58.068954      -0.0000000000000000       0.0000000000000000        401
  97.096657      58.479239      -0.0000000000000000       0.0000000000000000        401
  100.708211      58.870193      -0.0000000000000000       0.0000000000000000        401
  104.368013      59.239992      -0.0000000000000000       0.0000000000000000        401
  108.075055      59.586841      -0.0000000000000000       0.0000000000000000        401
  111.827837      59.908990      -0.0000000000000000       0.0000000000000000        401
  115.624334      60.204755      -0.0000000000000000       0.0000000000000000        401
  119.461979      60.472532      -0.0000000000000000       0.0000000000000000        401
  123.337656      60.710828      -0.0000000000000000       0.0000000000000000        401
  127.247704      60.918269      -0.0000000000000000       0.0000000000000000        401
  23.496327      44.613908      -0.0000000000000000       0.0000000000000000        319
  26.294561      45.030402      -0.0000000000000000       0.0000000000000000          0
  29.109461      45.460465      -0.0000000000000000       0.0000000000000000        302
  31.942263      45.903138      -0.0000000000000000       0.0000000000000000        302
  34.794251      46.357420      -0.0000000000000000       0.0000000000000000        302
  37.666761      46.822261      -1.9478729333308422      -0.1815085680560926        503
  40.561173      47.296566      -2.0972351420334334      -0.1411803572533322        503
  43.478910      47.779196      -2.2423842204180611      -0.0941201210518805        503
  46.421435      48.268961      -2.3828772737766624      -0.0401216939711226        503
  49.390247      48.764626      -0.0000000000000000       0.0000000000000000        302
  52.386869      49.264910      -0.0000000000000000       0.0000000000000000        302
  55.412846      49.768480      -0.0000000000000000       0.0000000000000000        302
  58.469730      50.273959      -0.0000000000000000       0.0000000000000000        302
  61.559071      50.779920      -0.0000000000000000       0.0000000000000000        390
  64.682403      51.284888      -0.0000000000000000       0.0000000000000000        465
  67.841223      51.787345      -0.0000000000000000       0.0000000000000000        458
  71.036980      52.285726      -0.0000000000000000       0.0000000000000000        459
  74.271044      52.778422      -3.1640995795390987       0.2340008168411698        501
  77.544688      53.263787      -3.2845657676466975       0.3482517708045919        501
  80.859059      53.740135       4.3708233746860996      -1.7167870454773135        580
  84.215147      54.205751       4.0874384501752834      -1.9634513811704029        580
  87.613756      54.658891       3.7861799109229168      -2.1994739309896199        580
  91.055465      55.097795       3.4675333994884925      -2.4231633725726534        580
  94.540599      55.520688       1.3879220673470469      -1.1252430152217503          0
  98.069185      55.925796      -0.0000000000000000       0.0000000000000000        401
  101.640924      56.311355      -0.0000000000000000       0.0000000000000000        401
  105.255155      56.675623      -0.0000000000000000       0.0000000000000000        401
  108.910820      57.016893      -0.0000000000000000       0.0000000000000000        401
  112.606444      57.333513      -0.3321952202098822       0.1943554774416389          0
  116.340115      57.623897      -0.4427213227753001       0.2910261246702276          0
  120.109469      57.886547      -0.2405123108638401       0.1751240961565129          0
  123.911693      58.120070      -0.0335182029708069       0.0239923567492369          0
  127.743533      58.323192       0.0106222988905867      -0.0108730018653940          0
  24.204962      42.058189      -0.0000000000000000       0.0000000000000000        338
  27.032387      42.478276      -0.0000000000000000       0.0000000000000000        338
  29.875439      42.911800      -1.2117180975064916       0.1002147277111203        715
  32.735266      43.357766      -0.0000000000000000       0.0000000000000000        551
  35.613058      43.815137      -0.0000000000000000       0.0000000000000000        551
  38.510048      44.282827      -0.0000000000000000       0.0000000000000000        551
  41.427504      44.759708      -2.1409174672626330       0.0643359820998017        503
  44.366730      45.244607      -2.2854139775788420       0.1101928762078913        503
  47.329058      45.736303      -2.4249612059471062       0.1628255116038841        503
  50.315846      46.233531      -2.5590983568806389       0.2224114628288287        503
  53.328467      46.734982      -2.6873515136692427       0.2891059765162573        503
  56.368303      47.239300      -0.0000000000000000       0.0000000000000000        302
  59.436734      47.745086      -0.0000000000000000       0.0000000000000000        302
  62.535126      48.250896      -0.0000000000000000       0.0000000000000000        466
  65.664819      48.755244      -0.0000000000000000       0.0000000000000000        458
  68.827110      49.256603      -0.0000000000000000       0.0000000000000000        459
  72.023234      49.753406      -0.0000000000000000       0.0000000000000000        461
  75.254349      50.244050      -3.2013876351305774       0.4502069983290572        501
  78.521507      50.726898      -3.3184519606294618       0.5613029237313838        501
  81.825639      51.200285      -3.4258685855938333       0.6816354657090259        501
  85.167522      51.662519      -1.2607299789271036       0.9719112465882581        606
  88.547754      52.111892       3.7010098037739474      -1.9842638312571870        580
  91.966728      52.546684       3.3810227203474259      -2.1975826302720236        580
  95.424599      52.965173       3.0451579185822402      -2.3970701405597978        580
  98.921261      53.365642       1.5977121749894065      -1.4759585956902357          0
  102.456312      53.746391       0.3042860612554848       1.3413054608033688        606
  106.029033      54.105753      -0.0000000000000000       0.0000000000000000        401
  109.638366      54.442099      -0.9545982836174420       0.5051086742256874          0
  113.282891      54.753858      -1.7851094375364700       1.0612266038330467          0
  116.960820      55.039532      -1.2077522181457130       0.7906181003455367          0
  120.669984      55.297710      -0.6212333911576635       0.4402479782391721          0
  124.407842      55.527083      -0.1868960081109962       0.1349139076259648          0
  128.171489      55.726460       0.0744593487236047      -0.0737605156761735          0
  24.858691      39.498448      -0.0000000000000000       0.0000000000000000        521
  27.712305      39.921789      -0.0000000000000000       0.0000000000000000        521
  30.580491      40.358435      -0.0000000000000000       0.0000000000000000        521
  33.464317      40.807357      -1.2327903759390582       0.1723989665574841        715
  36.364886      41.267486      -1.2462912961066985       0.2094341111687968        715
  39.283336      41.737704      -0.0000000000000000       0.0000000000000000        551
  42.220834      42.216853      -0.0000000000000000       0.0000000000000000        551
  45.178576      42.703728      -2.3242814831675869       0.3109018310866856        503
  48.157780      43.197083      -2.4628555297709251       0.3616828852906986        503
  51.159679      43.695626      -2.5957507378444165       0.4192232230670061        503
  54.185514      44.198024      -2.7224954845505871       0.4836667353658213        503
  57.236529      44.702902      -2.8426077320484060       0.5551292867251894        503
  60.313955      45.208844      -2.9555952980505471       0.6336945091725760        503
  63.419004      45.714392      -0.0000000000000000       0.0000000000000000        466
  66.552854      46.218052      -0.0000000000000000       0.0000000000000000        458
  69.716635      46.718292      -0.0000000000000000       0.0000000000000000        459
  72.911411      47.213547      -3.1110079751160509       0.5608098595064515        501
  76.138166      47.702220       3.2457018022582567      -0.3632775926639904        591
  79.397780      48.182689       3.4089730411654706      -0.4641018263748446        591
  82.691012      48.653305      -3.4521331492930596       0.8827979520469893        501
  86.018477      49.112404      -3.5457375740233585       1.0076168570764770        501
  89.380622      49.558312      -0.8845251790252571       0.7760650342749386        606
  92.777701      49.989347      -0.5776083996337836       0.8621670266226373        606
  96.209754      50.403833       2.9673060101266620      -2.1484064774962919        580
  99.676585      50.800108       2.6170923825942491      -2.3232275571712129        580
  103.177733      51.176531      -1.0618786348615425       0.2191285471954777          0
  106.712461      51.531498      -2.3107581695056321       1.1730696296263148          0
  110.279732      51.863451      -3.6164234793437195       1.9656725466312488          0
  113.878202      52.170891      -2.5415788758244005       1.5148453146564056          0
  117.506207      52.452393      -1.4023302691431481       0.9035861787577566          0
  121.161762      52.706621      -0.6531367448897361       0.4425942420415877          0
  124.842569      52.932339      -0.1494771819405264       0.0887205305073649          0
  128.546025      53.128427       0.1730321436185141      -0.1684736762742387          0
  25.465922      36.935307      -1.1793306401025743       0.1073078150247906        715
  28.343214      37.361618      -1.2012684167987282       0.1386422859317265        715
  31.234019      37.801101      -1.2202589716622616       0.1713499808188302        715
  34.139328      38.252699      -1.2362156784288609       0.2054160327762752        715
  37.060164      38.715312      -0.0000000000000000       0.0000000000000000        522
  39.997580      39.187793      -0.0000000000000000       0.0000000000000000        522
  42.952652      39.668955      -0.0000000000000000       0.0000000000000000        526
  45.926479      40.157568      -0.0000000000000000       0.0000000000000000        526
  48.920177      40.652360      -2.4972622519080456       0.5563878955357433        503
  51.934870      41.152018      -2.6289256614043470       0.6114355366392876        503
  54.971685      41.655189      -2.7541976429666843       0.6731679644246875        503
  58.031745      42.160480      -2.8726031222934512       0.7416912036903249        503
  61.116154      42.666460      -2.9836599755604616       0.8170779545382600        503
  64.225995      43.171665      -0.0000000000000000       0.0000000000000000        467
  67.362309      43.674591      -0.0000000000000000       0.0000000000000000        466
  70.526088      44.173708      -0.0000000000000000       0.0000000000000000        459
  73.718257      44.667452      -3.1427273682702221       0.7668726460286077        501
  76.939659      45.154236      -3.2630977126028320       0.8614731129922655        501
  80.191037      45.632450      -3.3741302264251321       0.9646102235934226        501
  83.473017      46.100467      -3.4751902592146662       1.0761628720906460        501
  86.786088      46.556648      -3.5656446773534389       1.1959393572761940        501
  90.130583      46.999349      -3.6448672344135158       1.3236725146250850        501
  93.506659      47.426928      -3.7122448907066996       1.4590154278503102        501
  96.914274      47.837752      -3.7671850870664554       1.6015379258955107        501
  100.353176      48.230205      -3.8091239393795235       1.7507240894783842        501
  103.822876      48.602704       0.4286858226075796       0.7019738932748013        606
  107.322640      48.953699      -3.8519403719834671       2.0665889811179809        501
  110.851472      49.281695      -2.6243279062719074       1.3955275743078013          0
  114.408109      49.585256      -2.0187827283044504       1.1633107847461912          0
  117.991009      49.863024      -1.0985914575598288       0.6623908332517242          0
  121.598360      50.113726      -0.4232815186389487       0.2377299667982770          0
  125.228077      50.336189       0.0371105226417131      -0.0915247209193203          0
  128.877821      50.529352       0.3464808361979924      -0.3406331149196323          0
  26.033592      34.369276      -1.1838961238645027       0.1435587315534503        715
  28.932445      34.798317      -1.2053890133272236       0.1731934742021805        715
  31.843751      35.240399      -1.2238693579864139       0.2041722125244042        715
  34.768433      35.694438      -0.0000000000000000       0.0000000000000000          0
  37.707438      36.159304      -0.0000000000000000       0.0000000000000000          0
  40.661742      36.633826      -2.1023308327407957       0.6276788682364640        503
  43.632339      37.116791      -2.2498592145427092       0.6613446740344520        503
  46.620242      37.606944      -0.0000000000000000       0.0000000000000000        505
  49.626476      38.102992      -2.5287428189936163       0.7468332906777533        503
  52.652068      38.603602      -2.6591902548733843       0.7989899418144179        503
  55.698047      39.107404      -2.7830272485987955       0.8576025689946729        503
  58.765429      39.612990      -2.8997869366173434       0.9227702128050563        503
  61.855215      40.118920      -3.0089982747824333       0.9945578315890984        503
  64.968373      40.623720      -3.1101870670408958       1.0729923353278983        503
  68.105833      41.125885      -3.2028773732657196       1.1580585960967660        503
  71.268471      41.623882      -0.0000000000000000       0.0000000000000000        466
  74.457097      42.116155      -3.1712267652029995       0.9667573970791050        501
  77.672441      42.601126      -3.2890520619590484       1.0570712388860632        501
  80.915137      43.077200      -3.3973907599876512       1.1555503725001250        501
  84.185706      43.542769      -3.4956399121983894       1.2620626504648718        501
  87.484542      43.996220      -3.5832022816154510       1.3764075709455652        501
  90.811893      44.435938      -3.6594915180181879       1.4983122059819252        501
  94.167843      44.860318      -3.7239381398893658       1.6274277549418388        501
  97.552300      45.267766      -3.7759963080794168       1.7633269020631850        501
  100.964977      45.656713      -3.8151513435359563       1.9055021677775517        501
  104.405379      46.025622      -3.8409279018150104       2.0533654474806138        501
  107.872789      46.372998      -1.1681000966071897       0.4382748911997306          0
  111.366263      46.697399      -1.0759598273218083       0.4304500875654413          0
  114.884620      46.997447      -0.9566918632347605       0.4353957197938324          0
  118.426438      47.271840      -0.4871806224104286       0.1896212882360295          0
  121.990061      47.519362      -0.0190541720217106      -0.1124441569590211          0
  125.573600      47.738896       0.3295806016419371      -0.3736299988416749          0
  129.174944      47.929433       0.5690467285968266      -0.5701635851960749          0
  26.567483      31.800781      -1.1880838997436372       0.1783380692816465        715
  29.486100      32.232347      -1.2091446590662664       0.2061379986523277        715
  32.416115      32.676827      -1.2271323600434516       0.2352523771311474        715
  35.358384      33.133107      -1.2419666601092760       0.2656703972474048        715
  38.313790      33.600034      -0.0000000000000000       0.0000000000000000          0
  41.283234      34.076410      -0.0000000000000000       0.0000000000000000          0
  44.267640      34.561000      -0.0000000000000000       0.0000000000000000          0
  47.267942      35.052529      -0.0000000000000000       0.0000000000000000        505
  50.285082      35.549682      -0.0000000000000000       0.0000000000000000        505
  53.320007      36.051109      -0.0000000000000000       0.0000000000000000        505
  56.373657      36.555426      -0.0000000000000000       0.0000000000000000        505
  59.446959      37.061214      -2.9246124376759655       1.0983532769128415        503
  62.540820      37.567022      -3.0320562938023699       1.1661676858370633        503
  65.656115      38.071372      -3.1313130794124278       1.2403772107184592        503
  68.793678      38.572756      -0.0000000000000000       0.0000000000000000        301
  71.954291      39.069644      -0.0000000000000000       0.0000000000000000          0
  75.138670      39.560486      -0.0000000000000000       0.0000000000000000        467
  78.347451      40.043715      -3.3124842432946684       1.2461564819593809        501
  81.581183      40.517750      -3.4183073755430229       1.3395989612319703        501
  84.840305      40.981005      -3.5139462747676218       1.4407080490371136        501
  88.125137      41.431889      -3.5988373460132252       1.5492791503898551        501
  91.435864      41.868819      -3.6724311406585732       1.6650381935079537        501
  94.772523      42.290220      -3.7341979794868880       1.7876388822041955        501
  98.134987      42.694537      -3.7836342325475276       1.9166607533815243        501
  101.522953      43.080243      -3.8202691999772354       2.0516081998373830        501
  104.935931      43.445845       2.0679456297861236      -1.6277359677436123        457
  108.373237      43.789897       0.3471016574807399      -0.4451784407755651          0
  111.833981      44.111005       0.4537094341195287      -0.5708325470970261          0
  115.317065      44.407843       0.4798462746157177      -0.5772635080042570          0
  118.821182      44.679160       0.4396233974542333      -0.5329877633358935          0
  122.344819      44.923790       0.5441649515043543      -0.6016752247581902          0
  125.886260      45.140664       0.6866758774225397      -0.7197051811574934          0
  129.443601      45.328821       0.7479183563213887      -0.7768887192064053          0
  27.072467      29.230178      -1.1919500057111265       0.2116650039801628        715
  30.009313      29.664097      -1.2125900505570471       0.2375067664000783        715
  32.956507      30.110801      -1.2301007152614412       0.2646333576831704        715
  35.914846      30.569154      -1.2444050666115212       0.2930369445159015        715
  38.885148      31.037976      -0.0000000000000000       0.0000000000000000          0
  41.868254      31.516049      -0.0000000000000000       0.0000000000000000          0
  44.865017      32.002116      -0.0000000000000000       0.0000000000000000          0
  47.876303      32.494880      -0.0000000000000000       0.0000000000000000          0
  50.902985      32.993012      -0.0000000000000000       0.0000000000000000        505
  53.945934      33.495145      -0.0000000000000000       0.0000000000000000        505
  57.006013      33.999882      -0.0000000000000000       0.0000000000000000        505
  60.084074      34.505793      -0.0000000000000000       0.0000000000000000        505
  63.180944      35.011423      -0.0000000000000000       0.0000000000000000        506
  66.297418      35.515286      -3.1506061704394144       1.4015383650157867        503
  69.434250      36.015878      -0.0000000000000000       0.0000000000000000        301
  72.592142      36.511670      -0.0000000000000000       0.0000000000000000          0
  75.771733      37.001120      -0.0000000000000000       0.0000000000000000          0
  78.973587      37.482671      -0.0000000000000000       0.0000000000000000          0
  82.198181      37.954758      -3.4372716022289476       1.5168325758372787        501
  85.445892      38.415815      -3.5304736162004700       1.6122172354450317        501
  88.716984      38.864276      -3.6128828703738560       1.7147110950146314        501
  92.011599      39.298582      -3.6839841360138701       1.8240426930092828        501
  95.329737      39.717194      -3.7432842486708058       1.9398717551470324        501
  98.671254      40.118590      -0.0000000000000000       0.0000000000000000          0
  102.035845      40.501281      -0.0000000000000000       0.0000000000000000          0
  105.423037      40.863817       0.3203224059725057       0.0005162076965462          0
  108.832179      41.204793       0.9175631939921073      -0.5118581170723290          0
  112.262441      41.522863       0.9136694692221460      -0.5673951057363988          0
  115.712809      41.816746       0.8869419880590896      -0.6131552908986609          0
  119.182082      42.085237       0.8603045392793536      -0.6581515071686435          0
  122.668879      42.327215       0.8470981504650401      -0.6982124984182075          0
  126.171644      42.541655       0.8485113403544050      -0.7329696158822707          0
  129.688653      42.727635       0.8632786694640160      -0.7606457889854866          0
  27.552691      26.657771      -1.1955406707015881       0.2435469712525437        715
  30.506449      27.093894      -1.2157700464136822       0.2673178838979481        715
  33.469511      27.542676      -1.2328173848963233       0.2923441274017026        715
  36.442617      28.002956      -1.2466093019423150       0.3186214020219187        715
  39.426531      28.473533      -0.0000000000000000       0.0000000000000000          0
  42.422033      28.953168      -0.0000000000000000       0.0000000000000000          0
  45.429917      29.440584      -0.0000000000000000       0.0000000000000000          0
  48.450988      29.934466      -0.0000000000000000       0.0000000000000000          0
  51.486053      30.433469      -2.6097764666403758       1.2910389889482146        503
  54.535921      30.936214      -0.0000000000000000       0.0000000000000000        505
  57.601388      31.441291      -0.0000000000000000       0.0000000000000000        505
  60.683239      31.947262      -0.0000000000000000       0.0000000000000000        505
  63.782232      32.452666      -0.0000000000000000       0.0000000000000000      50601
  66.899095      32.956017      -0.0000000000000000       0.0000000000000000      50601
  70.034515      33.455808      -0.0000000000000000       0.0000000000000000          0
  73.189130      33.950517      -0.0000000000000000       0.0000000000000000          0
  76.363514      34.438610      -0.0000000000000000       0.0000000000000000          0
  79.558172      34.918541      -0.0000000000000000       0.0000000000000000          0
  82.773525      35.388762      -0.0000000000000000       0.0000000000000000          0
  86.009902      35.847723      -3.5455115770284356       1.7766377782303815        501
  89.267527      36.293884      -3.6256021013292941       1.8727841209325244        501
  92.546508      36.725712      -3.6943845975095075       1.9754365698944887        501
  95.846827      37.141696      -0.0000000000000000       0.0000000000000000          0
  99.168331      37.540350       1.4732462193755853      -0.1837442817395427        602
  102.510722      37.920220       1.4558526631809792      -0.2374596538047183        602
  105.873549      38.279893       1.0144758448188549      -0.1987911436150387          0
  109.256204      38.618006       1.2925321446838116      -0.3849278255076812          0
  112.657916      38.933254       1.2237740961235115      -0.4490926438469602          0
  116.077749      39.224397       1.1288588694922996      -0.5183877104916749          0
  119.514606      39.490272       1.0500464848557267      -0.5784336187116432          0
  122.967228      39.729799       1.0059513414612802      -0.6254108273190303          0
  126.434200      39.941993       0.9849903044389243      -0.6625400042939449          0
  129.913965      40.125968       0.9835145939465770      -0.6925269122740401          0
  28.011725      24.083822      -1.1988943869765811       0.2739821124981035        715
  30.981258      24.522020      -1.2187217713638185       0.2955793347919296        715
  33.959056      24.972753      -1.2353176746123216       0.3184026747995687        715
  36.945809      25.434836      -1.2486123823453896       0.3424518767612351        715
  39.942226      25.907049      -1.2585413884433514       0.3677164859614069        715
  42.949037      26.388130      -0.0000000000000000       0.0000000000000000          0
  45.966981      26.876785      -0.0000000000000000       0.0000000000000000          0
  48.996807      27.371685      -0.0000000000000000       0.0000000000000000          0
  52.039267      27.871468      -0.0000000000000000       0.0000000000000000          0
  55.095112      28.374744      -2.7591278405724524       1.5001173664245648        503
  58.165081      28.880093      -0.0000000000000000       0.0000000000000000        505
  61.249901      29.386070      -0.0000000000000000       0.0000000000000000        505
  64.350272      29.891210      -0.0000000000000000       0.0000000000000000      50601
  67.466866      30.394025      -0.0000000000000000       0.0000000000000000      50601
  70.600313      30.893012      -0.0000000000000000       0.0000000000000000          0
  73.751195      31.386652      -0.0000000000000000       0.0000000000000000          0
  76.920038      31.873420      -0.0000000000000000       0.0000000000000000          0
  80.107296      32.351782      -0.0000000000000000       0.0000000000000000          0
  83.313350      32.820206      -0.0000000000000000       0.0000000000000000          0
  86.538490      33.277161      -3.5592932495551208       1.9339634609637586        501
  89.782911      33.721129      -3.6372057298240437       2.0235211152041410        501
  93.046701      34.150603      -3.7038187388882937       2.1192693398058324        501
  96.329830      34.564100      -0.0000000000000000       0.0000000000000000          0
  99.632147      34.960166       1.4711308955045939      -0.1822460695646597        602
  102.953367      35.337380       1.3087501820114849      -0.2375317684046802          0
  106.293067      35.694365       1.4263724329387855      -0.2875214696682491          0
  109.650682      36.029796       1.3949176666254766      -0.3379808355823928          0
  113.025503      36.342404       1.3636925918209246      -0.3859366552443541          0
  116.416671      36.630990       1.3306408270569401      -0.4345098459882799          0
  119.823183      36.894428       1.2177928107900344      -0.5046866951502018          0
  123.243894      37.131676       1.1499033334608639      -0.5573114415106645          0
  126.677521      37.341783       1.1051345260430829      -0.5994286769009645          0
  130.122655      37.523897       1.0783132281948946      -0.6348763781308006          0
  28.452670      21.508556      -1.2020434878395687       0.3029612152131450        715
  31.436994      21.948721      -1.2214762100702332       0.3222910974355064        715
  34.428548      22.401295      -1.2376308319461733       0.3428183094963245        715
  37.427975      22.865075      -1.2504414169866422       0.3645471038449954        715
  40.435938      23.338817      -1.2598477293601409       0.3874713777782998        715
  43.453116      23.821246      -0.0000000000000000       0.0000000000000000          0
  46.480201      24.311047      -0.0000000000000000       0.0000000000000000          0
  49.517893      24.806877      -0.0000000000000000       0.0000000000000000          0
  52.566895      25.307362      -0.0000000000000000       0.0000000000000000          0
  55.627906      25.811100      -0.0000000000000000       0.0000000000000000          0
  58.701618      26.316662      -0.0000000000000000       0.0000000000000000      50602
  61.788704      26.822600      -0.0000000000000000       0.0000000000000000      50602
  64.889819      27.327443      -0.0000000000000000       0.0000000000000000      50602
  68.005584      27.829704      -0.0000000000000000       0.0000000000000000          0
  71.136584      28.327882      -0.0000000000000000       0.0000000000000000          0
  74.283356      28.820465      -0.0000000000000000       0.0000000000000000          0
  77.446382      29.305937      -0.0000000000000000       0.0000000000000000          0
  80.626083      29.782775      -0.0000000000000000       0.0000000000000000          0
  83.822803      30.249464      -0.0000000000000000       0.0000000000000000          0
  87.036808      30.704491      -0.0000000000000000       0.0000000000000000          0
  90.268271      31.146358      -3.6478643127482755       2.1669012703736561        501
  93.517267      31.573586      -3.7124364135795225       2.2555443681420404        502
  96.783765      31.984717       1.5635308186977757      -0.2455580098287879        603
  100.067620      32.378326       1.4690570837396946      -0.1790941790930677        602
  103.368566      32.753026       1.4563132049346719      -0.2635712638914199          0
  106.686213      33.107473       1.4156947778972071      -0.2926556844192038          0
  110.020041      33.440375       1.3838023397191686      -0.3308092074542015          0
  113.369399      33.750501       1.3528389252824209      -0.3714781887250930          0
  116.733505      34.036686       1.3200236440610627      -0.4142454162754130          0
  120.111445      34.297839       1.2822163087445062      -0.4595492985796014          0
  123.502178      34.532952       1.2360112840708248      -0.5047813611277510          0
  126.904544      34.741108       1.1806962112176236      -0.5480707933395440          0
  130.317268      34.921484       1.1273804281782578      -0.5896401255272691          0
  28.878254      18.932174      -1.2050153620784982       0.3304692616376510        715
  31.876513      19.374210      -1.2240594276696539       0.3474468295616817        715
  34.880970      19.828531      -1.2397812627057492       0.3655934910204474        715
  37.892225      20.293914      -1.2521188087472426       0.3849184273086035        715
  40.910897      20.769097      -1.2610161717853627       0.4054203158112791        715
  43.937622      21.252786      -0.0000000000000000       0.0000000000000000          0
  46.973049      21.743652      -1.6252167147398484       1.0115785343161054        710
  50.017833      22.240338      -0.0000000000000000       0.0000000000000000          0
  53.072633      22.741456      -0.0000000000000000       0.0000000000000000          0
  56.138106      23.245596      -0.0000000000000000       0.0000000000000000          0
  59.214899      23.751322      -0.0000000000000000       0.0000000000000000      50602
  62.303645      24.257180      -0.0000000000000000       0.0000000000000000      50602
  65.404954      24.761698      -0.0000000000000000       0.0000000000000000      50602
  68.519408      25.263389      -0.0000000000000000       0.0000000000000000          0
  71.647554      25.760755      -0.0000000000000000       0.0000000000000000          0
  74.789892      26.252292      -0.0000000000000000       0.0000000000000000          0
  77.946872      26.736491      -0.0000000000000000       0.0000000000000000          0
  81.118885      27.211845      -0.0000000000000000       0.0000000000000000          0
  84.306251      27.676851      -0.0000000000000000       0.0000000000000000          0
  87.509215      28.130016      -0.0000000000000000       0.0000000000000000          0
  90.727940      28.569864      -3.6577173819033924       2.3028710285511398        501
  93.962495      28.994937      -3.7203595070717941       2.3842305562044164        502
  97.212851      29.403806       1.5611325665244162      -0.2412680062738491        603
  100.478877      29.795073       1.5029089565922313      -0.2674366988075164      60401
  103.760330      30.167381       1.4480578949587635      -0.2720891793384279          0
  107.056853      30.519418       1.4065360574095411      -0.2923131592282630          0
  110.367974      30.849924       1.3753780233008150      -0.3212471036027267          0
  113.693099      31.157701       1.3454117607942164      -0.3553059381247360          0
  117.031519      31.441617       1.3133880182257616      -0.3928643705547302          0
  120.382406      31.700615       1.2762922258025213      -0.4336875797787519          0
  123.744816      31.933718       1.2309716732897387      -0.4759642628639725          0
  127.117701      32.140037       1.1801083068184719      -0.5166013209926951          0
  130.499908      32.318779      -0.0000000000000000       0.0000000000000000          0
  29.290897      16.354850      -1.2078333984187535       0.3564866703156987        715
  32.302346      16.798676      -1.2264935138187951       0.3710352145786723        715
  35.318962      17.254664      -1.2417894662098830       0.3867252858547644        715
  38.341305      17.721570      -1.2536631713421271       0.4035713736437101        715
  41.369955      18.198116      -1.2620631459757248       0.4215773185384759        715
  44.405508      18.682990      -0.0000000000000000       0.0000000000000000          0
  47.448575      19.174850      -0.0000000000000000       0.0000000000000000          0
  50.499771      19.672325      -2.0530581514595241       1.3362091739014859        710
  53.559717      20.174017      -0.0000000000000000       0.0000000000000000          0
  56.629033      20.678507      -0.0000000000000000       0.0000000000000000          0
  59.708327      21.184352      -0.0000000000000000       0.0000000000000000          0
  62.798197      21.690095      -0.0000000000000000       0.0000000000000000          0
  65.899218      22.194262      -0.0000000000000000       0.0000000000000000          0
  69.011939      22.695368      -0.0000000000000000       0.0000000000000000          0
  72.136874      23.191920      -0.0000000000000000       0.0000000000000000          0
  75.274496      23.682419      -0.0000000000000000       0.0000000000000000          0
  78.425228      24.165367      -0.0000000000000000       0.0000000000000000          0
  81.589438      24.639269      -0.0000000000000000       0.0000000000000000          0
  84.767430      25.102637      -0.0000000000000000       0.0000000000000000          0
  87.959438      25.553998      -0.0000000000000000       0.0000000000000000          0
  91.165615      25.991895      -0.0000000000000000       0.0000000000000000          0
  94.386033      26.414893      -0.0000000000000000       0.0000000000000000          0
  97.620672      26.821589       1.5587720134019594      -0.2352953433605156        603
  100.869416      27.210611       1.4966827313248148      -0.2315465475877557      60301
  104.132048      27.580632       1.4419791943747211      -0.2761920818059721      60406
  107.408250      27.930368       1.3971274053085769      -0.2866994198146729          0
  110.697593      28.258591       1.3695444185648400      -0.3080789216543867          0
  113.999544      28.564134       1.3419609801976786      -0.3364635315668261          0
  117.313461      28.845896       1.3112126496267871      -0.3696990284766462          0
  120.638596      29.102849       1.2738345165760208      -0.4075061997074929          0
  123.974101      29.334047       1.2290191374222244      -0.4468208800134204          0
  127.319027      29.538629      -7.0710051511100431       0.8746991485595641        675
  130.672337      29.715826      -7.1064410807749789       1.0759853824692220        684
  29.692780      13.776745      -1.2105177270601843       0.3809902936105993        701
  32.716767      14.222290      -1.2287973195233706       0.3930410398571975        715
  35.744889      14.679874      -1.2436727605188780       0.4062065310465280        715
  38.777671      15.148234      -1.2550900353844188       0.4205069049876605        715
  41.815655      15.626075      -0.0000000000000000       0.0000000000000000          0
  44.859402      16.112069      -0.0000000000000000       0.0000000000000000          0
  47.909487      16.604861      -0.0000000000000000       0.0000000000000000          0
  50.966494      17.103068      -1.1839635964883328       1.0509949165417443        709
  54.031008      17.605281      -1.1455396913995777       1.0732677989442414        709
  57.103616      18.110074      -1.1037251093089171       1.0959039686492944        709
  60.184897      18.615999      -0.0000000000000000       0.0000000000000000          0
  63.275416      19.121596      -0.0000000000000000       0.0000000000000000          0
  66.375719      19.625389      -0.0000000000000000       0.0000000000000000          0
  69.486329      20.125896      -0.0000000000000000       0.0000000000000000          0
  72.607734      20.621629      -0.0000000000000000       0.0000000000000000          0
  75.740384      21.111096      -0.0000000000000000       0.0000000000000000          0
  78.884683      21.592810      -0.0000000000000000       0.0000000000000000          0
  82.040984      22.065287      -0.0000000000000000       0.0000000000000000          0
  85.209579      22.527056      -0.0000000000000000       0.0000000000000000          0
  88.390693      22.976661      -0.0000000000000000       0.0000000000000000          0
  91.584483      23.412665      -0.0000000000000000       0.0000000000000000          0
  94.791022      23.833657      -0.0000000000000000       0.0000000000000000          0
  98.010305      24.238255       1.5564429645083471      -0.2277367089089337        603
  101.242235      24.625116       1.4906741255545917      -0.1941387577836402      60301
  104.486624      24.992938       1.4357492021544709      -0.2351349296310059      60405
  107.743191      25.340467       1.3831347289020453      -0.2728438737130581          0
  111.011554      25.666505       1.3674119802635001      -0.2895791849180707          0
  114.291237      25.969912       1.3439519768815227      -0.3137997195180554          0
  117.581664      26.249617       1.3141018985327884      -0.3443696614738672          0
  120.882164      26.504621       1.2742379160342852      -0.3808880062393150        612
  124.191975      26.734004      -0.0000000000000000       0.0000000000000000          0
  127.510246      26.936933      -7.0736783882082452       0.9493960157858028        801
  130.836044      27.112661      -7.1075486752092321       1.1328249502296872        801
  30.085885      11.198002      -1.2130858070877037       0.4039542182972476        701
  33.121840      11.645207      -1.2309870368997293       0.4134460596088320        701
  36.160897      12.104326      -1.2454458488959315       0.4240267629039989        715
  39.203544      12.574080      -1.2564123954022433       0.4357224168773144        715
  42.250292      13.053157      -0.0000000000000000       0.0000000000000000          0
  45.301670      13.540215      -1.2460010221872742       0.9962404110627657        709
  48.358223      14.033884      -1.2140034746737229       1.0150754460067908        709
  51.420502      14.532771      -1.1784822168913476       1.0345515927763942        709
  54.489067      15.035459      -1.1395121473391201       1.0545772297472611        709
  57.564474      15.540514      -0.0000000000000000       0.0000000000000000          0
  60.647277      16.046483      -0.0000000000000000       0.0000000000000000          0
  63.738014      16.551904      -0.0000000000000000       0.0000000000000000          0
  66.837211      17.055302      -0.0000000000000000       0.0000000000000000          0
  69.945365      17.555196      -0.0000000000000000       0.0000000000000000          0
  73.062946      18.050105      -0.0000000000000000       0.0000000000000000          0
  76.190387      18.538544      -0.0000000000000000       0.0000000000000000          0
  79.328080      19.019036      -0.0000000000000000       0.0000000000000000          0
  82.476364      19.490111      -0.0000000000000000       0.0000000000000000          0
  85.635527      19.950312      -0.0000000000000000       0.0000000000000000          0
  88.805793      20.398202      -0.0000000000000000       0.0000000000000000          0
  91.987320      20.832362      -0.0000000000000000       0.0000000000000000          0
  95.180193      21.251403      -0.0000000000000000       0.0000000000000000          0
  98.384421      21.653969       1.5541389322331187      -0.2186783090010050        603
  101.599931      22.038739       1.4848499174759398      -0.1553621869788164      60401
  104.826566      22.404439       1.4297247037383665      -0.1927011599756084        604
  108.064081      22.749842       1.3698577949743957      -0.2294625433990062      60405
  111.312144      23.073776       1.3796909148192760      -0.2570145260133294          0
  114.570331      23.375130       1.3525182826478246      -0.2855047002548616        612
  117.838133      23.652861       1.3139821413169848      -0.3187846739256662        612
  121.114951      23.905997      -0.0000000000000000       0.0000000000000000          0
  124.400105      24.133644      -0.0000000000000000       0.0000000000000000          0
  127.692833      24.334990      -7.0761574247359817       1.0197952601989173        801
  130.992303      24.509315      -7.1085517511106007       1.1853055155534156        801
  30.472041       8.618754      -1.2155528956189805       0.4253504044283488        701
  33.519468       9.067567      -1.2330766585400896       0.4322296816882896        701
  36.568955       9.528170      -1.2471212647603851       0.4401729545703957        712
  39.620960       9.999266      -0.0000000000000000       0.0000000000000000          0
  42.675965      10.479528      -1.2706606032762586       0.9660078866057205        709
  45.734471      10.967599      -1.2416836930206387       0.9816222401452457        709
  48.796995      11.462098      -1.2091244111441128       0.9980287328839346        709
  51.864064      11.961620      -1.1730554974838461       1.0151530816864121        709
  54.936210      12.464741      -0.0000000000000000       0.0000000000000000          0
  58.013969      12.970020      -0.0000000000000000       0.0000000000000000          0
  61.097870      13.476001      -0.0000000000000000       0.0000000000000000          0
  64.188433      13.981219      -0.0000000000000000       0.0000000000000000          0
  67.286162      14.484200      -0.0000000000000000       0.0000000000000000          0
  70.391541      14.983469      -0.0000000000000000       0.0000000000000000          0
  73.505023      15.477546      -0.0000000000000000       0.0000000000000000          0
  76.627030      15.964958      -0.0000000000000000       0.0000000000000000          0
  79.757943      16.444237      -0.0000000000000000       0.0000000000000000          0
  82.898098      16.913927      -0.0000000000000000       0.0000000000000000          0
  86.047780      17.372586      -0.0000000000000000       0.0000000000000000          0
  89.207216      17.818792      -0.0000000000000000       0.0000000000000000          0
  92.376572      18.251149      -0.0000000000000000       0.0000000000000000          0
  95.555945      18.668288      -0.0000000000000000       0.0000000000000000          0
  98.745363      19.068874       1.5518532288781250      -0.2081979074544666        603
  101.944779      19.451613       1.4791801224579681      -0.1153568693468810      60401
  105.154067      19.815255       1.4238730880683890      -0.1490349033022751        604
  108.373021      20.158599       1.3639133382929660      -0.1822516980898216        604
  111.601355      20.480499      -0.0000000000000000       0.0000000000000000          0
  114.838702      20.779873       1.3495176442020904      -0.2615995667711842        612
  118.084611      21.055701      -0.0000000000000000       0.0000000000000000          0
  121.338556      21.307037      -6.9478362946583019       0.8043174033604980        801
  124.599933      21.533012      -7.0244856150616126       0.9425300922675971        801
  127.868067      21.732838      -7.0784690335430884       1.0858975635498953        801
  131.142214      21.905814      -7.1094643891655371       1.2334465710965532        801
  30.852960       6.039126      -1.2179324252955399       0.4451491885932470        701
  33.911421       6.489505      -1.2350783435235517       0.4493695075970124        712
  36.970894       6.951547      -1.2487097224378458       0.4546300951485333        712
  40.031808       7.423941      -0.0000000000000000       0.0000000000000000          0
  43.094618       7.905343      -1.2669062991454503       0.9510772279392258        709
  46.159800       8.394384      -1.2373718802328331       0.9641642552847138        709
  49.227847       8.889670      -1.2042644243228746       0.9781183052978534        709
  52.299264       9.389787      -0.0000000000000000       0.0000000000000000          0
  55.374564       9.893303      -0.0000000000000000       0.0000000000000000          0
  58.454262      10.398771      -0.0000000000000000       0.0000000000000000          0
  61.538870      10.904733      -0.0000000000000000       0.0000000000000000          0
  64.628891      11.409722      -0.0000000000000000       0.0000000000000000          0
  67.724816      11.912267      -0.0000000000000000       0.0000000000000000          0
  70.827115      12.410894      -0.0000000000000000       0.0000000000000000          0
  73.936233      12.904132      -0.0000000000000000       0.0000000000000000          0
  77.052583      13.390515      -0.0000000000000000       0.0000000000000000          0
  80.176543      13.868586      -0.0000000000000000       0.0000000000000000          0
  83.308446      14.336902      -0.0000000000000000       0.0000000000000000          0
  86.448580      14.794037      -0.0000000000000000       0.0000000000000000          0
  89.597179      15.238586      -0.0000000000000000       0.0000000000000000          0
  92.754418      15.669172      -0.0000000000000000       0.0000000000000000          0
  95.920413      16.084447      -0.0000000000000000       0.0000000000000000          0
  99.095211      16.483099       1.5495790066912696      -0.1963664049776095      60302
  102.278793      16.863856       1.4736373734632480      -0.0742555650375043      60402
  105.471065      17.225493       1.4181648182216495      -0.1042736020945221        604
  108.671862      17.566835       1.3581254623549697      -0.1339503536791638        604
  111.880944      17.886761       1.3809390010209697      -0.2098712072509788        612
  115.097995      18.184212      -0.0000000000000000       0.0000000000000000          0
  118.322628      18.458197      -0.0000000000000000       0.0000000000000000          0
  121.554381      18.707792      -6.9536071426656516       0.9013248400065971        801
  124.792725      18.932151      -7.0283064111850830       1.0220756906826831        801
  128.037064      19.130509      -7.0806356585891681       1.1476880693235958        801
  131.286742      19.302182      -7.1102981719427296       1.2772552100912142        801
  31.230264       3.459235      -1.2202363100062281       0.4633196706363800        701
  34.299381       3.911144      -1.2370027101387799       0.4648417471981312        712
  37.368447       4.374590      -1.2502203938146961       0.4673816345091242        712
  40.437868       4.848243      -0.0000000000000000       0.0000000000000000          0
  43.508076       5.330747      -1.2631321945956342       0.9333858762405649        709
  46.579524       5.820718      -1.2330500395228225       0.9439250585119829        709
  49.652685       6.316754      -0.0000000000000000       0.0000000000000000          0
  52.728046       6.817429      -0.0000000000000000       0.0000000000000000          0
  55.806104       7.321305      -0.0000000000000000       0.0000000000000000          0
  58.887357       7.826931      -0.0000000000000000       0.0000000000000000          0
  61.972303       8.332845      -0.0000000000000000       0.0000000000000000          0
  65.061436       8.837580      -0.0000000000000000       0.0000000000000000          0
  68.155234       9.339667      -0.0000000000000000       0.0000000000000000          0
  71.254160       9.837637      -0.0000000000000000       0.0000000000000000          0
  74.358652      10.330025      -0.0000000000000000       0.0000000000000000          0
  77.469122      10.815374      -0.0000000000000000       0.0000000000000000          0
  80.585946      11.292238      -0.0000000000000000       0.0000000000000000          0
  83.709460      11.759188      -0.0000000000000000       0.0000000000000000          0
  86.839957      12.214812      -0.0000000000000000       0.0000000000000000          0
  89.977682      12.657724      -0.0000000000000000       0.0000000000000000          0
  93.122824      13.086564      -0.0000000000000000       0.0000000000000000          0
  96.275517      13.500005      -0.0000000000000000       0.0000000000000000          0
  99.435831      13.896758       1.4804268804494305      -0.0934084413091076        647
  102.603777      14.275573       1.4681963910841542      -0.0321849297163620      60402
  105.779294      14.635249       1.4125728181686188      -0.0585491083952071      60402
  108.962258      14.974635       1.3524657429382803      -0.0846949267148599        604
  112.152474      15.292635      -0.0000000000000000       0.0000000000000000          0
  115.349680      15.588214      -0.5401466050048021      -8.7691823996649099        669
  118.553544      15.860405       1.3049707601223672      -0.2336255592279032        613
  121.763671      16.108307      -6.9591090127285353       0.9940218122244631        801
  124.979601      16.331097      -7.0319340169870310       1.0972903014558359        801
  128.200814      16.528029      -7.0826762635621741       1.2051400818723286        801
  131.426738      16.698441      -7.1110626755544972       1.3167293542297820        801
  31.605518       0.879196      -1.2224751937883556       0.4798299972764105        701
  34.684958       1.332606      -1.2388590702501199       0.4786215235028721        712
  37.763272       1.797423      -1.2516611257119874       0.4784098112032366        712
  40.840841       2.272304      -0.0000000000000000       0.0000000000000000          0
  43.918078       2.755877      -1.2593246750367262       0.9129862736230607        709
  46.995418       3.246746      -0.0000000000000000       0.0000000000000000          0
  50.073317       3.743496      -0.0000000000000000       0.0000000000000000          0
  53.152247       4.244697      -0.0000000000000000       0.0000000000000000          0
  56.232691       4.748902      -0.0000000000000000       0.0000000000000000          0
  59.315136       5.254655      -0.0000000000000000       0.0000000000000000          0
  62.400071       5.760493      -0.0000000000000000       0.0000000000000000          0
  65.487980       6.264950      -0.0000000000000000       0.0000000000000000          0
  68.579337       6.766558      -0.0000000000000000       0.0000000000000000          0
  71.674599       7.263853      -0.0000000000000000       0.0000000000000000          0
  74.774205       7.755378      -0.0000000000000000       0.0000000000000000          0
  77.878564       8.239685      -0.0000000000000000       0.0000000000000000          0
  80.988056       8.715339      -0.0000000000000000       0.0000000000000000          0
  84.103026       9.180925      -0.0000000000000000       0.0000000000000000          0
  87.223774       9.635045      -0.0000000000000000       0.0000000000000000          0
  90.350557      10.076332      -0.0000000000000000       0.0000000000000000          0
  93.483584      10.503444      -0.0000000000000000       0.0000000000000000          0
  96.623006      10.915075       1.5644067636101928      -0.1501881747109613      60302
  99.768922      11.309955       1.4788477704898535      -0.0836143305839195        647
  102.921369      11.686860       1.4614358826215250      -0.1017426020817059      64701
  106.080326      12.044610       1.4070719478569973      -0.0119884975016825      60402
  109.245705      12.382076       1.3469079580850392      -0.0346175548343946      60402
  112.417359      12.698189       1.3755112692468821      -0.1634946393167995        613
  115.595076      12.991937       1.3409015491913616      -0.1833235061601505        613
  118.778582      13.262374      -6.8718905949189457       1.0015580472453607        801
  121.967543      13.508624      -6.9643791909075992       1.0823156012072719        801
  125.161567      13.729883      -7.0353944319841704       1.1681103296726099        801
  128.360207      13.925426      -7.0846069899076323       1.2582179920274690        801
  131.562966      14.094608      -7.1117658456268797       1.3518602937093076        801
  31.980254      -1.700881      -1.2246586541534323       0.4946475514162750        701
  35.069729      -1.245993      -1.2406556163889577       0.4906830778563569        712
  38.156982      -0.779828      -1.2530386088198815       0.4876958754611611        713
  41.242378      -0.303746      -1.2617803073959577       0.4857450983156094        713
  44.326309       0.180866      -0.0000000000000000       0.0000000000000000          0
  47.409197       0.672603      -0.0000000000000000       0.0000000000000000          0
  50.491483       1.170039      -0.0000000000000000       0.0000000000000000          0
  53.573628       1.671735      -0.0000000000000000       0.0000000000000000          0
  56.656105       2.176238      -0.0000000000000000       0.0000000000000000          0
  59.739394       2.682089      -0.0000000000000000       0.0000000000000000          0
  62.823978       3.187825      -0.0000000000000000       0.0000000000000000          0
  65.910336       3.691978      -0.0000000000000000       0.0000000000000000          0
  68.998940       4.193085      -0.0000000000000000       0.0000000000000000          0
  72.090248       4.689687      -0.0000000000000000       0.0000000000000000          0
  75.184698       5.180333      -0.0000000000000000       0.0000000000000000          0
  78.282705       5.663586      -0.0000000000000000       0.0000000000000000          0
  81.384656       6.138023      -0.0000000000000000       0.0000000000000000          0
  84.490904       6.602241      -0.0000000000000000       0.0000000000000000          0
  87.601763       7.054861      -0.0000000000000000       0.0000000000000000          0
  90.717506       7.494529      -0.0000000000000000       0.0000000000000000          0
  93.838358       7.919924      -0.0000000000000000       0.0000000000000000          0
  96.964497       8.329759       1.4905769132174114      -0.0592108897831942      67352
  100.096046       8.722787       1.4772482977843959      -0.0728619237412012      67301
  103.233076       9.097804       1.4594729675100673      -0.0873854583406191      64701
  106.375600       9.453653       1.4372810420088031      -0.1026424929412040      64701
  109.523572       9.789230       1.3414275882562614       0.0161533724544679      60402
  112.676889      10.103486       1.3728418993924811      -0.1388839131425650      61404
  115.835391      10.395434      -4.4139455750921233      -6.8379768456991954        670
  118.998857      10.664150      -0.0000000000000000       0.0000000000000000          0
  122.167015      10.908779      -0.0000000000000000       0.0000000000000000          0
  125.339537      11.128538      -7.0387102260855228       1.2344638289532524        801
  128.516046      11.322721      -7.0864416716186236       1.3068795935379820        801
  131.696117      11.490700      -7.1124142865686339       1.3826346864290913        801
  32.355994      -4.280885      -1.2267953682590773       0.5077390519074130        701
  35.455254      -3.824535      -1.2423995696933869       0.5009998815516161        701
  38.551176      -3.357042      -1.2543585059666142       0.4952202146740541        713
  41.644107      -2.879782      -1.2626497694533758       0.4904662454905439        713
  44.734425      -2.394153      -0.0000000000000000       0.0000000000000000          0
  47.822539      -1.901575      -0.0000000000000000       0.0000000000000000          0
  50.908881      -1.403480      -0.0000000000000000       0.0000000000000000          0
  53.993905      -0.901318      -0.0000000000000000       0.0000000000000000          0
  57.078076      -0.396544      -0.0000000000000000       0.0000000000000000          0
  60.161870       0.109378      -0.0000000000000000       0.0000000000000000          0
  63.245769       0.614984      -0.0000000000000000       0.0000000000000000          0
  66.330250       1.118808      -0.0000000000000000       0.0000000000000000          0
  69.415788       1.619390      -0.0000000000000000       0.0000000000000000          0
  72.502842       2.115277      -0.0000000000000000       0.0000000000000000          0
  75.591857       2.605026      -0.0000000000000000       0.0000000000000000          0
  78.683256       3.087210      -0.0000000000000000       0.0000000000000000          0
  81.777435       3.560418      -0.0000000000000000       0.0000000000000000          0
  84.874760       4.023261      -0.0000000000000000       0.0000000000000000          0
  87.975560       4.474376      -0.0000000000000000       0.0000000000000000          0
  91.080126       4.912425      -0.0000000000000000       0.0000000000000000          0
  94.188706       5.336107      -0.0000000000000000       0.0000000000000000          0
  97.301501       5.744155      -0.0000000000000000       0.0000000000000000          0
  100.418666       6.135343       1.4756236866378418      -0.0611931741118551      67301
  103.540301       6.508487       1.4574960073481420      -0.0721253062072763      64701
  106.666457       6.862454       1.4350073789846973      -0.0838209002417950      64701
  109.797130       7.196161       1.4082061061125333      -0.0961423527707045        735
  112.932261       7.508584      -0.0000000000000000       0.0000000000000000          0
  116.071740       7.798756      -0.0000000000000000       0.0000000000000000          0
  119.215400       8.065775      -0.0000000000000000       0.0000000000000000          0
  122.363027       8.308808      -0.0000000000000000       0.0000000000000000          0
  125.514355       8.527091      -7.0419011591515117       1.2962725541226119        801
  128.669074       8.719936      -7.0881922410632541       1.3510779108430737        801
  131.826830       8.886732      -7.1130134848877091       1.4090361240377296        801
>