>anchorPlateId 301
>reconstructionTime 111
>DeformingMeshPoints.gpml lat_lon_velocity_domain_28_32.gpml
>MeshNode <identity>GPlates-b7a3af0e-8119-4abb-9ae6-39bb7e5702ce</identity> <revision>GPlates-7b04c5e6-7801-49f1-bcc4-23d6f4e5417f</revision>
> reconstructionPlateId 0
> validTime TimePeriod <begin> TimeInstant <timePosition>http://gplates.org/times/distantPast</timePosition></begin> <end> TimeInstant <timePosition>http://gplates.org/times/distantFuture</timePosition></end>
  51.339926      73.452989      -0.0000000000000000       0.0000000000000000        302
  54.525817      73.367221      -0.0000000000000000       0.0000000000000000        373
  57.695402      73.280560      -0.0000000000000000       0.0000000000000000        372
  60.848799      73.193273      -0.0000000000000000       0.0000000000000000        372
  63.986176      73.105629      -0.0000000000000000       0.0000000000000000        372
  67.107748      73.017890      -0.0000000000000000       0.0000000000000000        372
  70.213771      72.930317      -0.0000000000000000       0.0000000000000000        372
  73.304542      72.843165      -0.0000000000000000       0.0000000000000000        401
  76.380395      72.756686      -0.0000000000000000       0.0000000000000000        401
  79.441693      72.671126      -0.0000000000000000       0.0000000000000000        401
  82.488832      72.586722      -0.0000000000000000       0.0000000000000000        401
  85.522233      72.503709      -0.0000000000000000       0.0000000000000000        401
  88.542339      72.422312      -0.0000000000000000       0.0000000000000000        401
  91.549616      72.342749      -0.0000000000000000       0.0000000000000000        401
  94.544548      72.265233      -0.0000000000000000       0.0000000000000000        401
  97.527635      72.189965      -0.0000000000000000       0.0000000000000000        401
  100.499390      72.117142      -0.0000000000000000       0.0000000000000000        401
  103.460341      72.046948      -0.0000000000000000       0.0000000000000000        401
  106.411025      71.979563      -0.0000000000000000       0.0000000000000000        401
  109.351986      71.915155      -0.0000000000000000       0.0000000000000000        401
  112.283780      71.853883      -0.0000000000000000       0.0000000000000000        401
  115.206965      71.795899      -0.0000000000000000       0.0000000000000000        401
  118.122108      71.741344      -0.0000000000000000       0.0000000000000000        401
  121.029778      71.690350      -0.0000000000000000       0.0000000000000000        401
  123.930548      71.643038      -0.0000000000000000       0.0000000000000000        401
  126.824994      71.599523      -0.0000000000000000       0.0000000000000000        401
  129.713695      71.559907      -0.0000000000000000       0.0000000000000000          0
  132.597232      71.524283      -0.0000000000000000       0.0000000000000000      43101
  135.476185      71.492734      -0.0000000000000000       0.0000000000000000          0
  138.351138      71.465334      -0.0000000000000000       0.0000000000000000          0
  141.222673      71.442147      -0.0000000000000000       0.0000000000000000          0
  144.091375      71.423227       0.2113038096891899      -0.0212924565337165      42201
  146.957827      71.408616       0.2585833713357278      -0.0332125763856840      42201
  50.598563      70.855713      -0.0000000000000000       0.0000000000000000        302
  53.778714      70.770193      -0.0000000000000000       0.0000000000000000        373
  56.944970      70.683718      -0.0000000000000000       0.0000000000000000        373
  60.097391      70.596556      -0.0000000000000000       0.0000000000000000        372
  63.236084      70.508973      -0.0000000000000000       0.0000000000000000        372
  66.361197      70.421233      -0.0000000000000000       0.0000000000000000        372
  69.472913      70.333597      -0.0000000000000000       0.0000000000000000        372
  72.571454      70.246322      -0.0000000000000000       0.0000000000000000        401
  75.657073      70.159661      -0.0000000000000000       0.0000000000000000        401
  78.730055      70.073864      -0.0000000000000000       0.0000000000000000        401
  81.790712      69.989172      -0.0000000000000000       0.0000000000000000        401
  84.839380      69.905822      -0.0000000000000000       0.0000000000000000        401
  87.876421      69.824045      -0.0000000000000000       0.0000000000000000        401
  90.902217      69.744064      -0.0000000000000000       0.0000000000000000        401
  93.917167      69.666095      -0.0000000000000000       0.0000000000000000        401
  96.921688      69.590347      -0.0000000000000000       0.0000000000000000        401
  99.916215      69.517019      -0.0000000000000000       0.0000000000000000        401
  102.901192      69.446305      -0.0000000000000000       0.0000000000000000        401
  105.877078      69.378386      -0.0000000000000000       0.0000000000000000        401
  108.844340      69.313439      -0.0000000000000000       0.0000000000000000        401
  111.803457      69.251628      -0.0000000000000000       0.0000000000000000        401
  114.754915      69.193110      -0.0000000000000000       0.0000000000000000        401
  117.699205      69.138032      -0.0000000000000000       0.0000000000000000        401
  120.636827      69.086531      -0.0000000000000000       0.0000000000000000        401
  123.568285      69.038734      -0.0000000000000000       0.0000000000000000        401
  126.494086      68.994758      -0.0000000000000000       0.0000000000000000      43102
  129.414743      68.954712      -0.0000000000000000       0.0000000000000000      43101
  132.330771      68.918693      -0.0000000000000000       0.0000000000000000      43101
  135.242688      68.886787      -0.0000000000000000       0.0000000000000000      43202
  138.151013      68.859073      -0.0000000000000000       0.0000000000000000      43202
  141.056269      68.835615      -0.0000000000000000       0.0000000000000000      43200
  143.958977      68.816471      -0.0000000000000000       0.0000000000000000      43200
  146.859664      68.801687      -0.0000000000000000       0.0000000000000000      43205
  50.028622      68.256152      -0.0000000000000000       0.0000000000000000        302
  53.203614      68.170833      -0.0000000000000000       0.0000000000000000        302
  56.366556      68.084512      -0.0000000000000000       0.0000000000000000        302
  59.517479      67.997456      -0.0000000000000000       0.0000000000000000        302
  62.656448      67.909931      -0.0000000000000000       0.0000000000000000        302
  65.783567      67.822200      -0.0000000000000000       0.0000000000000000        302
  68.898973      67.734525      -0.0000000000000000       0.0000000000000000        390
  72.002837      67.647164      -0.0000000000000000       0.0000000000000000        401
  75.095359      67.560372      -0.0000000000000000       0.0000000000000000        401
  78.176765      67.474400      -0.0000000000000000       0.0000000000000000        401
  81.247310      67.389493      -0.0000000000000000       0.0000000000000000        401
  84.307271      67.305889      -0.0000000000000000       0.0000000000000000        401
  87.356949      67.223824      -0.0000000000000000       0.0000000000000000        401
  90.396664      67.143524      -0.0000000000000000       0.0000000000000000        401
  93.426753      67.065208      -0.0000000000000000       0.0000000000000000        401
  96.447574      66.989089      -0.0000000000000000       0.0000000000000000        401
  99.459495      66.915373      -0.0000000000000000       0.0000000000000000        401
  102.462902      66.844255      -0.0000000000000000       0.0000000000000000        401
  105.458191      66.775923      -0.0000000000000000       0.0000000000000000        401
  108.445770      66.710556      -0.0000000000000000       0.0000000000000000        401
  111.426057      66.648325      -0.0000000000000000       0.0000000000000000        401
  114.399478      66.589391      -0.0000000000000000       0.0000000000000000        401
  117.366468      66.533903      -0.0000000000000000       0.0000000000000000        401
  120.327468      66.482005      -0.0000000000000000       0.0000000000000000        401
  123.282925      66.433826      -0.0000000000000000       0.0000000000000000        401
  126.233291      66.389489      -0.0000000000000000       0.0000000000000000      43102
  129.179023      66.349105      -0.0000000000000000       0.0000000000000000      43101
  132.120583      66.312775      -0.0000000000000000       0.0000000000000000      43101
  135.058434      66.280588      -0.0000000000000000       0.0000000000000000      43101
  137.993043      66.252625      -0.0000000000000000       0.0000000000000000      43202
  140.924881      66.228954      -0.0000000000000000       0.0000000000000000      43200
  143.854418      66.209634      -0.0000000000000000       0.0000000000000000      43200
  146.782127      66.194712      -0.0000000000000000       0.0000000000000000      43200
  49.575210      65.655039      -0.0000000000000000       0.0000000000000000        302
  52.745634      65.569885      -0.0000000000000000       0.0000000000000000        302
  55.905472      65.483693      -0.0000000000000000       0.0000000000000000        302
  59.054733      65.396729      -0.0000000000000000       0.0000000000000000        302
  62.193459      65.309256      -0.0000000000000000       0.0000000000000000        302
  65.321722      65.221539      -0.0000000000000000       0.0000000000000000        390
  68.439629      65.133839      -0.0000000000000000       0.0000000000000000        468
  71.547313      65.046416      -0.0000000000000000       0.0000000000000000        401
  74.644936      64.959525      -0.0000000000000000       0.0000000000000000        401
  77.732685      64.873419      -0.0000000000000000       0.0000000000000000        401
  80.810770      64.788344      -0.0000000000000000       0.0000000000000000        401
  83.879425      64.704542      -0.0000000000000000       0.0000000000000000        401
  86.938905      64.622250      -0.0000000000000000       0.0000000000000000        401
  89.989482      64.541697      -0.0000000000000000       0.0000000000000000        401
  93.031448      64.463106      -0.0000000000000000       0.0000000000000000        401
  96.065109      64.386693      -0.0000000000000000       0.0000000000000000        401
  99.090789      64.312666      -0.0000000000000000       0.0000000000000000        401
  102.108823      64.241225      -0.0000000000000000       0.0000000000000000        401
  105.119558      64.172562      -0.0000000000000000       0.0000000000000000        401
  108.123355      64.106859      -0.0000000000000000       0.0000000000000000        401
  111.120582      64.044290      -0.0000000000000000       0.0000000000000000        401
  114.111617      63.985019      -0.0000000000000000       0.0000000000000000        401
  117.096847      63.929202      -0.0000000000000000       0.0000000000000000        401
  120.076666      63.876983      -0.0000000000000000       0.0000000000000000        401
  123.051474      63.828496      -0.0000000000000000       0.0000000000000000        401
  126.021675      63.783867      -0.0000000000000000       0.0000000000000000        401
  128.987682      63.743209      -0.0000000000000000       0.0000000000000000        401
  131.949908      63.706627      -0.0000000000000000       0.0000000000000000        401
  134.908773      63.674212      -0.0000000000000000       0.0000000000000000      43101
  137.864699      63.646047      -0.0000000000000000       0.0000000000000000      43101
  140.818110      63.622203      -0.0000000000000000       0.0000000000000000      43101
  143.769434      63.602740      -0.0000000000000000       0.0000000000000000      43101
  146.719098      63.587706      -0.0000000000000000       0.0000000000000000      43202
  49.204554      63.052825      -0.0000000000000000       0.0000000000000000        302
  52.370940      62.967810      -0.0000000000000000       0.0000000000000000        302
  55.527932      62.881728      -0.0000000000000000       0.0000000000000000        302
  58.675525      62.794842      -0.0000000000000000       0.0000000000000000        302
  61.813743      62.707417      -0.0000000000000000       0.0000000000000000        390
  64.942641      62.619715      -0.0000000000000000       0.0000000000000000        390
  68.062300      62.531999      -0.0000000000000000       0.0000000000000000        468
  71.172829      62.444529      -0.0000000000000000       0.0000000000000000        401
  74.274359      62.357561      -0.0000000000000000       0.0000000000000000        401
  77.367049      62.271348      -0.0000000000000000       0.0000000000000000        401
  80.451076      62.186139      -0.0000000000000000       0.0000000000000000        401
  83.526639      62.102177      -0.0000000000000000       0.0000000000000000        401
  86.593958      62.019701      -0.0000000000000000       0.0000000000000000        401
  89.653268      61.938943      -0.0000000000000000       0.0000000000000000        401
  92.704825      61.860128      -0.0000000000000000       0.0000000000000000        401
  95.748896      61.783474      -0.0000000000000000       0.0000000000000000        401
  98.785764      61.709193      -0.0000000000000000       0.0000000000000000        401
  101.815727      61.637487      -0.0000000000000000       0.0000000000000000        401
  104.839092      61.568551      -0.0000000000000000       0.0000000000000000        401
  107.856178      61.502571      -0.0000000000000000       0.0000000000000000        401
  110.867316      61.439723      -0.0000000000000000       0.0000000000000000        401
  113.872842      61.380176      -0.0000000000000000       0.0000000000000000        401
  116.873103      61.324085      -0.0000000000000000       0.0000000000000000        401
  119.868453      61.271601      -0.0000000000000000       0.0000000000000000        401
  122.859253      61.222859      -0.0000000000000000       0.0000000000000000        401
  125.845867      61.177987      -0.0000000000000000       0.0000000000000000        401
  128.828667      61.137103      -0.0000000000000000       0.0000000000000000        401
  131.808029      61.100311      -0.0000000000000000       0.0000000000000000        401
  134.784332      61.067707      -0.0000000000000000       0.0000000000000000        401
  137.757959      61.039374      -0.0000000000000000       0.0000000000000000      43101
  140.729296      61.015386      -0.0000000000000000       0.0000000000000000      43101
  143.698731      60.995804      -0.0000000000000000       0.0000000000000000      43400
  146.666655      60.980677      -0.0000000000000000       0.0000000000000000      43400
  48.894743      60.449801      -0.0000000000000000       0.0000000000000000        302
  52.057544      60.364905      -0.0000000000000000       0.0000000000000000        302
  55.211943      60.278918      -0.0000000000000000       0.0000000000000000        302
  58.357925      60.192101      -0.0000000000000000       0.0000000000000000        302
  61.495506      60.104718      -0.0000000000000000       0.0000000000000000        390
  64.624723      60.017033      -0.0000000000000000       0.0000000000000000        390
  67.745643      59.929306      -0.0000000000000000       0.0000000000000000        468
  70.858354      59.841800      -0.0000000000000000       0.0000000000000000        401
  73.962966      59.754769      -0.0000000000000000       0.0000000000000000        401
  77.059613      59.668470      -0.0000000000000000       0.0000000000000000        401
  80.148448      59.583150      -0.0000000000000000       0.0000000000000000        401
  83.229644      59.499056      -0.0000000000000000       0.0000000000000000        401
  86.303391      59.416428      -0.0000000000000000       0.0000000000000000        401
  89.369897      59.335499      -0.0000000000000000       0.0000000000000000        401
  92.429384      59.256496      -0.0000000000000000       0.0000000000000000        401
  95.482090      59.179641      -0.0000000000000000       0.0000000000000000        401
  98.528267      59.105147      -0.0000000000000000       0.0000000000000000        401
  101.568177      59.033219      -0.0000000000000000       0.0000000000000000        401
  104.602098      58.964055      -0.0000000000000000       0.0000000000000000        401
  107.630313      58.897841      -0.0000000000000000       0.0000000000000000        401
  110.653119      58.834759      -0.0000000000000000       0.0000000000000000        401
  113.670820      58.774978      -0.0000000000000000       0.0000000000000000        401
  116.683728      58.718657      -0.0000000000000000       0.0000000000000000        401
  119.692163      58.665949      -0.0000000000000000       0.0000000000000000        401
  122.696449      58.616991      -0.0000000000000000       0.0000000000000000        401
  125.696920      58.571915      -0.0000000000000000       0.0000000000000000        401
  128.693912      58.530838      -0.0000000000000000       0.0000000000000000        401
  131.687766      58.493869      -0.0000000000000000       0.0000000000000000        401
  134.678827      58.461104      -0.0000000000000000       0.0000000000000000        401
  137.667445      58.432630      -0.0000000000000000       0.0000000000000000      43101
  140.653971      58.408520      -0.0000000000000000       0.0000000000000000      43400
  143.638760      58.388836      -0.0000000000000000       0.0000000000000000          0
  146.622167      58.373631      -0.0000000000000000       0.0000000000000000          0
  48.630935      57.846164      -0.0000000000000000       0.0000000000000000        302
  51.790534      57.761373      -0.0000000000000000       0.0000000000000000        302
  54.942571      57.675468      -0.0000000000000000       0.0000000000000000        302
  58.087028      57.588712      -0.0000000000000000       0.0000000000000000        302
  61.223911      57.501367      -0.0000000000000000       0.0000000000000000        390
  64.353248      57.413698      -0.0000000000000000       0.0000000000000000        390
  67.475093      57.325965      -0.0000000000000000       0.0000000000000000        468
  70.589519      57.238429      -0.0000000000000000       0.0000000000000000        468
  73.696621      57.151348      -0.0000000000000000       0.0000000000000000        401
  76.796512      57.064976      -0.0000000000000000       0.0000000000000000        401
  79.889326      56.979564      -0.0000000000000000       0.0000000000000000        401
  82.975213      56.895358      -0.0000000000000000       0.0000000000000000        401
  86.054342      56.812601      -0.0000000000000000       0.0000000000000000        401
  89.126896      56.731527      -0.0000000000000000       0.0000000000000000        401
  92.193071      56.652366      -0.0000000000000000       0.0000000000000000        401
  95.253082      56.575340      -0.0000000000000000       0.0000000000000000        401
  98.307150      56.500664      -0.0000000000000000       0.0000000000000000        401
  101.355514      56.428546      -0.0000000000000000       0.0000000000000000        401
  104.398420      56.359186      -0.0000000000000000       0.0000000000000000        401
  107.436125      56.292773      -0.0000000000000000       0.0000000000000000        401
  110.468896      56.229490      -0.0000000000000000       0.0000000000000000        401
  113.497008      56.169508      -0.0000000000000000       0.0000000000000000        401
  116.520745      56.112990      -0.0000000000000000       0.0000000000000000        401
  119.540394      56.060089      -0.0000000000000000       0.0000000000000000        401
  122.556254      56.010946      -0.0000000000000000       0.0000000000000000        401
  125.568625      55.965693      -0.0000000000000000       0.0000000000000000        401
  128.577813      55.924451      -0.0000000000000000       0.0000000000000000        401
  131.584132      55.887330      -0.0000000000000000       0.0000000000000000        401
  134.587894      55.854427      -0.0000000000000000       0.0000000000000000        401
  137.589421      55.825830      -0.0000000000000000       0.0000000000000000        401
  140.589031      55.801615      -0.0000000000000000       0.0000000000000000        301
  143.587051      55.781845      -0.0000000000000000       0.0000000000000000          0
  146.583806      55.766571      -0.0000000000000000       0.0000000000000000          0
  48.402723      55.242055      -0.0000000000000000       0.0000000000000000        302
  51.559440      55.157354      -0.0000000000000000       0.0000000000000000        302
  54.709320      55.071522      -0.0000000000000000       0.0000000000000000        302
  57.852342      54.984821      -0.0000000000000000       0.0000000000000000        302
  60.988506      54.897511      -0.0000000000000000       0.0000000000000000        390
  64.117834      54.809857      -0.0000000000000000       0.0000000000000000        468
  67.240368      54.722120      -0.0000000000000000       0.0000000000000000        468
  70.356171      54.634560      -0.0000000000000000       0.0000000000000000        468
  73.465324      54.547436      -0.0000000000000000       0.0000000000000000        468
  76.567927      54.461002      -0.0000000000000000       0.0000000000000000        401
  79.664095      54.375512      -0.0000000000000000       0.0000000000000000        401
  82.753962      54.291211      -0.0000000000000000       0.0000000000000000        401
  85.837676      54.208343      -0.0000000000000000       0.0000000000000000        401
  88.915402      54.127144      -0.0000000000000000       0.0000000000000000        401
  91.987315      54.047846      -0.0000000000000000       0.0000000000000000        401
  95.053605      53.970671      -0.0000000000000000       0.0000000000000000        401
  98.114474      53.895839      -0.0000000000000000       0.0000000000000000        401
  101.170135      53.823556      -0.0000000000000000       0.0000000000000000        401
  104.220811      53.754026      -0.0000000000000000       0.0000000000000000        401
  107.266735      53.687440      -0.0000000000000000       0.0000000000000000        401
  110.308148      53.623982      -0.0000000000000000       0.0000000000000000        401
  113.345300      53.563826      -0.0000000000000000       0.0000000000000000        401
  116.378447      53.507136      -0.0000000000000000       0.0000000000000000        401
  119.407854      53.454067      -0.0000000000000000       0.0000000000000000        401
  122.433790      53.404762      -0.0000000000000000       0.0000000000000000        430
  125.456531      53.359356      -0.0000000000000000       0.0000000000000000        430
  128.476356      53.317970      -0.0000000000000000       0.0000000000000000        430
  131.493550      53.280715      -0.0000000000000000       0.0000000000000000        430
  134.508402      53.247692      -0.0000000000000000       0.0000000000000000        455
  137.521203      53.218988      -0.0000000000000000       0.0000000000000000        454
  140.532247      53.194680      -0.0000000000000000       0.0000000000000000        622
  143.541832      53.174834      -0.0000000000000000       0.0000000000000000          0
  146.550256      53.159501      -0.0000000000000000       0.0000000000000000          0
  48.202588      52.637572      -0.0000000000000000       0.0000000000000000        302
  51.356692      52.552952      -0.0000000000000000       0.0000000000000000        302
  54.504593      52.467186      -0.0000000000000000       0.0000000000000000        302
  57.646268      52.380533      -0.0000000000000000       0.0000000000000000        302
  60.781714      52.293255      -0.0000000000000000       0.0000000000000000        390
  63.910946      52.205616      -0.0000000000000000       0.0000000000000000        465
  67.034000      52.117876      -0.0000000000000000       0.0000000000000000        458
  70.150928      52.030296      -0.0000000000000000       0.0000000000000000        459
  73.261802      51.943136      -0.0000000000000000       0.0000000000000000        460
  76.366708      51.856650      -0.0000000000000000       0.0000000000000000        468
  79.465750      51.771091      -0.0000000000000000       0.0000000000000000        401
  82.559045      51.686707      -0.0000000000000000       0.0000000000000000        401
  85.646727      51.603742      -0.0000000000000000       0.0000000000000000        401
  88.728941      51.522434      -0.0000000000000000       0.0000000000000000        401
  91.805846      51.443016      -0.0000000000000000       0.0000000000000000        401
  94.877614      51.365712      -0.0000000000000000       0.0000000000000000        401
  97.944426      51.290741      -0.0000000000000000       0.0000000000000000        401
  101.006474      51.218314      -0.0000000000000000       0.0000000000000000        401
  104.063961      51.148634      -0.0000000000000000       0.0000000000000000        401
  107.117099      51.081896      -0.0000000000000000       0.0000000000000000        401
  110.166106      51.018284      -0.0000000000000000       0.0000000000000000        401
  113.211210      50.957974      -0.0000000000000000       0.0000000000000000        430
  116.252644      50.901132      -0.0000000000000000       0.0000000000000000        430
  119.290650      50.847915      -0.0000000000000000       0.0000000000000000        430
  122.325474      50.798468      -0.0000000000000000       0.0000000000000000        430
  125.357367      50.752925      -0.0000000000000000       0.0000000000000000        430
  128.386586      50.711412      -0.0000000000000000       0.0000000000000000        430
  131.413390      50.674039      -0.0000000000000000       0.0000000000000000        455
  134.438045      50.640909      -0.0000000000000000       0.0000000000000000        454
  137.460817      50.612111      -0.0000000000000000       0.0000000000000000        454
  140.481977      50.587722      -0.0000000000000000       0.0000000000000000        619
  143.501797      50.567808      -0.0000000000000000       0.0000000000000000          0
  146.520551      50.552423      -0.0000000000000000       0.0000000000000000          0
  48.024960      50.032790      -0.0000000000000000       0.0000000000000000        302
  51.176679      49.948243      -0.0000000000000000       0.0000000000000000        302
  54.322756      49.862535      -0.0000000000000000       0.0000000000000000        302
  57.463166      49.775927      -0.0000000000000000       0.0000000000000000        302
  60.597904      49.688678      -0.0000000000000000       0.0000000000000000        390
  63.726983      49.601053      -0.0000000000000000       0.0000000000000000        465
  66.850430      49.513312      -0.0000000000000000       0.0000000000000000        458
  69.968292      49.425716      -0.0000000000000000       0.0000000000000000        460
  73.080631      49.338523      -0.0000000000000000       0.0000000000000000        461
  76.187523      49.251991      -0.0000000000000000       0.0000000000000000        463
  79.289061      49.166372      -0.0000000000000000       0.0000000000000000        462
  82.385351      49.081915      -0.0000000000000000       0.0000000000000000        401
  85.476510      48.998865      -0.0000000000000000       0.0000000000000000        401
  88.562670      48.917461      -0.0000000000000000       0.0000000000000000        401
  91.643976      48.837936      -0.0000000000000000       0.0000000000000000        401
  94.720580      48.760517      -0.0000000000000000       0.0000000000000000        430
  97.792649      48.685423      -0.0000000000000000       0.0000000000000000        430
  100.860356      48.612868      -0.0000000000000000       0.0000000000000000        430
  103.923886      48.543055      -0.0000000000000000       0.0000000000000000        430
  106.983430      48.476181      -0.0000000000000000       0.0000000000000000        430
  110.039189      48.412431      -0.0000000000000000       0.0000000000000000        430
  113.091370      48.351984      -0.0000000000000000       0.0000000000000000        430
  116.140186      48.295007      -0.0000000000000000       0.0000000000000000        430
  119.185857      48.241658      -0.0000000000000000       0.0000000000000000        430
  122.228609      48.192083      -0.0000000000000000       0.0000000000000000        455
  125.268671      48.146420      -0.0000000000000000       0.0000000000000000        455
  128.306279      48.104792      -0.0000000000000000       0.0000000000000000        455
  131.341670      48.067314      -0.0000000000000000       0.0000000000000000        454
  134.375088      48.034089      -0.0000000000000000       0.0000000000000000        454
  137.406777      48.005206      -0.0000000000000000       0.0000000000000000        619
  140.436985      47.980744      -0.0000000000000000       0.0000000000000000        625
  143.465962      47.960770      -0.0000000000000000       0.0000000000000000          0
  146.493961      47.945338      -0.0000000000000000       0.0000000000000000          0
  47.865623      47.427764      -0.0000000000000000       0.0000000000000000        302
  51.015150      47.343284      -0.0000000000000000       0.0000000000000000        302
  54.159535      47.257629      -0.0000000000000000       0.0000000000000000        302
  57.298756      47.171061      -0.0000000000000000       0.0000000000000000        302
  60.432804      47.083840      -0.0000000000000000       0.0000000000000000        390
  63.561689      46.996228      -0.0000000000000000       0.0000000000000000        466
  66.685435      46.908487      -0.0000000000000000       0.0000000000000000        458
  69.804082      46.820876      -0.0000000000000000       0.0000000000000000        459
  72.917685      46.733656      -0.0000000000000000       0.0000000000000000        461
  76.026312      46.647084      -0.0000000000000000       0.0000000000000000        463
  79.130046      46.561411      -0.0000000000000000       0.0000000000000000        464
  82.228981      46.476889      -0.0000000000000000       0.0000000000000000        464
  85.323224      46.393763      -0.0000000000000000       0.0000000000000000        450
  88.412894      46.312272      -0.0000000000000000       0.0000000000000000        450
  91.498120      46.232652      -0.0000000000000000       0.0000000000000000        401
  94.579044      46.155129      -0.0000000000000000       0.0000000000000000        430
  97.655814      46.079926      -0.0000000000000000       0.0000000000000000        430
  100.728589      46.007255      -0.0000000000000000       0.0000000000000000        430
  103.797536      45.937323      -0.0000000000000000       0.0000000000000000        430
  106.862831      45.870326      -0.0000000000000000       0.0000000000000000        430
  109.924656      45.806453      -0.0000000000000000       0.0000000000000000        430
  112.983200      45.745883      -0.0000000000000000       0.0000000000000000        455
  116.038658      45.688784      -0.0000000000000000       0.0000000000000000        455
  119.091232      45.635315      -0.0000000000000000       0.0000000000000000        455
  122.141127      45.585626      -0.0000000000000000       0.0000000000000000        453
  125.188554      45.539852      -0.0000000000000000       0.0000000000000000        453
  128.233729      45.498122      -0.0000000000000000       0.0000000000000000        453
  131.276870      45.460549      -0.0000000000000000       0.0000000000000000        454
  134.318198      45.427237      -0.0000000000000000       0.0000000000000000        454
  137.357940      45.398278      -0.0000000000000000       0.0000000000000000        619
  140.396322      45.373750      -0.0000000000000000       0.0000000000000000        625
  143.433573      45.353722      -0.0000000000000000       0.0000000000000000          0
  146.469926      45.338247      -0.0000000000000000       0.0000000000000000          0
  47.721325      44.822539      -0.0000000000000000       0.0000000000000000        301
  50.868823      44.738119      -0.0000000000000000       0.0000000000000000        301
  54.011632      44.652514      -0.0000000000000000       0.0000000000000000        301
  57.149730      44.565983      -0.0000000000000000       0.0000000000000000        302
  60.283107      44.478787      -0.0000000000000000       0.0000000000000000        390
  63.411771      44.391188      -0.0000000000000000       0.0000000000000000        466
  66.535744      44.303446      -0.0000000000000000       0.0000000000000000        466
  69.655059      44.215824      -0.0000000000000000       0.0000000000000000        466
  72.769766      44.128579      -0.0000000000000000       0.0000000000000000        459
  75.879925      44.041970      -0.0000000000000000       0.0000000000000000        460
  78.985611      43.956250      -0.0000000000000000       0.0000000000000000        460
  82.086908      43.871670      -0.0000000000000000       0.0000000000000000        461
  85.183915      43.788475      -0.0000000000000000       0.0000000000000000        459
  88.276737      43.706906      -0.0000000000000000       0.0000000000000000        451
  91.365494      43.627199      -0.0000000000000000       0.0000000000000000        451
  94.450312      43.549583      -0.0000000000000000       0.0000000000000000        451
  97.531327      43.474280      -0.0000000000000000       0.0000000000000000        451
  100.608684      43.401505      -0.0000000000000000       0.0000000000000000        451
  103.682535      43.331464      -0.0000000000000000       0.0000000000000000        451
  106.753041      43.264356      -0.0000000000000000       0.0000000000000000        430
  109.820366      43.200371      -0.0000000000000000       0.0000000000000000        453
  112.884685      43.139688      -0.0000000000000000       0.0000000000000000        453
  115.946176      43.082478      -0.0000000000000000       0.0000000000000000        601
  119.005023      43.028901      -0.0000000000000000       0.0000000000000000        601
  122.061413      42.979107      -0.0000000000000000       0.0000000000000000        601
  125.115541      42.933234      -0.0000000000000000       0.0000000000000000        601
  128.167603      42.891410      -0.0000000000000000       0.0000000000000000        601
  131.217800      42.853750      -0.0000000000000000       0.0000000000000000        454
  134.266334      42.820360      -0.0000000000000000       0.0000000000000000        619
  137.313413      42.791331      -0.0000000000000000       0.0000000000000000          0
  140.359244      42.766744      -0.0000000000000000       0.0000000000000000        626
  143.404039      42.746665      -0.0000000000000000       0.0000000000000000          0
  146.448008      42.731152      -0.0000000000000000       0.0000000000000000          0
  47.589513      42.217148      -0.0000000000000000       0.0000000000000000        301
  50.735122      42.132783      -0.0000000000000000       0.0000000000000000        301
  53.876454      42.047223      -0.0000000000000000       0.0000000000000000        301
  57.013488      41.960727      -0.0000000000000000       0.0000000000000000        301
  60.146215      41.873555      -0.0000000000000000       0.0000000000000000        301
  63.274640      41.785968      -0.0000000000000000       0.0000000000000000        467
  66.398782      41.698227      -0.0000000000000000       0.0000000000000000        467
  69.518671      41.610594      -0.0000000000000000       0.0000000000000000        466
  72.634351      41.523328      -0.0000000000000000       0.0000000000000000        467
  75.745877      41.436686      -0.0000000000000000       0.0000000000000000        466
  78.853316      41.350922      -0.0000000000000000       0.0000000000000000        467
  81.956745      41.266289      -0.0000000000000000       0.0000000000000000        580
  85.056251      41.183031      -0.0000000000000000       0.0000000000000000        580
  88.151932      41.101391      -0.0000000000000000       0.0000000000000000        580
  91.243895      41.021606      -0.0000000000000000       0.0000000000000000        580
  94.332256      40.943904      -0.0000000000000000       0.0000000000000000        451
  97.417139      40.868510      -0.0000000000000000       0.0000000000000000        451
  100.498675      40.795639      -0.0000000000000000       0.0000000000000000        451
  103.577004      40.725499      -0.0000000000000000       0.0000000000000000        451
  106.652270      40.658290      -0.0000000000000000       0.0000000000000000        601
  109.724627      40.594202      -0.0000000000000000       0.0000000000000000        601
  112.794231      40.533416      -0.0000000000000000       0.0000000000000000        601
  115.861247      40.476104      -0.0000000000000000       0.0000000000000000        601
  118.925842      40.422428      -0.0000000000000000       0.0000000000000000        601
  121.988188      40.372538      -0.0000000000000000       0.0000000000000000        601
  125.048462      40.326573      -0.0000000000000000       0.0000000000000000        601
  128.106844      40.284663      -0.0000000000000000       0.0000000000000000        601
  131.163518      40.246924      -0.0000000000000000       0.0000000000000000          0
  134.218670      40.213461      -0.0000000000000000       0.0000000000000000          0
  137.272488      40.184368      -0.0000000000000000       0.0000000000000000          0
  140.325164      40.159726      -0.0000000000000000       0.0000000000000000        626
  143.376890      40.139602      -0.0000000000000000       0.0000000000000000        625
  146.427860      40.124053      -0.0000000000000000       0.0000000000000000          0
  47.468153      39.611617      -0.0000000000000000       0.0000000000000000        526
  50.611993      39.527304      -0.0000000000000000       0.0000000000000000        301
  53.751934      39.441787      -0.0000000000000000       0.0000000000000000        301
  56.887957      39.355323      -0.0000000000000000       0.0000000000000000        301
  60.020052      39.268173      -0.0000000000000000       0.0000000000000000        301
  63.148225      39.180597      -0.0000000000000000       0.0000000000000000        301
  66.272492      39.092858      -0.0000000000000000       0.0000000000000000        467
  69.392879      39.005216      -0.0000000000000000       0.0000000000000000        467
  72.509426      38.917930      -0.0000000000000000       0.0000000000000000        590
  75.622183      38.831258      -0.0000000000000000       0.0000000000000000        590
  78.731210      38.745455      -0.0000000000000000       0.0000000000000000        580
  81.836577      38.660772      -0.0000000000000000       0.0000000000000000        580
  84.938363      38.577457      -0.0000000000000000       0.0000000000000000        580
  88.036658      38.495752      -0.0000000000000000       0.0000000000000000        580
  91.131558      38.415895      -0.0000000000000000       0.0000000000000000        456
  94.223169      38.338114      -0.0000000000000000       0.0000000000000000        456
  97.311604      38.262636      -0.0000000000000000       0.0000000000000000        456
  100.396982      38.189677      -0.0000000000000000       0.0000000000000000        456
  103.479430      38.119445      -0.0000000000000000       0.0000000000000000        451
  106.559082      38.052142      -0.0000000000000000       0.0000000000000000        601
  109.636076      37.987959      -0.0000000000000000       0.0000000000000000        601
  112.710555      37.927078      -0.0000000000000000       0.0000000000000000        601
  115.782669      37.869673      -0.0000000000000000       0.0000000000000000        601
  118.852572      37.815905      -0.0000000000000000       0.0000000000000000        601
  121.920420      37.765925      -0.0000000000000000       0.0000000000000000        601
  124.986374      37.719876      -0.0000000000000000       0.0000000000000000        601
  128.050600      37.677886      -0.0000000000000000       0.0000000000000000        601
  131.113265      37.640074      -0.0000000000000000       0.0000000000000000          0
  134.174539      37.606545      -0.0000000000000000       0.0000000000000000          0
  137.234594      37.577392      -0.0000000000000000       0.0000000000000000          0
  140.293606      37.552699      -0.0000000000000000       0.0000000000000000          0
  143.351749      37.532533      -0.0000000000000000       0.0000000000000000          0
  146.409201      37.516950      -0.0000000000000000       0.0000000000000000          0
  47.355604      37.005970      -0.0000000000000000       0.0000000000000000        505
  50.497776      36.921705      -0.0000000000000000       0.0000000000000000        505
  53.636400      36.836227      -0.0000000000000000       0.0000000000000000        505
  56.771458      36.749794      -0.0000000000000000       0.0000000000000000        505
  59.902940      36.662665      -0.0000000000000000       0.0000000000000000        301
  63.030852      36.575100      -0.0000000000000000       0.0000000000000000        301
  66.155207      36.487362      -0.0000000000000000       0.0000000000000000        301
  69.276030      36.399712      -0.0000000000000000       0.0000000000000000        590
  72.393356      36.312408      -0.0000000000000000       0.0000000000000000      50601
  75.507230      36.225708      -0.0000000000000000       0.0000000000000000          0
  78.617708      36.139869      -0.0000000000000000       0.0000000000000000        457
  81.724852      36.055142      -0.0000000000000000       0.0000000000000000        457
  84.828734      35.971774      -0.0000000000000000       0.0000000000000000        457
  87.929437      35.890008      -0.0000000000000000       0.0000000000000000        457
  91.027047      35.810083      -0.0000000000000000       0.0000000000000000        457
  94.121661      35.732231      -0.0000000000000000       0.0000000000000000        457
  97.213382      35.656675      -0.0000000000000000       0.0000000000000000        457
  100.302319      35.583633      -0.0000000000000000       0.0000000000000000        456
  103.388586      35.513317      -0.0000000000000000       0.0000000000000000        456
  106.472306      35.445926      -0.0000000000000000       0.0000000000000000        456
  109.553604      35.381655      -0.0000000000000000       0.0000000000000000        601
  112.632612      35.320686      -0.0000000000000000       0.0000000000000000        601
  115.709465      35.263193      -0.0000000000000000       0.0000000000000000        601
  118.784303      35.209339      -0.0000000000000000       0.0000000000000000        601
  121.857269      35.159277      -0.0000000000000000       0.0000000000000000        601
  124.928511      35.113149      -0.0000000000000000       0.0000000000000000        601
  127.998177      35.071085      -0.0000000000000000       0.0000000000000000        601
  131.066422      35.033204      -0.0000000000000000       0.0000000000000000          0
  134.133399      34.999612      -0.0000000000000000       0.0000000000000000          0
  137.199266      34.970405      -0.0000000000000000       0.0000000000000000          0
  140.264182      34.945664      -0.0000000000000000       0.0000000000000000        629
  143.328307      34.925458      -0.0000000000000000       0.0000000000000000          0
  146.391803      34.909845      -0.0000000000000000       0.0000000000000000          0
  47.250519      34.400223      -0.0000000000000000       0.0000000000000000        505
  50.391112      34.316004      -0.0000000000000000       0.0000000000000000        505
  53.528483      34.230563      -0.0000000000000000       0.0000000000000000        505
  56.662616      34.144159      -0.0000000000000000       0.0000000000000000        505
  59.793503      34.057049      -0.0000000000000000       0.0000000000000000        505
  62.921146      33.969496      -0.0000000000000000       0.0000000000000000        506
  66.045560      33.881760      -0.0000000000000000       0.0000000000000000      50601
  69.166767      33.794101      -0.0000000000000000       0.0000000000000000      50601
  72.284798      33.706781      -0.0000000000000000       0.0000000000000000        501
  75.399695      33.620056      -2.4302968853116034       0.8429650612207427        606
  78.511507      33.534183      -0.0000000000000000       0.0000000000000000          0
  81.620292      33.449414      -0.0000000000000000       0.0000000000000000          0
  84.726116      33.365997      -0.0000000000000000       0.0000000000000000          0
  87.829053      33.284175      -0.0000000000000000       0.0000000000000000          0
  90.929182      33.204188      -0.0000000000000000       0.0000000000000000          0
  94.026591      33.126267      -0.0000000000000000       0.0000000000000000          0
  97.121372      33.050638      -0.0000000000000000       0.0000000000000000        602
  100.213627      32.977520      -0.0000000000000000       0.0000000000000000        602
  103.303458      32.907124      -0.0000000000000000       0.0000000000000000        602
  106.390977      32.839652      -0.0000000000000000       0.0000000000000000        602
  109.476298      32.775298      -0.0000000000000000       0.0000000000000000        602
  112.559540      32.714246      -0.0000000000000000       0.0000000000000000        601
  115.640826      32.656671      -0.0000000000000000       0.0000000000000000        601
  118.720284      32.602737      -0.0000000000000000       0.0000000000000000        601
  121.798043      32.552598      -0.0000000000000000       0.0000000000000000        601
  124.874237      32.506396      -0.0000000000000000       0.0000000000000000        601
  127.949002      32.464263      -0.0000000000000000       0.0000000000000000        601
  131.022476      32.426317      -0.0000000000000000       0.0000000000000000          0
  134.094801      32.392667      -0.0000000000000000       0.0000000000000000          0
  137.166118      32.363408      -0.0000000000000000       0.0000000000000000          0
  140.236573      32.338622      -0.0000000000000000       0.0000000000000000          0
  143.306310      32.318380      -0.0000000000000000       0.0000000000000000          0
  146.375477      32.302738      -0.0000000000000000       0.0000000000000000          0
  47.151785      31.794393      -0.0000000000000000       0.0000000000000000          0
  50.290875      31.710216      -0.0000000000000000       0.0000000000000000          0
  53.427049      31.624810      -0.0000000000000000       0.0000000000000000        505
  56.560292      31.538433      -0.0000000000000000       0.0000000000000000        505
  59.690597      31.451343      -0.0000000000000000       0.0000000000000000        505
  62.817968      31.363800      -0.0000000000000000       0.0000000000000000      50601
  65.942416      31.276065      -0.0000000000000000       0.0000000000000000      50601
  69.063963      31.188400      -0.0000000000000000       0.0000000000000000        501
  72.182637      31.101065      -0.0000000000000000       0.0000000000000000        501
  75.298476      31.014317      -0.0000000000000000       0.0000000000000000        501
  78.411525      30.928412      -2.3650189843386733       0.8666891019941532        606
  81.521836      30.843604      -2.2907513185893511       0.9300108979385298        606
  84.629470      30.760140      -2.2098073199879811       0.9908290617604960        606
  87.734493      30.678266      -2.1224402099827713       1.0489963699603118        606
  90.836978      30.598220      -2.0289202770904100       1.1043759896860634        606
  93.937004      30.520235      -1.9295339794413013       1.1568414520811450        606
  97.034656      30.444538      -0.0000000000000000       0.0000000000000000          0
  100.130023      30.371348      -0.0000000000000000       0.0000000000000000        602
  103.223202      30.300877      -0.0000000000000000       0.0000000000000000        602
  106.314291      30.233328      -0.0000000000000000       0.0000000000000000        602
  109.403394      30.168897      -0.0000000000000000       0.0000000000000000        602
  112.490620      30.107767      -0.0000000000000000       0.0000000000000000        602
  115.576079      30.050115      -0.0000000000000000       0.0000000000000000        602
  118.659887      29.996105      -0.0000000000000000       0.0000000000000000        602
  121.742162      29.945893      -0.0000000000000000       0.0000000000000000        602
  124.823023      29.899621      -0.0000000000000000       0.0000000000000000        602
  127.902594      29.857422      -0.0000000000000000       0.0000000000000000        602
  130.981001      29.819416      -0.0000000000000000       0.0000000000000000          0
  134.058370      29.785711      -0.0000000000000000       0.0000000000000000          0
  137.134830      29.756403      -0.0000000000000000       0.0000000000000000          0
  140.210511      29.731575      -0.0000000000000000       0.0000000000000000          0
  143.285545      29.711298      -0.0000000000000000       0.0000000000000000          0
  146.360064      29.695628      -0.0000000000000000       0.0000000000000000          0
  47.058470      29.188490      -2.6797838185848617       0.6273486736116077        503
  50.196121      29.104354      -2.8878806852341912       0.7085510565460487        503
  53.331145      29.018982      -0.0000000000000000       0.0000000000000000          0
  56.463528      28.932630      -0.0000000000000000       0.0000000000000000        505
  59.593265      28.845558      -0.0000000000000000       0.0000000000000000        505
  62.720359      28.758025      -0.0000000000000000       0.0000000000000000      50601
  65.844821      28.670293      -0.0000000000000000       0.0000000000000000      50601
  68.966671      28.582622      -0.0000000000000000       0.0000000000000000        501
  72.085936      28.495272      -0.0000000000000000       0.0000000000000000        501
  75.202648      28.408502      -0.0000000000000000       0.0000000000000000        501
  78.316850      28.322568      -0.0000000000000000       0.0000000000000000        501
  81.428590      28.237723      -2.2930771070762530       0.8767572883507755        606
  84.537922      28.154216      -2.2122859880209940       0.9327782263155916        606
  87.644906      28.072292      -2.1250495492670440       0.9863328022567869        606
  90.749608      27.992190      -2.0316366454953894       1.0372969278429398        606
  93.852100      27.914145      -0.0000000000000000       0.0000000000000000        501
  96.952458      27.838383      -1.8274382071785615       1.1310061603417427        606
  100.050764      27.765125      -0.0000000000000000       0.0000000000000000        602
  103.147104      27.694584      -0.0000000000000000       0.0000000000000000        602
  106.241568      27.626962      -0.0000000000000000       0.0000000000000000        602
  109.334249      27.562457      -0.0000000000000000       0.0000000000000000        602
  112.425245      27.501253      -0.0000000000000000       0.0000000000000000        602
  115.514655      27.443528      -0.0000000000000000       0.0000000000000000        602
  118.602584      27.389447      -0.0000000000000000       0.0000000000000000        602
  121.689137      27.339165      -0.0000000000000000       0.0000000000000000        602
  124.774423      27.292827      -0.0000000000000000       0.0000000000000000        602
  127.858551      27.250566      -0.0000000000000000       0.0000000000000000          0
  130.941636      27.212503      -0.0000000000000000       0.0000000000000000          0
  134.023790      27.178745      -0.0000000000000000       0.0000000000000000          0
  137.105129      27.149391      -0.0000000000000000       0.0000000000000000          0
  140.185770      27.124523      -0.0000000000000000       0.0000000000000000          0
  143.265831      27.104212      -0.0000000000000000       0.0000000000000000          0
  146.345431      27.088517      -0.0000000000000000       0.0000000000000000          0
  46.969783      26.582525      -2.6737820681687547       0.8426053139055404        503
  50.106050      26.498428      -2.8820247441370652       0.9174513371249310        503
  53.239965      26.413088      -0.0000000000000000       0.0000000000000000          0
  56.371514      26.326762      -0.0000000000000000       0.0000000000000000          0
  59.500693      26.239707      -0.0000000000000000       0.0000000000000000      50602
  62.627507      26.152184      -0.0000000000000000       0.0000000000000000      50602
  65.751966      26.064454      -0.0000000000000000       0.0000000000000000      50602
  68.874088      25.976777      -0.0000000000000000       0.0000000000000000        501
  71.993897      25.889414      -0.0000000000000000       0.0000000000000000        501
  75.111425      25.802624      -0.0000000000000000       0.0000000000000000        501
  78.226710      25.716662      -0.0000000000000000       0.0000000000000000        501
  81.339794      25.631782      -0.0000000000000000       0.0000000000000000        501
  84.450727      25.548233      -0.0000000000000000       0.0000000000000000        501
  87.559564      25.466262      -0.0000000000000000       0.0000000000000000        501
  90.666365      25.386108      -0.0000000000000000       0.0000000000000000        501
  93.771194      25.308006      -0.0000000000000000       0.0000000000000000        607
  96.874119      25.232182       0.0640911738149915      -0.0534464643833491        603
  99.975215      25.158860      -0.0378699350117994      -0.0511164910651663        603
  103.074559      25.088251      -0.0000000000000000       0.0000000000000000        602
  106.172230      25.020560      -0.0000000000000000       0.0000000000000000        602
  109.268314      24.955984      -0.0000000000000000       0.0000000000000000        602
  112.362897      24.894710      -0.0000000000000000       0.0000000000000000        602
  115.456068      24.836915      -0.0000000000000000       0.0000000000000000        602
  118.547922      24.782766      -0.0000000000000000       0.0000000000000000        602
  121.638551      24.732418      -0.0000000000000000       0.0000000000000000        602
  124.728053      24.686018      -0.0000000000000000       0.0000000000000000          0
  127.816527      24.643697      -0.0000000000000000       0.0000000000000000          0
  130.904071      24.605579      -0.0000000000000000       0.0000000000000000          0
  133.990789      24.571771      -0.0000000000000000       0.0000000000000000          0
  137.076783      24.542373      -0.0000000000000000       0.0000000000000000          0
  140.162157      24.517467      -0.0000000000000000       0.0000000000000000          0
  143.247016      24.497125      -0.0000000000000000       0.0000000000000000          0
  146.331464      24.481405      -0.0000000000000000       0.0000000000000000          0
  46.885044      23.976508      -2.6680416203969610       1.0565389622243508        503
  50.019976      23.892449      -2.8764220031892873       1.1249124879551458        503
  53.152815      23.807140      -3.0760629856141928       1.1974363796587175        503
  56.283552      23.720837      -0.0000000000000000       0.0000000000000000          0
  59.412184      23.633800      -0.0000000000000000       0.0000000000000000      50602
  62.538715      23.546287      -0.0000000000000000       0.0000000000000000      50602
  65.663155      23.458559      -0.0000000000000000       0.0000000000000000          0
  68.785522      23.370877      -0.0000000000000000       0.0000000000000000        501
  71.905837      23.283501      -0.0000000000000000       0.0000000000000000        501
  75.024131      23.196691      -0.0000000000000000       0.0000000000000000        501
  78.140436      23.110702      -0.0000000000000000       0.0000000000000000        501
  81.254793      23.025789      -0.0000000000000000       0.0000000000000000        501
  84.367246      22.942202      -0.0000000000000000       0.0000000000000000        501
  87.477844      22.860185      -0.0000000000000000       0.0000000000000000        501
  90.586642      22.779981      -0.0000000000000000       0.0000000000000000        501
  93.693697      22.701824      -0.0000000000000000       0.0000000000000000        607
  96.799071      22.625942       0.0665575776938779       0.0401518691090342        603
  99.902829      22.552557      -0.0354900435437025       0.0424632120457720        603
  103.005040      22.481884       0.0025114232425506      -0.0669372673997440      60401
  106.105777      22.414127      -0.0000000000000000       0.0000000000000000        602
  109.205114      22.349484      -0.0000000000000000       0.0000000000000000        602
  112.303128      22.288143      -0.0000000000000000       0.0000000000000000        602
  115.399900      22.230281      -0.0000000000000000       0.0000000000000000        602
  118.495510      22.176066      -0.0000000000000000       0.0000000000000000        612
  121.590043      22.125655      -0.0000000000000000       0.0000000000000000          0
  124.683585      22.079194      -0.0000000000000000       0.0000000000000000          0
  127.776221      22.036817      -0.0000000000000000       0.0000000000000000          0
  130.868042      21.998646      -0.0000000000000000       0.0000000000000000          0
  133.959135      21.964791      -0.0000000000000000       0.0000000000000000          0
  137.049593      21.935349      -0.0000000000000000       0.0000000000000000          0
  140.139505      21.910407      -0.0000000000000000       0.0000000000000000          0
  143.228965      21.890034      -0.0000000000000000       0.0000000000000000          0
  146.318065      21.874291      -0.0000000000000000       0.0000000000000000          0
  46.803669      21.370446      -2.6625234690170805       1.2686791572376677        503
  49.937305      21.286423      -2.8710346119117407       1.3304751397030812        503
  53.069098      21.201144      -3.0708450057797712       1.3959552317312447        503
  56.199040      21.114865      -0.0000000000000000       0.0000000000000000          0
  59.327132      21.027844      -0.0000000000000000       0.0000000000000000          0
  62.453376      20.940340      -0.0000000000000000       0.0000000000000000          0
  65.577784      20.852615      -0.0000000000000000       0.0000000000000000          0
  68.700372      20.764928      -0.0000000000000000       0.0000000000000000          0
  71.821160      20.677541      -0.0000000000000000       0.0000000000000000        501
  74.940176      20.590712      -0.0000000000000000       0.0000000000000000        501
  78.057450      20.504698      -0.0000000000000000       0.0000000000000000        501
  81.173018      20.419753      -0.0000000000000000       0.0000000000000000        501
  84.286921      20.336128      -0.0000000000000000       0.0000000000000000        501
  87.399202      20.254068      -0.0000000000000000       0.0000000000000000        501
  90.509910      20.173816      -0.0000000000000000       0.0000000000000000          0
  93.619096      20.095606      -0.0000000000000000       0.0000000000000000        607
  96.726817      20.019668       0.0689320310264897       0.1336611137576800        603
  99.833129      19.946224       0.0379001771111906      -0.0370895817784384      60301
  102.938093      19.875488       0.0032588101216685      -0.0366468171074340      60404
  106.041774      19.807668      -0.0313778100359167      -0.0355992457499782      60406
  109.144237      19.742960      -0.0000000000000000       0.0000000000000000      60201
  112.245550      19.681554      -0.0000000000000000       0.0000000000000000        602
  115.345783      19.623628      -0.0000000000000000       0.0000000000000000        612
  118.445008      19.569350      -0.0000000000000000       0.0000000000000000          0
  121.543299      19.518879      -0.0000000000000000       0.0000000000000000          0
  124.640729      19.472359      -0.0000000000000000       0.0000000000000000          0
  127.737375      19.429927      -0.0000000000000000       0.0000000000000000          0
  130.833313      19.391705      -0.0000000000000000       0.0000000000000000          0
  133.928623      19.357804      -0.0000000000000000       0.0000000000000000          0
  137.023381      19.328322      -0.0000000000000000       0.0000000000000000          0
  140.117668      19.303344      -0.0000000000000000       0.0000000000000000          0
  143.211563      19.282942      -0.0000000000000000       0.0000000000000000          0
  146.305147      19.267176      -0.0000000000000000       0.0000000000000000          0
  46.725141      18.764347      -2.6571933475850309       1.4785637491695829        503
  49.857514      18.680358      -2.8658292952123503       1.5336888401538784        503
  52.988284      18.595109      -3.0658018585956004       1.5920224591255063        503
  56.117448      18.508852      -3.2565273933665302       1.6533295823992595        503
  59.245004      18.421847      -0.0000000000000000       0.0000000000000000          0
  62.370959      18.334353      -0.0000000000000000       0.0000000000000000          0
  65.495323      18.246630      -0.0000000000000000       0.0000000000000000          0
  68.618111      18.158939      -0.0000000000000000       0.0000000000000000          0
  71.739344      18.071540      -0.0000000000000000       0.0000000000000000        501
  74.859044      17.984694      -0.0000000000000000       0.0000000000000000        501
  77.977242      17.898655      -0.0000000000000000       0.0000000000000000        501
  81.093968      17.813680      -0.0000000000000000       0.0000000000000000        501
  84.209260      17.730019      -0.0000000000000000       0.0000000000000000          0
  87.323157      17.647918      -0.0000000000000000       0.0000000000000000          0
  90.435702      17.567619      -0.0000000000000000       0.0000000000000000          0
  93.546940      17.489358      -0.0000000000000000       0.0000000000000000          0
  96.656920      17.413365       0.0712289020391378       0.2268875693999841      60302
  99.765694      17.339864       0.0386516653711842      -0.0067608936903546      60301
  102.873314      17.269068       0.0039819920919062      -0.0062803364056331        604
  105.979835      17.201186      -0.0306871488246223      -0.0052749093804659        604
  109.085317      17.136417      -0.0652545441081072      -0.0037543911933838      60405
  112.189816      17.074948      -0.0000000000000000       0.0000000000000000          0
  115.293395      17.016959      -0.0000000000000000       0.0000000000000000        612
  118.396115      16.962621      -0.0000000000000000       0.0000000000000000          0
  121.498039      16.912090      -0.0000000000000000       0.0000000000000000          0
  124.599231      16.865514      -0.0000000000000000       0.0000000000000000          0
  127.699756      16.823029      -0.0000000000000000       0.0000000000000000          0
  130.799681      16.784758      -0.0000000000000000       0.0000000000000000          0
  133.899071      16.750813      -0.0000000000000000       0.0000000000000000          0
  136.997994      16.721291      -0.0000000000000000       0.0000000000000000          0
  140.096516      16.696279      -0.0000000000000000       0.0000000000000000          0
  143.194707      16.675849      -0.0000000000000000       0.0000000000000000          0
  146.292634      16.660061      -0.0000000000000000       0.0000000000000000          0
  46.649005      16.158216      -2.6520207952001362       1.6857391450471553        503
  49.780142      16.074261      -2.8607764513224754       1.7341122191167162        503
  52.909909      15.989040      -3.0609050109092490       1.7852100084898037        503
  56.038304      15.902806      -3.2518208874243593       1.8388197959296906        503
  59.165330      15.815816      -0.0000000000000000       0.0000000000000000          0
  62.290991      15.728331      -0.0000000000000000       0.0000000000000000          0
  65.415300      15.640611      -0.0000000000000000       0.0000000000000000          0
  68.538271      15.552916      -0.0000000000000000       0.0000000000000000          0
  71.659921      15.465507      -0.0000000000000000       0.0000000000000000          0
  74.780275      15.378643      -0.0000000000000000       0.0000000000000000        501
  77.899357      15.292581      -0.0000000000000000       0.0000000000000000        501
  81.017198      15.207576      -0.0000000000000000       0.0000000000000000          0
  84.133828      15.123880      -0.0000000000000000       0.0000000000000000          0
  87.249284      15.041738      -0.0000000000000000       0.0000000000000000          0
  90.363603      14.961395      -0.0000000000000000       0.0000000000000000          0
  93.476824      14.883085      -0.0000000000000000       0.0000000000000000          0
  96.588992      14.807039       0.0734610106619741       0.3196381194994886      60302
  99.700149      14.733482      -0.0288261142491403       0.3219380919637551        603
  102.810342      14.662628       0.0046849864106366       0.0240991876365379        604
  105.919619      14.594687      -0.0300156494385717       0.0250638855152146        604
  109.028028      14.529856      -0.0646182806198543       0.0264625141992223        604
  112.135620      14.468326      -0.0000000000000000       0.0000000000000000        612
  115.242447      14.410278      -0.0000000000000000       0.0000000000000000          0
  118.348561      14.355880      -0.0000000000000000       0.0000000000000000          0
  121.454015      14.305292      -0.0000000000000000       0.0000000000000000          0
  124.558863      14.258662      -0.0000000000000000       0.0000000000000000          0
  127.663160      14.216125      -0.0000000000000000       0.0000000000000000          0
  130.766960      14.177806      -0.0000000000000000       0.0000000000000000          0
  133.870318      14.143817      -0.0000000000000000       0.0000000000000000          0
  136.973291      14.114257      -0.0000000000000000       0.0000000000000000          0
  140.075935      14.089211      -0.0000000000000000       0.0000000000000000          0
  143.178304      14.068754      -0.0000000000000000       0.0000000000000000          0
  146.280457      14.052944      -0.0000000000000000       0.0000000000000000          0
  46.574851      13.552058      -2.6469783963149784       1.8897606918349359        503
  49.704773      13.468137      -2.8558494170916506       1.9313133023502302        503
  52.833552      13.382943      -0.0000000000000000       0.0000000000000000          0
  55.961187      13.296731      -0.0000000000000000       0.0000000000000000          0
  59.087684      13.209757      -0.0000000000000000       0.0000000000000000          0
  62.213048      13.122281      -0.0000000000000000       0.0000000000000000          0
  65.337291      13.034563      -0.0000000000000000       0.0000000000000000          0
  68.460427      12.946865      -0.0000000000000000       0.0000000000000000          0
  71.582475      12.859445      -0.0000000000000000       0.0000000000000000          0
  74.703454      12.772565      -0.0000000000000000       0.0000000000000000        501
  77.823388      12.686480      -0.0000000000000000       0.0000000000000000        501
  80.942304      12.601447      -0.0000000000000000       0.0000000000000000          0
  84.060229      12.517716      -0.0000000000000000       0.0000000000000000          0
  87.177196      12.435536      -0.0000000000000000       0.0000000000000000          0
  90.293236      12.355148      -0.0000000000000000       0.0000000000000000          0
  93.408385      12.276791      -0.0000000000000000       0.0000000000000000          0
  96.522678      12.200694      -0.0000000000000000       0.0000000000000000          0
  99.636155      12.127082      -0.0267219677377404       0.4140299482224759      60302
  102.748853      12.056172       0.0053714258396043       0.0544287542714637      60402
  105.860812      11.988172      -0.0293598507760336       0.0553540983804664        604
  108.972075      11.923282      -0.0639967939355919       0.0566309752329530        604
  112.082683      11.861693      -0.0000000000000000       0.0000000000000000          0
  115.192678      11.803586      -0.0000000000000000       0.0000000000000000        613
  118.302103      11.749130      -0.0000000000000000       0.0000000000000000        613
  121.411002      11.698486      -0.0000000000000000       0.0000000000000000          0
  124.519419      11.651802      -0.0000000000000000       0.0000000000000000          0
  127.627398      11.609215      -0.0000000000000000       0.0000000000000000          0
  130.734982      11.570850      -0.0000000000000000       0.0000000000000000          0
  133.842218      11.536818      -0.0000000000000000       0.0000000000000000          0
  136.949148      11.507220      -0.0000000000000000       0.0000000000000000          0
  140.055818      11.482142      -0.0000000000000000       0.0000000000000000          0
  143.162272      11.461658      -0.0000000000000000       0.0000000000000000          0
  146.268554      11.445827      -0.0000000000000000       0.0000000000000000          0
  46.502307      10.945879      -0.0000000000000000       0.0000000000000000          0
  49.631029      10.861991      -0.9362268392078931       0.5502965412306836        709
  52.758830      10.776824      -0.0000000000000000       0.0000000000000000          0
  55.885712      10.690633      -0.0000000000000000       0.0000000000000000          0
  59.011679      10.603675      -0.0000000000000000       0.0000000000000000          0
  62.136741      10.516208      -0.0000000000000000       0.0000000000000000          0
  65.260909      10.428493      -0.0000000000000000       0.0000000000000000          0
  68.384196      10.340791      -0.0000000000000000       0.0000000000000000          0
  71.506621      10.253362      -0.0000000000000000       0.0000000000000000          0
  74.628202      10.166465      -0.0000000000000000       0.0000000000000000          0
  77.748960      10.080358      -0.0000000000000000       0.0000000000000000        501
  80.868918       9.995297      -0.0000000000000000       0.0000000000000000        502
  83.988103       9.911534      -0.0000000000000000       0.0000000000000000          0
  87.106540       9.829315      -0.0000000000000000       0.0000000000000000          0
  90.224259       9.748884      -0.0000000000000000       0.0000000000000000          0
  93.341288       9.670480      -0.0000000000000000       0.0000000000000000          0
  96.457658       9.594333      -0.0000000000000000       0.0000000000000000          0
  99.573400       9.520668      -0.4004986164144441       0.5873039075438740        647
  102.688548       9.449702       0.0060446395467510       0.0846454758525841      60402
  105.803132       9.381645      -0.0287165793051470       0.0855328247020875      60402
  108.917188       9.316697      -0.0633870827618390       0.0866882532458174        604
  112.030748       9.255050      -0.0000000000000000       0.0000000000000000        613
  115.143846       9.196885      -0.0000000000000000       0.0000000000000000        613
  118.256516       9.142372      -0.0000000000000000       0.0000000000000000        738
  121.368792       9.091674      -0.0000000000000000       0.0000000000000000          0
  124.480708       9.044937      -0.0000000000000000       0.0000000000000000          0
  127.592298       9.002301      -0.0000000000000000       0.0000000000000000          0
  130.703596       8.963890      -0.0000000000000000       0.0000000000000000          0
  133.814635       8.929817      -0.0000000000000000       0.0000000000000000          0
  136.925448       8.900182      -0.0000000000000000       0.0000000000000000          0
  140.036070       8.875072      -0.0000000000000000       0.0000000000000000          0
  143.146533       8.854561      -0.0000000000000000       0.0000000000000000          0
  146.256869       8.838710      -0.0000000000000000       0.0000000000000000          0
  46.431029       8.339683      -0.9293036289576220       0.5512381497381069        709
  49.558563       8.255827      -0.9361023030130771       0.5588901597668032        709
  52.685393       8.170688      -0.0000000000000000       0.0000000000000000          0
  55.811522       8.084518      -0.0000000000000000       0.0000000000000000          0
  58.936959       7.997575      -0.0000000000000000       0.0000000000000000          0
  62.061713       7.910117      -0.0000000000000000       0.0000000000000000          0
  65.185795       7.822405      -0.0000000000000000       0.0000000000000000          0
  68.309221       7.734699      -0.0000000000000000       0.0000000000000000          0
  71.432006       7.647261      -0.0000000000000000       0.0000000000000000          0
  74.554168       7.560348      -0.0000000000000000       0.0000000000000000          0
  77.675726       7.474220      -0.0000000000000000       0.0000000000000000        501
  80.796701       7.389132      -0.0000000000000000       0.0000000000000000        502
  83.917115       7.305335      -0.0000000000000000       0.0000000000000000          0
  87.036991       7.223079      -0.0000000000000000       0.0000000000000000          0
  90.156352       7.142607      -0.0000000000000000       0.0000000000000000          0
  93.275224       7.064156      -0.0000000000000000       0.0000000000000000          0
  96.393630       6.987960      -0.0000000000000000       0.0000000000000000          0
  99.511597       6.914242      -0.4120146893361172       0.0988340652290699        647
  102.629150       6.843222       0.1692023939667040       0.0863060288690501      64701
  105.746314       6.775109      -0.0280828838178988       0.1155374207866341      60402
  108.863114       6.710104      -0.0000000000000000       0.0000000000000000          0
  111.979578       6.648400      -0.0000000000000000       0.0000000000000000        613
  115.095729       6.590178      -0.0000000000000000       0.0000000000000000          0
  118.211592       6.535609      -0.0000000000000000       0.0000000000000000          0
  121.327193       6.484856      -0.0000000000000000       0.0000000000000000          0
  124.442555       6.438068      -0.0000000000000000       0.0000000000000000          0
  127.557702       6.395383      -13.1036293502744150      -4.1904378700472993        678
  130.672657       6.356927      -0.0000000000000000       0.0000000000000000          0
  133.787444       6.322813      -0.0000000000000000       0.0000000000000000          0
  136.902084       6.293142      -0.0000000000000000       0.0000000000000000          0
  140.016601       6.268001      -0.0000000000000000       0.0000000000000000          0
  143.131015       6.247464      -0.0000000000000000       0.0000000000000000          0
  146.245349       6.231592      -0.0000000000000000       0.0000000000000000          0
  46.360695       5.733475      -0.9291188187031085       0.5611211593441190        709
  49.487048       5.649651      -0.0000000000000000       0.0000000000000000          0
  52.612908       5.564538      -0.0000000000000000       0.0000000000000000          0
  55.738286       5.478389      -0.0000000000000000       0.0000000000000000          0
  58.863188       5.391461      -0.0000000000000000       0.0000000000000000          0
  61.987627       5.304013      -0.0000000000000000       0.0000000000000000          0
  65.111616       5.216304      -0.0000000000000000       0.0000000000000000          0
  68.235167       5.128595      -0.0000000000000000       0.0000000000000000          0
  71.358298       5.041147      -0.0000000000000000       0.0000000000000000          0
  74.481023       4.954219      -0.0000000000000000       0.0000000000000000          0
  77.603362       4.868070      -0.0000000000000000       0.0000000000000000          0
  80.725331       4.782955      -0.0000000000000000       0.0000000000000000          0
  83.846951       4.699126      -0.0000000000000000       0.0000000000000000          0
  86.968239       4.616833      -0.0000000000000000       0.0000000000000000          0
  90.089216       4.536319      -0.0000000000000000       0.0000000000000000          0
  93.209901       4.457824      -0.0000000000000000       0.0000000000000000          0
  96.330313       4.381578      -1.0038442029821906      -0.3789505946999995      67352
  99.450472       4.307809      -0.4234038451385869      -0.3898027360159638      67301
  102.570397       4.236735       0.1582481522051220      -0.4025855669877035      64701
  105.690106       4.168567       0.7393909012060610      -0.4171423498266411      64701
  108.809617       4.103506      -0.0000000000000000       0.0000000000000000          0
  111.928948       4.041744      -0.0000000000000000       0.0000000000000000          0
  115.048115       3.983466      -0.0000000000000000       0.0000000000000000          0
  118.167135       3.928842      -0.0000000000000000       0.0000000000000000          0
  121.286022       3.878036      -0.0000000000000000       0.0000000000000000          0
  124.404791       3.831197      -0.0000000000000000       0.0000000000000000          0
  127.523457       3.788464      -0.0000000000000000       0.0000000000000000          0
  130.642031       3.749963      -11.7125157209495010      -5.3483495723035954        678
  133.760526       3.715808      -0.0000000000000000       0.0000000000000000          0
  136.878954       3.686101      -0.0000000000000000       0.0000000000000000          0
  139.997326       3.660928      -0.0000000000000000       0.0000000000000000          0
  143.115652       3.640366      -0.0000000000000000       0.0000000000000000          0
  146.233942       3.624474      -0.0000000000000000       0.0000000000000000          0
  46.291002       3.127258      -0.9289343089842528       0.5699471964979118        709
  49.416173       3.043466      -0.0000000000000000       0.0000000000000000          0
  52.541064       2.958379      -0.0000000000000000       0.0000000000000000          0
  55.665686       2.872252      -0.0000000000000000       0.0000000000000000          0
  58.790049       2.785339      -0.0000000000000000       0.0000000000000000          0
  61.914166       2.697900      -0.0000000000000000       0.0000000000000000          0
  65.038050       2.610194      -0.0000000000000000       0.0000000000000000          0
  68.161716       2.522482      -0.0000000000000000       0.0000000000000000          0
  71.285179       2.435025      -0.0000000000000000       0.0000000000000000          0
  74.408454       2.348082      -0.0000000000000000       0.0000000000000000          0
  77.531556       2.261912      -0.0000000000000000       0.0000000000000000          0
  80.654503       2.176771      -0.0000000000000000       0.0000000000000000          0
  83.777309       2.092910      -0.0000000000000000       0.0000000000000000          0
  86.899991       2.010581      -0.0000000000000000       0.0000000000000000          0
  90.022563       1.930026      -0.0000000000000000       0.0000000000000000          0
  93.145040       1.851485      -0.0000000000000000       0.0000000000000000          0
  96.267436       1.775191      -0.0000000000000000       0.0000000000000000          0
  99.389765       1.701371      -0.4347146823501667      -0.8775937699537247      67301
  102.512039       1.630244       0.1473673807147766      -0.8906605556775741      64701
  105.634270       1.562020       0.7290038760166461      -0.9040666621260550      64701
  108.756468       1.496903      -0.0000000000000000       0.0000000000000000        614
  111.878643       1.435086      -0.0000000000000000       0.0000000000000000          0
  115.000803       1.376751      -0.0000000000000000       0.0000000000000000          0
  118.122955       1.322073      -0.0000000000000000       0.0000000000000000      61405
  121.245104       1.271214      -0.0000000000000000       0.0000000000000000          0
  124.367257       1.224324      -0.0000000000000000       0.0000000000000000          0
  127.489417       1.181543      -0.0000000000000000       0.0000000000000000          0
  130.611586       1.142997      -0.0000000000000000       0.0000000000000000          0
  133.733767       1.108802      -0.0000000000000000       0.0000000000000000          0
  136.855959       1.079059      -0.0000000000000000       0.0000000000000000          0
  139.978162       1.053856      -0.0000000000000000       0.0000000000000000          0
  143.100377       1.033268      -0.0000000000000000       0.0000000000000000          0
  146.222601       1.017355      -0.0000000000000000       0.0000000000000000          0
  46.221654       0.521036      -0.0000000000000000       0.0000000000000000          0
  49.345641       0.437276      -0.0000000000000000       0.0000000000000000          0
  52.469558       0.352216      -0.0000000000000000       0.0000000000000000          0
  55.593417       0.266110      -0.0000000000000000       0.0000000000000000          0
  58.717232       0.179213      -0.0000000000000000       0.0000000000000000          0
  61.841018       0.091783      -0.0000000000000000       0.0000000000000000          0
  64.964789       0.004080      -0.0000000000000000       0.0000000000000000          0
  68.088558      -0.083635      -0.0000000000000000       0.0000000000000000          0
  71.212342      -0.171101      -0.0000000000000000       0.0000000000000000          0
  74.336154      -0.258058      -0.0000000000000000       0.0000000000000000          0
  77.460009      -0.344249      -0.0000000000000000       0.0000000000000000          0
  80.583920      -0.429417      -0.0000000000000000       0.0000000000000000          0
  83.707899      -0.513309      -0.0000000000000000       0.0000000000000000          0
  86.831960      -0.595675      -0.0000000000000000       0.0000000000000000          0
  89.956114      -0.676270      -0.0000000000000000       0.0000000000000000          0
  93.080369      -0.754856      -0.0000000000000000       0.0000000000000000          0
  96.204736      -0.831198      -0.0000000000000000       0.0000000000000000          0
  99.329222      -0.905069      -0.4459944866672296      -1.3635278597695490      67350
  102.453833      -0.976249       0.1365146153281792      -1.3769069008894250        673
  105.578573      -1.044528       0.7186419181493179      -1.3891853548678497      64701
  108.703446      -1.109701      -0.0000000000000000       0.0000000000000000        614
  111.828452      -1.171574      -0.0000000000000000       0.0000000000000000        614
  114.953594      -1.229964      -0.0000000000000000       0.0000000000000000        614
  118.078867      -1.284697      -0.0000000000000000       0.0000000000000000          0
  121.204270      -1.335610      -0.0000000000000000       0.0000000000000000          0
  124.329797      -1.382550      -0.0000000000000000       0.0000000000000000          0
  127.455442      -1.425379      -0.0000000000000000       0.0000000000000000          0
  130.581197      -1.463969      -0.0000000000000000       0.0000000000000000          0
  133.707054      -1.498204      -0.0000000000000000       0.0000000000000000          0
  136.833003      -1.527983      -0.0000000000000000       0.0000000000000000          0
  139.959031      -1.553217      -0.0000000000000000       0.0000000000000000          0
  143.085127      -1.573831      -0.0000000000000000       0.0000000000000000          0
  146.211278      -1.589763      -0.0000000000000000       0.0000000000000000          0
>