>anchorPlateId 301
>reconstructionTime 50
>DeformingMeshPoints.gpml lat_lon_velocity_domain_28_32.gpml
>MeshNode <identity>GPlates-b7a3af0e-8119-4abb-9ae6-39bb7e5702ce</identity> <revision>GPlates-7b04c5e6-7801-49f1-bcc4-23d6f4e5417f</revision>
> reconstructionPlateId 0
> validTime TimePeriod <begin> TimeInstant <timePosition>http://gplates.org/times/distantPast</timePosition></begin> <end> TimeInstant <timePosition>http://gplates.org/times/distantFuture</timePosition></end>
  16.370858      68.615447      -0.0000000000000000       0.0000000000000000        302
  18.751605      68.917555      -0.0000000000000000       0.0000000000000000        302
  21.154386      69.231028      -0.0000000000000000       0.0000000000000000        302
  23.581151      69.555421      -0.0000000000000000       0.0000000000000000        302
  26.034011      69.890261      -0.0000000000000000       0.0000000000000000        302
  28.515256      70.235048      -0.0000000000000000       0.0000000000000000        302
  31.027370      70.589250      -0.0000000000000000       0.0000000000000000        302
  33.573056      70.952304      -0.0000000000000000       0.0000000000000000        302
  36.155252      71.323610      -0.0000000000000000       0.0000000000000000        302
  38.777159      71.702531      -0.0000000000000000       0.0000000000000000        302
  41.442261      72.088387      -0.0000000000000000       0.0000000000000000        302
  44.154353      72.480454      -0.0000000000000000       0.0000000000000000        302
  46.917570      72.877960      -0.0000000000000000       0.0000000000000000        302
  49.736413      73.280075      -0.0000000000000000       0.0000000000000000        302
  52.615781      73.685912      -0.0000000000000000       0.0000000000000000        302
  55.560994      74.094516      -0.0000000000000000       0.0000000000000000        373
  58.577819      74.504860      -0.0000000000000000       0.0000000000000000        373
  61.672490      74.915834      -0.0000000000000000       0.0000000000000000        372
  64.851722      75.326241      -0.0000000000000000       0.0000000000000000        372
  68.122706      75.734782      -0.0000000000000000       0.0000000000000000        372
  71.493089      76.140050      -0.0000000000000000       0.0000000000000000        404
  74.970934      76.540518      -0.0000000000000000       0.0000000000000000        404
  78.564636      76.934531      -0.0000000000000000       0.0000000000000000        404
  82.282798      77.320292      -0.0000000000000000       0.0000000000000000        404
  86.134043      77.695857      -0.0000000000000000       0.0000000000000000        404
  90.126754      78.059129      -0.0000000000000000       0.0000000000000000        404
  94.268729      78.407858      -0.0000000000000000       0.0000000000000000        404
  98.566726      78.739641      -0.0000000000000000       0.0000000000000000        404
  103.025911      79.051941      -0.0000000000000000       0.0000000000000000        404
  107.649205      79.342110      -0.0000000000000000       0.0000000000000000        404
  112.436547      79.607429      -0.0000000000000000       0.0000000000000000          0
  117.384148      79.845160      -0.0000000000000000       0.0000000000000000          0
  122.483782      80.052620      -0.0000000000000000       0.0000000000000000          0
  18.460277      66.134918      -0.0000000000000000       0.0000000000000000        302
  20.949843      66.447237      -0.0000000000000000       0.0000000000000000        302
  23.462216      66.770914      -0.0000000000000000       0.0000000000000000        302
  25.999303      67.105433      -0.0000000000000000       0.0000000000000000        302
  28.563147      67.450245      -0.0000000000000000       0.0000000000000000        302
  31.155944      67.804767      -0.0000000000000000       0.0000000000000000        302
  33.780048      68.168382      -0.0000000000000000       0.0000000000000000        302
  36.437991      68.540437      -0.0000000000000000       0.0000000000000000        302
  39.132489      68.920236      -0.0000000000000000       0.0000000000000000        302
  41.866459      69.307045      -0.0000000000000000       0.0000000000000000        302
  44.643030      69.700081      -0.0000000000000000       0.0000000000000000        302
  47.465554      70.098514      -0.0000000000000000       0.0000000000000000        302
  50.337620      70.501460      -0.0000000000000000       0.0000000000000000        302
  53.263059      70.907978      -0.0000000000000000       0.0000000000000000        373
  56.245951      71.317067      -0.0000000000000000       0.0000000000000000        373
  59.290629      71.727658      -0.0000000000000000       0.0000000000000000        372
  62.401672      72.138611      -0.0000000000000000       0.0000000000000000        372
  65.583891      72.548709      -0.0000000000000000       0.0000000000000000        372
  68.842310      72.956651      -0.0000000000000000       0.0000000000000000        372
  72.182127      73.361049      -0.0000000000000000       0.0000000000000000        372
  75.608658      73.760421      -0.0000000000000000       0.0000000000000000        401
  79.127264      74.153186      -0.0000000000000000       0.0000000000000000        404
  82.743245      74.537665      -0.0000000000000000       0.0000000000000000        404
  86.461710      74.912070      -0.0000000000000000       0.0000000000000000        404
  90.287404      75.274517      -0.0000000000000000       0.0000000000000000        404
  94.224506      75.623019      -0.0000000000000000       0.0000000000000000        404
  98.276373      75.955502      -0.0000000000000000       0.0000000000000000        404
  102.445262      76.269816      -0.0000000000000000       0.0000000000000000        404
  106.732010      76.563755      -0.0000000000000000       0.0000000000000000        401
  111.135699      76.835088      -0.0000000000000000       0.0000000000000000        401
  115.653327      77.081592      -0.0000000000000000       0.0000000000000000        401
  120.279513      77.301099      -0.0000000000000000       0.0000000000000000        401
  125.006262      77.491547      -0.0000000000000000       0.0000000000000000          0
  20.175478      63.631239      -0.0000000000000000       0.0000000000000000        302
  22.750371      63.951604      -0.0000000000000000       0.0000000000000000        302
  25.348002      64.283258      -0.0000000000000000       0.0000000000000000        302
  27.970172      64.625621      -0.0000000000000000       0.0000000000000000        302
  30.618801      64.978074      -0.0000000000000000       0.0000000000000000        302
  33.295928      65.339968      -0.0000000000000000       0.0000000000000000        302
  36.003720      65.710610      -0.0000000000000000       0.0000000000000000        302
  38.744480      66.089273      -0.0000000000000000       0.0000000000000000        302
  41.520651      66.475184      -0.0000000000000000       0.0000000000000000        302
  44.334823      66.867528      -0.0000000000000000       0.0000000000000000        302
  47.189738      67.265442      -0.0000000000000000       0.0000000000000000        302
  50.088291      67.668013      -0.0000000000000000       0.0000000000000000        302
  53.033528      68.074275      -0.0000000000000000       0.0000000000000000        302
  56.028650      68.483208      -0.0000000000000000       0.0000000000000000        302
  59.076999      68.893729      -0.0000000000000000       0.0000000000000000        302
  62.182051      69.304695      -0.0000000000000000       0.0000000000000000        302
  65.347399      69.714897      -0.0000000000000000       0.0000000000000000        372
  68.576721      70.123053      -0.0000000000000000       0.0000000000000000        372
  71.873754      70.527812      -0.0000000000000000       0.0000000000000000        401
  75.242241      70.927748      -0.0000000000000000       0.0000000000000000        401
  78.685873      71.321356      -0.0000000000000000       0.0000000000000000        401
  82.208216      71.707056      -0.0000000000000000       0.0000000000000000        401
  85.812617      72.083191      -0.0000000000000000       0.0000000000000000        401
  89.502095      72.448032      -0.0000000000000000       0.0000000000000000        401
  93.279213      72.799781      -0.0000000000000000       0.0000000000000000        401
  97.145925      73.136581      -0.0000000000000000       0.0000000000000000        401
  101.103418      73.456530      -0.0000000000000000       0.0000000000000000        401
  105.151933      73.757691      -0.0000000000000000       0.0000000000000000        401
  109.290583      74.038123      -0.0000000000000000       0.0000000000000000        401
  113.517184      74.295895      -0.0000000000000000       0.0000000000000000        401
  117.828090      74.529126      -0.0000000000000000       0.0000000000000000        401
  122.218075      74.736016      -0.0000000000000000       0.0000000000000000        401
  126.680258      74.914884      -0.0000000000000000       0.0000000000000000      42400
  21.611784      61.110445      -0.0000000000000000       0.0000000000000000        302
  24.255106      61.437310      -0.0000000000000000       0.0000000000000000        302
  26.920601      61.775361      -0.0000000000000000       0.0000000000000000        302
  29.609948      62.123961      -0.0000000000000000       0.0000000000000000        302
  32.324919      62.482435      -0.0000000000000000       0.0000000000000000        302
  35.067379      62.850071      -0.0000000000000000       0.0000000000000000        302
  37.839297      63.226117      -0.0000000000000000       0.0000000000000000        302
  40.642739      63.609782      -0.0000000000000000       0.0000000000000000        302
  43.479879      64.000231      -0.0000000000000000       0.0000000000000000        302
  46.352994      64.396584      -0.0000000000000000       0.0000000000000000        302
  49.264462      64.797914      -0.0000000000000000       0.0000000000000000        302
  52.216765      65.203246      -0.0000000000000000       0.0000000000000000        302
  55.212476      65.611554      -0.0000000000000000       0.0000000000000000        302
  58.254255      66.021757      -0.0000000000000000       0.0000000000000000        302
  61.344836      66.432720      -0.0000000000000000       0.0000000000000000        302
  64.487007      66.843250      -0.0000000000000000       0.0000000000000000        302
  67.683589      67.252094      -0.0000000000000000       0.0000000000000000        390
  70.937408      67.657938      -0.0000000000000000       0.0000000000000000        401
  74.251257      68.059408      -0.0000000000000000       0.0000000000000000        401
  77.627850      68.455066      -0.0000000000000000       0.0000000000000000        401
  81.069769      68.843415      -0.0000000000000000       0.0000000000000000        401
  84.579402      69.222895      -0.0000000000000000       0.0000000000000000        401
  88.158862      69.591896      -0.0000000000000000       0.0000000000000000        401
  91.809910      69.948753      -0.0000000000000000       0.0000000000000000        401
  95.533851      70.291762      -0.0000000000000000       0.0000000000000000        401
  99.331438      70.619184      -0.0000000000000000       0.0000000000000000        401
  103.202761      70.929264      -0.0000000000000000       0.0000000000000000        401
  107.147138      71.220240      -0.0000000000000000       0.0000000000000000        401
  111.163005      71.490370      -0.0000000000000000       0.0000000000000000        401
  115.247827      71.737949      -0.0000000000000000       0.0000000000000000        401
  119.398015      71.961334      -0.0000000000000000       0.0000000000000000        401
  123.608877      72.158977      -0.0000000000000000       0.0000000000000000        401
  127.874601      72.329449      -0.0000000000000000       0.0000000000000000        401
  22.835346      58.576675      -0.0000000000000000       0.0000000000000000        302
  25.534643      58.908902      -0.0000000000000000       0.0000000000000000        302
  28.255268      59.252197      -0.0000000000000000       0.0000000000000000        302
  30.998770      59.605870      -0.0000000000000000       0.0000000000000000        302
  33.766771      59.969199      -0.0000000000000000       0.0000000000000000        302
  36.560970      60.341419      -0.0000000000000000       0.0000000000000000        302
  39.383139      60.721727      -0.0000000000000000       0.0000000000000000        302
  42.235127      61.109280      -0.0000000000000000       0.0000000000000000        302
  45.118858      61.503189      -0.0000000000000000       0.0000000000000000        302
  48.036328      61.902525      -0.0000000000000000       0.0000000000000000        302
  50.989600      62.306310      -0.0000000000000000       0.0000000000000000        302
  53.980799      62.713521      -0.0000000000000000       0.0000000000000000        302
  57.012101      63.123085      -0.0000000000000000       0.0000000000000000        302
  60.085723      63.533880      -0.0000000000000000       0.0000000000000000        302
  63.203910      63.944733      -0.0000000000000000       0.0000000000000000        390
  66.368911      64.354419      -0.0000000000000000       0.0000000000000000        468
  69.582959      64.761661      -0.0000000000000000       0.0000000000000000        401
  72.848241      65.165129      -0.0000000000000000       0.0000000000000000        401
  76.166865      65.563441      -0.0000000000000000       0.0000000000000000        401
  79.540818      65.955165      -0.0000000000000000       0.0000000000000000        401
  82.971924      66.338821      -0.0000000000000000       0.0000000000000000        401
  86.461783      66.712885      -0.0000000000000000       0.0000000000000000        401
  90.011722      67.075792      -0.0000000000000000       0.0000000000000000        401
  93.622721      67.425946      -0.0000000000000000       0.0000000000000000        401
  97.295350      67.761727      -0.0000000000000000       0.0000000000000000        401
  101.029693      68.081501      -0.0000000000000000       0.0000000000000000        401
  104.825277      68.383633      -0.0000000000000000       0.0000000000000000        401
  108.681001      68.666504      -0.0000000000000000       0.0000000000000000        401
  112.595070      68.928525      -0.0000000000000000       0.0000000000000000        401
  116.564946      69.168161      -0.0000000000000000       0.0000000000000000        401
  120.587303      69.383946      -0.0000000000000000       0.0000000000000000        401
  124.658012      69.574510      -0.0000000000000000       0.0000000000000000        401
  128.772144      69.738603      -0.0000000000000000       0.0000000000000000      43102
  23.893339      56.032852      -0.0000000000000000       0.0000000000000000        302
  26.639233      56.369585      -2.0139491029225880       0.1962738669369240        334
  29.405454      56.717258      -0.0000000000000000       0.0000000000000000        302
  32.193425      57.075140      -0.0000000000000000       0.0000000000000000        302
  35.004626      57.442463      -0.0000000000000000       0.0000000000000000        302
  37.840598      57.818420      -0.0000000000000000       0.0000000000000000        302
  40.702936      58.202164      -0.0000000000000000       0.0000000000000000        302
  43.593293      58.592807      -0.0000000000000000       0.0000000000000000        302
  46.513371      58.989418      -0.0000000000000000       0.0000000000000000        302
  49.464923      59.391024      -0.0000000000000000       0.0000000000000000        302
  52.449739      59.796610      -0.0000000000000000       0.0000000000000000        302
  55.469647      60.205114      -0.0000000000000000       0.0000000000000000        302
  58.526496      60.615429      -0.0000000000000000       0.0000000000000000        302
  61.622144      61.026403      -0.0000000000000000       0.0000000000000000        390
  64.758447      61.436836      -0.0000000000000000       0.0000000000000000        390
  67.937233      61.845484      -0.0000000000000000       0.0000000000000000        468
  71.160287      62.251056      -0.0000000000000000       0.0000000000000000        401
  74.429319      62.652215      -0.0000000000000000       0.0000000000000000        401
  77.745936      63.047585      -0.0000000000000000       0.0000000000000000        401
  81.111607      63.435744      -0.0000000000000000       0.0000000000000000        401
  84.527625      63.815237      -0.0000000000000000       0.0000000000000000        401
  87.995064      64.184576      -0.0000000000000000       0.0000000000000000        401
  91.514733      64.542246      -0.0000000000000000       0.0000000000000000        401
  95.087122      64.886711      -0.0000000000000000       0.0000000000000000        401
  98.712359      65.216427      -0.0000000000000000       0.0000000000000000        401
  102.390153      65.529849      -0.0000000000000000       0.0000000000000000        401
  106.119744      65.825445      -0.0000000000000000       0.0000000000000000        401
  109.899858      66.101708      -0.0000000000000000       0.0000000000000000        401
  113.728669      66.357173      -0.0000000000000000       0.0000000000000000        401
  117.603764      66.590435      -0.0000000000000000       0.0000000000000000        401
  121.522126      66.800162      -0.0000000000000000       0.0000000000000000        401
  125.480130      66.985120      -0.0000000000000000       0.0000000000000000        401
  129.473558      67.144186      -0.0000000000000000       0.0000000000000000      43101
  24.820236      53.481097      -1.8258139554924164       0.6982813456455163        334
  27.605525      53.821676      -0.0000000000000000       0.0000000000000000        302
  30.410060      54.173066      -0.0000000000000000       0.0000000000000000        302
  33.235145      54.534499      -0.0000000000000000       0.0000000000000000        302
  36.082132      54.905168      -0.0000000000000000       0.0000000000000000        302
  38.952415      55.284228      -0.0000000000000000       0.0000000000000000        302
  41.847433      55.670793      -0.0000000000000000       0.0000000000000000        302
  44.768661      56.063940      -0.0000000000000000       0.0000000000000000        302
  47.717613      56.462702      -0.0000000000000000       0.0000000000000000        302
  50.695830      56.866072      -0.0000000000000000       0.0000000000000000        302
  53.704874      57.273001      -0.0000000000000000       0.0000000000000000        302
  56.746325      57.682400      -0.0000000000000000       0.0000000000000000        302
  59.821760      58.093134      -0.0000000000000000       0.0000000000000000        302
  62.932752      58.504030      -0.0000000000000000       0.0000000000000000        390
  66.080844      58.913870      -0.0000000000000000       0.0000000000000000        468
  69.267539      59.321397      -0.0000000000000000       0.0000000000000000        468
  72.494274      59.725315      -0.0000000000000000       0.0000000000000000        401
  75.762402      60.124288      -0.0000000000000000       0.0000000000000000        401
  79.073159      60.516946      -0.0000000000000000       0.0000000000000000        401
  82.427641      60.901888      -0.0000000000000000       0.0000000000000000        401
  85.826767      61.277683      -0.0000000000000000       0.0000000000000000        401
  89.271248      61.642877      -0.0000000000000000       0.0000000000000000        401
  92.761548      61.996003      -0.0000000000000000       0.0000000000000000        401
  96.297848      62.335582      -0.0000000000000000       0.0000000000000000        401
  99.880006      62.660134      -0.0000000000000000       0.0000000000000000        401
  103.507520      62.968193      -0.0000000000000000       0.0000000000000000        401
  107.179495      63.258310      -0.0000000000000000       0.0000000000000000        401
  110.894610      63.529073      -0.0000000000000000       0.0000000000000000        401
  114.651091      63.779115      -0.0000000000000000       0.0000000000000000        401
  118.446699      64.007136      -0.0000000000000000       0.0000000000000000        401
  122.278715      64.211908      -0.0000000000000000       0.0000000000000000        401
  126.143948      64.392301      -0.0000000000000000       0.0000000000000000        401
  130.038750      64.547293      -0.0000000000000000       0.0000000000000000      43102
  25.641774      50.922986      -0.0000000000000000       0.0000000000000000        302
  28.460832      51.266894      -0.0000000000000000       0.0000000000000000        302
  31.298019      51.621486      -0.0000000000000000       0.0000000000000000        302
  34.154532      51.985958      -0.0000000000000000       0.0000000000000000        302
  37.031605      52.359472      -0.0000000000000000       0.0000000000000000        302
  39.930501      52.741149      -0.0000000000000000       0.0000000000000000        302
  42.852520      53.130071      -0.0000000000000000       0.0000000000000000        302
  45.798984      53.525283      -0.0000000000000000       0.0000000000000000        302
  48.771241      53.925787      -0.0000000000000000       0.0000000000000000        302
  51.770651      54.330549      -0.0000000000000000       0.0000000000000000        302
  54.798587      54.738494      -0.0000000000000000       0.0000000000000000        302
  57.856417      55.148509      -0.0000000000000000       0.0000000000000000        302
  60.945502      55.559439      -0.0000000000000000       0.0000000000000000        390
  64.067177      55.970095      -0.0000000000000000       0.0000000000000000        468
  67.222740      56.379248      -0.0000000000000000       0.0000000000000000        468
  70.413436      56.785634      -0.0000000000000000       0.0000000000000000        468
  73.640435      57.187954      -0.0000000000000000       0.0000000000000000        401
  76.904817      57.584878      -0.0000000000000000       0.0000000000000000        401
  80.207541      57.975049      -0.0000000000000000       0.0000000000000000        401
  83.549431      58.357082      -0.0000000000000000       0.0000000000000000        401
  86.931138      58.729573      -0.0000000000000000       0.0000000000000000        401
  90.353122      59.091105      -0.0000000000000000       0.0000000000000000        401
  93.815615      59.440251      -0.0000000000000000       0.0000000000000000        401
  97.318596      59.775582      -0.0000000000000000       0.0000000000000000        401
  100.861763      60.095679      -0.0000000000000000       0.0000000000000000        401
  104.444501      60.399139      -0.0000000000000000       0.0000000000000000        401
  108.065862      60.684587      -0.0000000000000000       0.0000000000000000        401
  111.724538      60.950688      -0.0000000000000000       0.0000000000000000        401
  115.418854      61.196158      -0.0000000000000000       0.0000000000000000        401
  119.146747      61.419779      -0.0000000000000000       0.0000000000000000        401
  122.905773      61.620410      -0.0000000000000000       0.0000000000000000        401
  126.693108      61.797003      -0.0000000000000000       0.0000000000000000        401
  130.505567      61.948614      -0.0000000000000000       0.0000000000000000        401
  26.377544      48.359711      -0.0000000000000000       0.0000000000000000        302
  29.225904      48.706537      -0.0000000000000000       0.0000000000000000        302
  32.091272      49.063921      -0.0000000000000000       0.0000000000000000        302
  34.974744      49.431031      -0.0000000000000000       0.0000000000000000        302
  37.877447      49.806998      -0.0000000000000000       0.0000000000000000        302
  40.800531      50.190914      -0.0000000000000000       0.0000000000000000        302
  43.745169      50.581833      -0.0000000000000000       0.0000000000000000        302
  46.712551      50.978772      -0.0000000000000000       0.0000000000000000        302
  49.703881      51.380709      -0.0000000000000000       0.0000000000000000        302
  52.720368      51.786586      -0.0000000000000000       0.0000000000000000        302
  55.763220      52.195306      -0.0000000000000000       0.0000000000000000        302
  58.833634      52.605738      -0.0000000000000000       0.0000000000000000        302
  61.932788      53.016712      -0.0000000000000000       0.0000000000000000        390
  65.061827      53.427026      -0.0000000000000000       0.0000000000000000        468
  68.221851      53.835445      -0.0000000000000000       0.0000000000000000        458
  71.413900      54.240700      -0.0000000000000000       0.0000000000000000        468
  74.638937      54.641495      -0.0000000000000000       0.0000000000000000        468
  77.897830      55.036508      -0.4950016073704487       0.1762793381906549          0
  81.191334      55.424393      -1.3785587001478741       0.5704697915570702          0
  84.520067      55.803787      -1.3966605611028049       0.6637698111953624          0
  87.884490      56.173310      -1.0210168593700140       0.5522624066840211          0
  91.284883      56.531578      -0.2827948234409716       0.1720302718581976          0
  94.721325      56.877202      -0.0000000000000000       0.0000000000000000        401
  98.193665      57.208800      -0.0000000000000000       0.0000000000000000        401
  101.701504      57.525004      -0.0000000000000000       0.0000000000000000        401
  105.244176      57.824467      -0.0000000000000000       0.0000000000000000        401
  108.820725      58.105878      -0.0000000000000000       0.0000000000000000        401
  112.429893      58.367966      -0.0000000000000000       0.0000000000000000        401
  116.070113      58.609516      -0.0000000000000000       0.0000000000000000          0
  119.739497      58.829380      -0.0000000000000000       0.0000000000000000        401
  123.435843      59.026487      -0.0000000000000000       0.0000000000000000        401
  127.156641      59.199854      -0.0000000000000000       0.0000000000000000        401
  130.899087      59.348603      -0.0000000000000000       0.0000000000000000        401
  27.042719      45.792196      -0.0000000000000000       0.0000000000000000        302
  29.916788      46.141606       1.2992390361565969       1.4163961437049974        337
  32.806753      46.501453      -0.0000000000000000       0.0000000000000000        302
  35.713619      46.870878      -0.0000000000000000       0.0000000000000000        302
  38.638417      47.248985      -2.0525911468446205      -0.3223095123190826        503
  41.582195      47.634840      -2.2083460505904693      -0.2696714002280694        503
  44.546015      48.027474      -0.0000000000000000       0.0000000000000000        302
  47.530953      48.425877      -0.0000000000000000       0.0000000000000000        302
  50.538087      48.829009      -0.0000000000000000       0.0000000000000000        302
  53.568495      49.235790      -0.0000000000000000       0.0000000000000000        302
  56.623249      49.645105      -0.0000000000000000       0.0000000000000000        302
  59.703401      50.055809      -0.0000000000000000       0.0000000000000000        390
  62.809978      50.466721      -0.0000000000000000       0.0000000000000000        465
  65.943970      50.876629      -0.0000000000000000       0.0000000000000000        458
  69.106316      51.284293      -0.0000000000000000       0.0000000000000000        458
  72.297894      51.688446      -0.0000000000000000       0.0000000000000000        459
  75.519502      52.087794      -1.7381965130658816       0.3416924862818613          0
  78.771849      52.481023      -3.2354585530001896       1.1798441628066030        580
  82.055528      52.866804      -3.1517679166126178       1.3305566579653436        580
  85.371008      53.243790      -3.0567676184298702       1.4798348685264870        580
  88.718610      53.610629      -2.9504661802089149       1.6269521794653643        580
  92.098490      53.965964      -2.8329258722911508       1.7711446471764956        580
  95.510620      54.308444      -1.4108634035730734       0.9809201050008332          0
  98.954768      54.636727      -0.0000000000000000       0.0000000000000000        401
  102.430484      54.949489      -0.0000000000000000       0.0000000000000000        401
  105.937083      55.245437      -0.0000000000000000       0.0000000000000000        401
  109.473631      55.523310      -0.0000000000000000       0.0000000000000000          0
  113.038935      55.781896       0.0101244783116631      -0.0687127724458450          0
  116.631540      56.020037       0.0430256269027655      -0.1543844307077764          0
  120.249720      56.236643       0.0587062073115678      -0.2194648270777860          0
  123.891489      56.430703       0.0303157692959285      -0.2359218097829393          0
  127.554604      56.601290      -0.0290822411384540      -0.1953185847270047          0
  131.236581      56.747576      -0.0996810123282826      -0.1082670177849143          0
  27.649230      43.221161      -0.0000000000000000       0.0000000000000000        319
  30.546084      43.572884       1.4385104840216316       0.6499881901395919        337
  33.457738      43.934926      -0.0000000000000000       0.0000000000000000        551
  36.385118      44.306405      -0.0000000000000000       0.0000000000000000        551
  39.329168      44.686400      -2.0896405323743110      -0.1167819808790039        503
  42.290843      45.073954      -2.2449853958360793      -0.0657789076323742        503
  45.271111      45.468075      -2.3952508648266173      -0.0079952999436094        503
  48.270945      45.867736      -2.5399588342887292       0.0566849652083544        503
  51.291315      46.271874      -0.0000000000000000       0.0000000000000000        302
  54.333190      46.679395      -0.0000000000000000       0.0000000000000000        302
  57.397521      47.089169      -0.0000000000000000       0.0000000000000000        302
  60.485240      47.500038      -0.0000000000000000       0.0000000000000000        390
  63.597251      47.910812      -0.0000000000000000       0.0000000000000000        466
  66.734412      48.320274      -0.0000000000000000       0.0000000000000000        458
  69.897536      48.727181      -0.0000000000000000       0.0000000000000000        460
  73.087368      49.130266      -2.7782592962263783       0.2853193514516772          0
  76.304578      49.528243      -3.3743620465567927       0.4388175361762153        501
  79.549746      49.919806      -3.4186183517936124       0.7203920281977281          0
  82.823347      50.303641      -3.1306948946607331       1.3252669185898573        580
  86.125735      50.678419      -3.0337000766248146       1.4685835573622177        580
  89.457131      51.042812      -2.9256457651365029       1.6096878544253497        580
  92.817600      51.395492      -2.8066317881392360       1.7478450338433769        580
  96.207046      51.735139      -2.6768157048311232       1.8822926726967510        580
  99.625189      52.060449      -1.5286484030111391       1.1941971025267846          0
  103.071553      52.370140      -0.4196970805075735       0.3063498166380762          0
  106.545458      52.662961      -0.4665964695859834       0.2372212762000903          0
  110.046008      52.937699      -0.4882367816297517       0.1917557929682572          0
  113.572081      53.193190      -0.2457702051608182      -0.0499600720508944          0
  117.122332      53.428328      -0.0398997684802675      -0.2855148131434545          0
  120.695186      53.642074       0.0547606658178849      -0.4498724937483182          0
  124.288846      53.833463       0.0263821428629151      -0.4968765997107250          0
  127.901300      54.001618      -0.0924092328040729      -0.4303257855259655          0
  131.530334      54.145755      -0.2376796767680335      -0.2896625210174755          0
  28.206601      40.647181      -0.0000000000000000       0.0000000000000000        521
  31.123830      41.000993      -1.2004169754214300       0.0937837767534164        715
  34.054788      41.365010      -0.0000000000000000       0.0000000000000000        520
  37.000327      41.738327      -0.0000000000000000       0.0000000000000000        526
  39.961314      42.120003      -0.0000000000000000       0.0000000000000000        551
  42.938621      42.509061      -0.0000000000000000       0.0000000000000000        551
  45.933132      42.904488      -2.4277645380716528       0.1909739510608092        503
  48.945730      43.305238      -2.5715642872676683       0.2531592054323135        503
  51.977293      43.710235      -2.7090934661796298       0.3221041569609351        503
  55.028691      44.118367      -2.8398646386150128       0.3978694917256468        503
  58.100778      44.528494      -0.0000000000000000       0.0000000000000000        302
  61.194384      44.939447      -0.0000000000000000       0.0000000000000000        390
  64.310306      45.350030      -0.0000000000000000       0.0000000000000000        466
  67.449299      45.759021      -0.0000000000000000       0.0000000000000000        458
  70.612066      46.165176      -1.6050486667374164       0.2354754252501426          0
  73.799250      46.567233      -3.2771805422040456       0.5302394888038725        501
  77.011417      46.963909      -3.4006213427980811       0.6400959674081005        501
  80.249049      47.353912      -3.5142268229081042       0.7581363692104161        501
  83.512526      47.735938      -3.6173854071328249       0.8841588476213498        501
  86.802119      48.108680      -3.2853731500504120       1.3224006122435024          0
  90.117973      48.470831      -3.1860765238993354       1.4963313353812830          0
  93.460094      48.821088      -3.0076075290483981       1.6731334830182800          0
  96.828339      49.158162      -2.8885441579526905       1.8246334843287946          0
  100.222400      49.480783      -2.8221833673612089       1.7908053432844255          0
  103.641799      49.787706      -2.3961592834265297       1.3694522756446976          0
  107.085873      50.077717      -2.2231469091232592       1.1501448773159377          0
  110.553772      50.349648      -1.1369492168876447       0.4529872863407422          0
  114.044449      50.602376      -0.4461701697132509      -0.0912951367655437          0
  117.556663      50.834840      -0.0821668260352744      -0.4677039964416435          0
  121.088975      51.046043       0.0611693462300407      -0.7030023735951405          0
  124.639759      51.235064       0.0260992391282432      -0.7747515596606349          0
  128.207203      51.401066      -0.1373431826602231      -0.6905020391994805          0
  131.789326      51.543304      -0.3529132239273133      -0.4925702824933302          0
  28.722528      38.070721      -0.0000000000000000       0.0000000000000000        522
  31.658130      38.426434      -1.2042089871849468       0.1288560518199552        715
  34.606416      38.792243      -1.2232417482323426       0.1640691043004876        715
  37.568170      39.167221      -0.0000000000000000       0.0000000000000000        525
  40.544187      39.550408      -0.0000000000000000       0.0000000000000000        526
  43.535270      39.940808      -0.0000000000000000       0.0000000000000000        526
  46.542225      40.337391      -0.0000000000000000       0.0000000000000000        526
  49.565855      40.739096      -2.6002952152337411       0.4460364559116273        503
  52.606961      41.144830      -2.7367202245062181       0.5118405158690415        503
  55.666328      41.553471      -2.8661860616669328       0.5842184471671308        503
  58.744726      41.963868      -2.9882101334098659       0.6631961964104988        503
  61.842895      42.374843      -0.0000000000000000       0.0000000000000000        390
  64.961547      42.785195      -0.0000000000000000       0.0000000000000000        467
  68.101349      43.193701      -0.5530979988600078       0.0954402827267516          0
  71.262917      43.599117      -3.1075812251881132       0.6204370677465043          0
  74.446808      44.000182      -3.3029073133596007       0.7301256835413794        501
  77.653505      44.395624      -3.4240265971275483       0.8353125942778041        501
  80.883414      44.784159      -3.5351825356704900       0.9483228741800718        501
  84.136843      45.164498      -3.6357928041094185       1.0689499932187143        501
  87.414000      45.535351      -3.7252877839086467       1.1969256023563659        501
  90.714975      45.895432      -3.8031154007203671       1.3319168549791314        501
  94.039734      46.243463      -3.7293562594322744       1.5291641282725779          0
  97.388105      46.578183      -3.6062410825472719       1.7282093157103677          0
  100.759770      46.898351      -3.6506554237381872       1.8690188727299715          0
  104.154257      47.202756      -3.7254403828184040       1.9222531814349608          0
  107.570933      47.490222      -3.9998698592476924       2.0957498625369437        501
  111.008995      47.759614      -1.4703928331071623       0.5074686094202421          0
  114.467472      48.009851      -0.4206001056118214      -0.3069997249559977          0
  117.945222      48.239909       0.0235542043617278      -0.7757253435379067          0
  121.440932      48.448829       0.1581835473113019      -1.0456218893776186          0
  124.953124      48.635728       0.0782939669187023      -1.1163180174789864          0
  128.480166      48.799804      -0.1541374697242665      -0.9915930147400432          0
  132.020275      48.940345      -0.4441704588931014      -0.7214379223943783          0
  29.203312      35.492159      -1.1859272530288085       0.1303924430524581        715
  32.155609      35.849616      -1.2076455336082810       0.1624685323646718        715
  35.119570      36.217063      -0.0000000000000000       0.0000000000000000        522
  38.095916      36.593553      -2.0232839106481184       0.4477609164792253        503
  41.085381      36.978109      -2.1824574457776773       0.4855764341330335        503
  44.088700      37.369718      -2.3363866600438765       0.5293415019116798        503
  47.106614      37.767334      -0.0000000000000000       0.0000000000000000        505
  50.139858      38.169881      -2.6266178352684744       0.6352091137310273        503
  53.189160      38.576255      -2.7619702216206772       0.6974999818418242        503
  56.255234      38.985321      -2.8901806059671720       0.7661107896399481        503
  59.338776      39.395921      -3.0107754110884937       0.8410654796492971        503
  62.440455      39.806871      -0.0000000000000000       0.0000000000000000        301
  65.560907      40.216965      -0.0000000000000000       0.0000000000000000        467
  68.700725      40.624978      -0.0000000000000000       0.0000000000000000        466
  71.860456      41.029667      -0.0000000000000000       0.0000000000000000        466
  75.040587      41.429779      -3.3261268144855434       0.9244960603898611        501
  78.241535      41.824045      -3.4450841590408361       1.0246170292090402        501
  81.463644      42.211194      -3.5539705302635936       1.1322124413955419        501
  84.707168      42.589951      -3.6522310492671561       1.2470751696045046        501
  87.972269      42.959041      -3.7393262949878325       1.3689386021460466        501
  91.258997      43.317200      -3.8147368754339448       1.4974744588636053        501
  94.567292      43.663172      -3.8779684626325444       1.6322912228232347        501
  97.896967      43.995721      -3.9285572539172069       1.7729332962008910        501
  101.247704      44.313636      -3.9660758013284187       1.9188809879274831        501
  104.619048      44.615735      -3.9901391283642242       2.0695514354191125        501
  108.010397      44.900873      -0.6036725944436961      -0.1449878755740707          0
  111.421002      45.167952      -0.6532322893427602      -0.2157451462606380          0
  114.849963      45.415922       0.0466158783755531      -0.8501182334027537          0
  118.296232      45.643795       0.3518669804724811      -1.2624060188859936          0
  121.758610      45.850646       0.3565782221294966      -1.4698780235377116          0
  125.235756      46.035625       0.1641579588254864      -1.5063777017943405          0
  128.726192      46.197961      -0.1339109469151830      -1.3714095222756337          0
  132.228313      46.336970      -0.4942984187777594      -1.0337537708023781          0
  29.654167      32.911809      -1.1894491169875727       0.1645305230857329        715
  32.621743      33.270877      -1.2107829346354895       0.1946615765799459        715
  35.599985      33.639832      -0.0000000000000000       0.0000000000000000          0
  38.589560      34.017709      -0.0000000000000000       0.0000000000000000          0
  41.591144      34.403515      -2.2088108597273797       0.6808767697487014        503
  44.605414      34.796220      -2.3622342191967465       0.7215766351967429        503
  47.633051      35.194766      -0.0000000000000000       0.0000000000000000        505
  50.674729      35.598063      -0.0000000000000000       0.0000000000000000        505
  53.731115      36.004995      -0.0000000000000000       0.0000000000000000        505
  56.802860      36.414419      -0.0000000000000000       0.0000000000000000        505
  59.890597      36.825169      -3.0314466722750213       1.0140592262908057        503
  62.994933      37.236055      -3.1424412818141656       1.0907198745001510        503
  66.116440      37.645869      -3.2447500462297914       1.1734093468322992        503
  69.255653      38.053385      -0.0000000000000000       0.0000000000000000        301
  72.413058      38.457364      -0.0000000000000000       0.0000000000000000          0
  75.589085      38.856555      -3.3472583037935957       1.1133684462366842        501
  78.784101      39.249699      -3.4641918543588281       1.2080690663967251        501
  81.998401      39.635535      -3.5709634088072968       1.3099051662933914        501
  85.232198      40.012800      -3.6670438822062361       1.4186724175009742        501
  88.485617      40.380237      -3.7519219370572090       1.5341092517118440        501
  91.758684      40.736599      -3.8251082827410094       1.6558950882192247        501
  95.051323      41.080654      -3.8861403614438776       1.7836491721478063        501
  98.363342      41.411189      -3.9345873805121236       1.9169301160501138        501
  101.694430      41.727019      -3.9700556331806123       2.0552362347393056        501
  105.044154      42.026989      -4.1866246720007938       2.3709917813162473        607
  108.411948      42.309985       0.4862654442297900      -0.9765229622660822          0
  111.797116      42.574937       0.9014782894434428      -1.4197174767071996          0
  115.198830      42.820829       0.7420921207993831      -1.5145339661341963          0
  118.616126      43.046702       0.5845634672205378      -1.6151306081432566          0
  122.047911      43.251662       0.3928620352226701      -1.6945227208097369          0
  125.492968      43.434888       0.1672012874991387      -1.7544002129947578          0
  128.949956      43.595638      -0.0942780797855218      -1.7714086038597199          0
  132.417429      43.733253      -0.3831544972603402      -1.7318868046263283          0
  30.079460      30.329932      -1.1927037976024668       0.1973900831188405        715
  33.061109      30.690499      -1.2136668098440324       0.2254598500851868        715
  36.052450      31.060851      -1.2313958512469525       0.2547371354625270        715
  39.054099      31.440010      -0.0000000000000000       0.0000000000000000          0
  42.066679      31.826964      -0.0000000000000000       0.0000000000000000          0
  45.090816      32.220672      -2.3863404765134106       0.9103626133495364        503
  48.127136      32.620060      -2.5331774792248778       0.9532639117748090        503
  51.176261      33.024029      -0.0000000000000000       0.0000000000000000        505
  54.238802      33.431451      -0.0000000000000000       0.0000000000000000        505
  57.315358      33.841177      -0.0000000000000000       0.0000000000000000        505
  60.406506      34.252032      -0.0000000000000000       0.0000000000000000        505
  63.512800      34.662824      -0.0000000000000000       0.0000000000000000        506
  66.634760      35.072342      -0.0000000000000000       0.0000000000000000        506
  69.772870      35.479361      -0.0000000000000000       0.0000000000000000      50601
  72.927567      35.882644      -0.0000000000000000       0.0000000000000000          0
  76.099236      36.280945      -0.0000000000000000       0.0000000000000000          0
  79.288202      36.673014      -3.4816665459393845       1.3856601923047869        501
  82.494722      37.057599      -3.5864566276583187       1.4814270491303283        501
  85.718980      37.433452      -3.6805025711401305       1.5838003018105633        501
  88.961074      37.799330      -3.7633192493642111       1.6925261741370670        501
  92.221015      38.154005      -3.8344452228377319       1.8072943655554221        501
  95.498718      38.496265      -3.8934470901414890       1.9277372230435719        501
  98.793993      38.824919      -3.9399241191357204       2.0534295928477060        501
  102.106544      39.138805      -0.0000000000000000       0.0000000000000000          0
  105.435962      39.436797      -1.3729243379075911       0.1403862218318486          0
  108.781721      39.717806      -0.2788154674018518      -0.6116231448296661          0
  112.143176      39.980791      -0.1279769601869353      -0.7888045661504477          0
  115.519567      40.224762      -0.1095011787240574      -0.9074078752395657          0
  118.910011      40.448790      -0.1105098886156065      -1.0358887525273204          0
  122.313513      40.652008      -0.1793789620820230      -1.1283663218573108          0
  125.728966      40.833622      -0.3305714279046358      -1.1177513557855696          0
  129.155156      40.992915      -0.5513481395933845      -0.9720825307263107          0
  132.590774      41.129249      -0.8622813867706070      -0.6018284049995312          0
  30.482884      27.746750      -1.1957303943650739       0.2289737151539439        715
  33.477577      28.108719      -1.2163345039714488       0.2548757579154620        715
  36.481007      28.480374      -1.2336620163685095       0.2819488351997914        715
  39.493744      28.860723      -0.0000000000000000       0.0000000000000000          0
  42.516364      29.248741      -0.0000000000000000       0.0000000000000000          0
  45.549446      29.643370      -0.0000000000000000       0.0000000000000000          0
  48.593568      30.043528      -2.5551140416972640       1.1344688745835663        503
  51.649304      30.448102      -2.6945731447788397       1.1788695162004055        503
  54.717219      30.855959      -0.0000000000000000       0.0000000000000000        505
  57.797862      31.265939      -0.0000000000000000       0.0000000000000000        505
  60.891767      31.676863      -0.0000000000000000       0.0000000000000000      50601
  63.999439      32.087536      -0.0000000000000000       0.0000000000000000      50601
  67.121356      32.496746      -0.0000000000000000       0.0000000000000000      50601
  70.257959      32.903267      -0.0000000000000000       0.0000000000000000          0
  73.409644      33.305868      -0.0000000000000000       0.0000000000000000          0
  76.576761      33.703307      -0.0000000000000000       0.0000000000000000          0
  79.759601      34.094342      -3.4977638055875762       1.5573299193561594        501
  82.958393      34.477732      -3.6006875009159369       1.6467479505314464        501
  86.173297      34.852241      -3.6928240243725554       1.7424574379371240        501
  89.404397      35.216642      -3.7737128045964154       1.8442147024502931        501
  92.651692      35.569723      -3.8429182908157058       1.9517218697090772        501
  95.915096      35.910292      -0.0000000000000000       0.0000000000000000          0
  99.194427      36.237178      -1.2615988195592474      -0.1838978775752735        602
  102.489407      36.549244      -1.2892301384450453      -0.1429613214166270        602
  105.799654      36.845386      -1.4061903830864306       0.0337816009595232          0
  109.124682      37.124540      -1.1996856133914320      -0.1268183085947384          0
  112.463900      37.385691      -1.1108630867637745      -0.1602881821826765          0
  115.816609      37.627876      -0.8921327780762731      -0.3215705986235073          0
  119.182004      37.850189      -0.7358789160533746      -0.4855742178078881          0
  122.559180      38.051792      -0.7126609598017601      -0.5698213197210000          0
  125.947131      38.231912      -0.7933485919024947      -0.5323552852513237          0
  129.344757      38.389855      -0.9451054775167764      -0.3619334207783685          0
  132.750876      38.525006      -1.1802125655513400       0.0192645631362410          0
  30.867599      25.162452      -1.1985614132524711       0.2592751168996113        715
  33.874451      25.525740      -1.2188168908413846       0.2829121081892523        715
  36.889103      25.898618      -1.2357558324589275       0.3076841023869166        715
  39.912083      26.280080      -0.0000000000000000       0.0000000000000000          0
  42.943923      26.669087      -0.0000000000000000       0.0000000000000000          0
  45.985160      27.064569      -0.0000000000000000       0.0000000000000000          0
  49.036331      27.465433      -0.0000000000000000       0.0000000000000000          0
  52.097965      27.870558      -2.7144134343319970       1.3514640040562405        503
  55.170587      28.278799      -2.8457525876630481       1.3966509685323989        503
  58.254705      28.688993      -0.0000000000000000       0.0000000000000000        505
  61.350812      29.099957      -0.0000000000000000       0.0000000000000000        505
  64.459375      29.510490      -0.0000000000000000       0.0000000000000000      50601
  67.580835      29.919381      -0.0000000000000000       0.0000000000000000          0
  70.715595      30.325407      -0.0000000000000000       0.0000000000000000          0
  73.864023      30.727337      -0.0000000000000000       0.0000000000000000          0
  77.026436      31.123939      -0.0000000000000000       0.0000000000000000          0
  80.203100      31.513976      -0.0000000000000000       0.0000000000000000          0
  83.394224      31.896219      -3.6138489226748689       1.8057952859648738        501
  86.599951      32.269444      -3.7041837964739845       1.8945972792873602        501
  89.820353      32.632437      -3.7832593393845508       1.9891526818898071        501
  93.055428      32.984005      -0.0000000000000000       0.0000000000000000          0
  96.305093      33.322972      -1.1541061091366038      -0.3093343610524477        603
  99.569178      33.648189      -0.0000000000000000       0.0000000000000000          0
  102.847424      33.958538      -1.4755483449467153       0.0231397810792935          0
  106.139481      34.252939      -1.3141161136752775      -0.0857955842014783          0
  109.444903      34.530351      -1.3315340894193388      -0.0434984083376360          0
  112.763148      34.789783      -1.3448152188641089       0.0024654659659996          0
  116.093578      35.030295      -1.3554788620329405       0.0494334953315495          0
  119.435464      35.251006      -1.2819731701066055       0.0201384344579444          0
  122.787980      35.451099      -1.1824388882792025      -0.0599461860071444          0
  126.150215      35.629826      -1.1820937373715656      -0.0416920181150817          0
  129.521174      35.786511      -1.2384434881441804       0.0704731274300937          0
  132.899787      35.920559      -0.0000000000000000       0.0000000000000000          0
  31.236336      22.577201      -1.2012241372661929       0.2882810199788955        715
  34.254584      22.941737      -1.2211397324578488       0.3095641990115545        715
  37.279709      23.315769      -1.2377011952077261       0.3319468671299276        715
  40.312202      23.698277      -1.2508408418100490       0.3554154299208862        715
  43.352555      24.088210      -0.0000000000000000       0.0000000000000000          0
  46.401267      24.484487      -0.0000000000000000       0.0000000000000000          0
  49.458836      24.886003      -0.0000000000000000       0.0000000000000000          0
  52.525756      25.291629      -2.7331758400409960       1.5193649100535007        503
  55.602513      25.700214      -0.0000000000000000       0.0000000000000000          0
  58.689580      26.110588      -0.0000000000000000       0.0000000000000000      50602
  61.787415      26.521563      -0.0000000000000000       0.0000000000000000      50602
  64.896453      26.931940      -0.0000000000000000       0.0000000000000000      50602
  68.017103      27.340504      -0.0000000000000000       0.0000000000000000          0
  71.149740      27.746035      -0.0000000000000000       0.0000000000000000          0
  74.294703      28.147307      -0.0000000000000000       0.0000000000000000          0
  77.452289      28.543092      -0.0000000000000000       0.0000000000000000          0
  80.622742      28.932163      -0.0000000000000000       0.0000000000000000          0
  83.806257      29.313300      -3.6260994338493311       1.9584645990299887        501
  87.002966      29.685291      -3.7147255812387154       2.0401394607642627        501
  90.212937      30.046938      -3.7920865599984612       2.1272825183161186        501
  93.436167      30.397062      -0.0000000000000000       0.0000000000000000          0
  96.672582      30.734504      -0.0000000000000000       0.0000000000000000          0
  99.922026      31.058135      -0.0000000000000000       0.0000000000000000          0
  103.184265      31.366857      -1.2813548034222688      -0.1411707805087062          0
  106.458977      31.659610      -1.3161741306285275      -0.0818372243181836          0
  109.745759      31.935377      -1.3329928837176144      -0.0331974137195174          0
  113.044117      32.193187      -1.3441813214777176       0.0134956852542652          0
  116.353473      32.432123      -1.3527491575819630       0.0592823415595574          0
  119.673164      32.651327      -1.3589355938527508       0.1036160754724482          0
  123.002443      32.850002      -1.3610131319398149       0.1462458982679635          0
  126.340485      33.027420      -1.3561866024332878       0.1891821213932670          0
  129.686392      33.182926      -1.3481220619694365       0.2325944790993746          0
  133.039197      33.315941      -0.0000000000000000       0.0000000000000000          0
  31.591481      19.991140      -1.2037416766108038       0.3159727183746909        715
  34.620463      20.356862      -1.2233247152692275       0.3348214668213703        715
  37.655414      20.731989      -1.2395180714580272       0.3547347726457209        715
  40.696787      21.115486      -1.2522575813903161       0.3757046155862181        715
  43.745040      21.506290      -0.0000000000000000       0.0000000000000000          0
  46.800637      21.903310      -0.0000000000000000       0.0000000000000000          0
  49.864041      22.305432      -0.0000000000000000       0.0000000000000000          0
  52.935713      22.711518      -0.0000000000000000       0.0000000000000000          0
  56.016108      23.120410      -0.0000000000000000       0.0000000000000000          0
  59.105669      23.530934      -0.0000000000000000       0.0000000000000000      50602
  62.204821      23.941900      -0.0000000000000000       0.0000000000000000      50602
  65.313974      24.352103      -0.0000000000000000       0.0000000000000000      50602
  68.433509      24.760333      -0.0000000000000000       0.0000000000000000          0
  71.563779      25.165370      -0.0000000000000000       0.0000000000000000          0
  74.705102      25.565993      -0.0000000000000000       0.0000000000000000          0
  77.857755      25.960980      -0.0000000000000000       0.0000000000000000          0
  81.021970      26.349112      -0.0000000000000000       0.0000000000000000          0
  84.197929      26.729179      -0.0000000000000000       0.0000000000000000          0
  87.385760      27.099981      -3.7245682444955106       2.1789786052283149        501
  90.585530      27.460333      -3.8002996327989553       2.2585204793380953        502
  93.797241      27.809071      -0.0000000000000000       0.0000000000000000          0
  97.020829      28.145055      -1.1627538190392319      -0.2440506169161145        603
  100.256156      28.467172      -1.2320186015423353      -0.1921145075902291      60301
  103.503012      28.774343      -1.2898977445943827      -0.1345902900990071          0
  106.761109      29.065529      -1.3237192788165033      -0.0731567529787963          0
  110.030082      29.339733      -1.3377317824219219      -0.0218756667483603          0
  113.309486      29.596004      -1.3462934473485484       0.0249339661073270          0
  116.598799      29.833448      -1.3528178274585867       0.0692645181750999          0
  119.897422      30.051225      -1.3576047228092889       0.1113509967264550          0
  123.204682      30.248560      -1.3599280430162834       0.1507439602102839          0
  126.519834      30.424743      -1.3565399217066960       0.1905749551336371          0
  129.842068      30.579136      -0.0000000000000000       0.0000000000000000          0
  133.170513      30.711176      -1.4504741354874207       0.8756514863781716        649
  31.935142      17.404394      -1.2061337825274947       0.3423272880747936        715
  34.974286      17.771251      -1.2253902490813893       0.3586687968645071        715
  38.018498      18.147421      -1.2412232745525653       0.3760405796169453        715
  41.068200      18.531857      -1.2535722456118810       0.3944405531196426        715
  44.123818      18.923485      -0.0000000000000000       0.0000000000000000          0
  47.185784      19.321204      -1.7127470262349360       1.1408625040881708        710
  50.254531      19.723891      -0.0000000000000000       0.0000000000000000          0
  53.330490      20.130401      -0.0000000000000000       0.0000000000000000          0
  56.414089      20.539569      -0.0000000000000000       0.0000000000000000          0
  59.505742      20.950217      -0.0000000000000000       0.0000000000000000          0
  62.605852      21.361152      -0.0000000000000000       0.0000000000000000          0
  65.714803      21.771169      -0.0000000000000000       0.0000000000000000          0
  68.832956      22.179058      -0.0000000000000000       0.0000000000000000          0
  71.960644      22.583602      -0.0000000000000000       0.0000000000000000          0
  75.098169      22.983583      -0.0000000000000000       0.0000000000000000          0
  78.245794      23.377787      -0.0000000000000000       0.0000000000000000          0
  81.403743      23.765003      -0.0000000000000000       0.0000000000000000          0
  84.572190      24.144030      -0.0000000000000000       0.0000000000000000          0
  87.751261      24.513680      -3.7338111065644828       2.3109912358358793        501
  90.941026      24.872782      -0.0000000000000000       0.0000000000000000          0
  94.141497      25.220186      -0.0000000000000000       0.0000000000000000          0
  97.352620      25.554767      -1.1667011429413365      -0.2116820693576474        603
  100.574279      25.875431      -1.2382019994933364      -0.1361742405945544      60301
  103.806290      26.181117      -1.2988266415264527      -0.1108236720186359      60406
  107.048397      26.470805      -1.3384571502428095      -0.0608743042749795          0
  110.300273      26.743516      -1.3459121699367380      -0.0081762751023660          0
  113.561523      26.998320      -1.3505164004744135       0.0379909355946213          0
  116.831677      27.234342      -1.3549069619452454       0.0802399421019160          0
  120.110197      27.450762      -1.3594591228545649       0.1186353207058654          0
  123.396480      27.646823      -1.3619640215793536       0.1547811349887374          0
  126.689856      27.821832      -0.0000000000000000       0.0000000000000000          0
  129.989596      27.975169      -0.0000000000000000       0.0000000000000000          0
  133.294917      28.106286      -1.4652321897463243       1.2592630196227383        649
  32.269205      14.817077      -1.2084174847434426       0.3673185648019640        715
  35.318011      15.185023      -1.2273520893465024       0.3810875697354668        715
  38.370994      15.562191      -1.2428310645106835       0.3958532837399451        715
  41.428544      15.947524      -1.2547973817690523       0.4116198855910377        715
  44.491058      16.339935      -0.0000000000000000       0.0000000000000000          0
  47.558939      16.738315      -1.7592206554262548       1.5020161659610956        710
  50.632595      17.141531      -0.0000000000000000       0.0000000000000000          0
  53.712431      17.548433      -0.0000000000000000       0.0000000000000000          0
  56.798848      17.957850      -0.0000000000000000       0.0000000000000000          0
  59.892239      18.368599      -0.0000000000000000       0.0000000000000000          0
  62.992985      18.779485      -0.0000000000000000       0.0000000000000000          0
  66.101452      19.189304      -0.0000000000000000       0.0000000000000000          0
  69.217982      19.596845      -0.0000000000000000       0.0000000000000000          0
  72.342894      20.000894      -0.0000000000000000       0.0000000000000000          0
  75.476477      20.400240      -0.0000000000000000       0.0000000000000000          0
  78.618985      20.793674      -0.0000000000000000       0.0000000000000000          0
  81.770635      21.179992      -0.0000000000000000       0.0000000000000000          0
  84.931600      21.558004      -0.0000000000000000       0.0000000000000000          0
  88.102006      21.926534      -0.0000000000000000       0.0000000000000000          0
  91.281930      22.284423      -0.0000000000000000       0.0000000000000000          0
  94.471393      22.630536      -0.0000000000000000       0.0000000000000000          0
  97.670359      22.963763      -1.1704446165938411      -0.1795259154988811        603
  100.878732      23.283026      -1.2440839340859984      -0.0806037102989657      60301
  104.096355      23.587284      -1.3040682563815438      -0.0581607421407376      60404
  107.323004      23.875531      -1.3600917745185761      -0.0333265488903253      60406
  110.558393      24.146810      -1.3550402520999085       0.0105492495690760          0
  113.802171      24.400208      -1.3544677924087636       0.0543234856832497          0
  117.053921      24.634869      -1.3579587596517890       0.0928965257193671          0
  120.313164      24.849991      -1.3631502544773642       0.1252905399942042        612
  123.579360      25.044834      -0.0000000000000000       0.0000000000000000          0
  126.851910      25.218724      -0.0000000000000000       0.0000000000000000          0
  130.130164      25.371053      -0.0000000000000000       0.0000000000000000          0
  133.413419      25.501289      -0.0000000000000000       0.0000000000000000          0
  32.595375      12.229290      -1.2106075958850111       0.3909179292883883        715
  35.653409      12.598286      -1.2292238265224353       0.4020564986330459        715
  38.714734      12.976415      -1.2443536167192368       0.4141590065936999        715
  41.779710      13.362607      -0.0000000000000000       0.0000000000000000          0
  44.848707      13.755766      -1.2409244302146880       0.9884170029445151        709
  47.922104      14.154773      -1.2133950637310646       1.0062516797651555        709
  51.000284      14.558489      -1.1823242314489726       1.0245868101894984        709
  54.083630      14.965754      -1.1477809882384244       1.0433469204246770        709
  57.172521      15.375395      -0.0000000000000000       0.0000000000000000          0
  60.267332      15.786224      -0.0000000000000000       0.0000000000000000          0
  63.368426      16.197046      -0.0000000000000000       0.0000000000000000          0
  66.476151      16.606653      -0.0000000000000000       0.0000000000000000          0
  69.590838      17.013840      -0.0000000000000000       0.0000000000000000          0
  72.712793      17.417394      -0.0000000000000000       0.0000000000000000          0
  75.842297      17.816109      -0.0000000000000000       0.0000000000000000          0
  78.979598      18.208781      -0.0000000000000000       0.0000000000000000          0
  82.124910      18.594217      -0.0000000000000000       0.0000000000000000          0
  85.278406      18.971236      -0.0000000000000000       0.0000000000000000          0
  88.440219      19.338671      -0.0000000000000000       0.0000000000000000          0
  91.610431      19.695379      -0.0000000000000000       0.0000000000000000          0
  94.789078      20.040236      -0.0000000000000000       0.0000000000000000          0
  97.976141      20.372150      -1.1740132277583053      -0.1476133166734667        603
  101.171547      20.690057      -1.2497078888511661      -0.0254834261379999      60401
  104.375166      20.992932      -1.3090750151561903      -0.0059978996745622        604
  107.586807      21.279789      -1.3644837485678409       0.0157147517118536      60404
  110.806225      21.549687      -1.3398456946380448       0.0476249344117298      60201
  114.033111      21.801731      -0.0000000000000000       0.0000000000000000          0
  117.267099      22.035083      -0.0000000000000000       0.0000000000000000          0
  120.507766      22.248957      -0.0000000000000000       0.0000000000000000          0
  123.754634      22.442631      -0.0000000000000000       0.0000000000000000          0
  127.007171      22.615446      -7.1384076760382822       1.0648997429530698        675
  130.264797      22.766809      -7.1738617402067213       1.2188517724945036        684
  133.526887      22.896200      -7.1861324248179974       1.3757520857247827        684
  32.915216       9.641125      -1.2127171145702407       0.4130949367620279        701
  35.982102      10.011140      -1.2310172743101357       0.4215522978491277        715
  39.051393      10.390197      -0.0000000000000000       0.0000000000000000          0
  42.123423      10.777217      -1.2623517893643688       0.9628329719914833        709
  45.198539      11.171093      -1.2379695246974751       0.9774962964468932        709
  48.277096      11.570698      -1.2099888168710926       0.9927878180079817        709
  51.359457      11.974885      -1.1784746906761903       1.0086482294100212        709
  54.445983      12.382489      -0.0000000000000000       0.0000000000000000          0
  57.537039      12.792332      -0.0000000000000000       0.0000000000000000          0
  60.632980      13.203223      -0.0000000000000000       0.0000000000000000          0
  63.734155      13.613964      -0.0000000000000000       0.0000000000000000          0
  66.840902      14.023350      -0.0000000000000000       0.0000000000000000          0
  69.953539      14.430174      -0.0000000000000000       0.0000000000000000          0
  73.072365      14.833231      -0.0000000000000000       0.0000000000000000          0
  76.197655      15.231316      -0.0000000000000000       0.0000000000000000          0
  79.329656      15.623234      -0.0000000000000000       0.0000000000000000          0
  82.468579      16.007800      -0.0000000000000000       0.0000000000000000          0
  85.614604      16.383841      -0.0000000000000000       0.0000000000000000          0
  88.767868      16.750204      -0.0000000000000000       0.0000000000000000          0
  91.928466      17.105756      -0.0000000000000000       0.0000000000000000          0
  95.096447      17.449388      -0.0000000000000000       0.0000000000000000          0
  98.271813      17.780022      -1.1774320499124313      -0.1159809027493963      60302
  101.454513      18.096610      -1.2551116739783423       0.0291011857031922      60402
  104.644446      18.398143      -1.3138812066228303       0.0455868762570638        604
  107.841456      18.683651      -1.3686958676686931       0.0641378530876778        604
  111.045334      18.952210      -0.0000000000000000       0.0000000000000000          0
  114.255815      19.202945      -1.3526117436952940       0.0861390109142026        612
  117.472583      19.435030      -0.0000000000000000       0.0000000000000000          0
  120.695267      19.647700      -0.0000000000000000       0.0000000000000000          0
  123.923448      19.840246      -0.0000000000000000       0.0000000000000000          0
  127.156658      20.012024      -7.1405407943876682       1.1310136881536430        801
  130.394385      20.162457      -7.1747931326528320       1.2671217677668558        801
  133.636076      20.291035      -7.1861403703380464       1.4060326740798965        801
  33.230182       7.052670      -1.2147575506438768       0.4338178177702943        712
  36.305593       7.423676      -1.2327427801651851       0.4395502125100336        712
  39.382521       7.803634      -0.0000000000000000       0.0000000000000000          0
  42.461277       8.191454      -1.2598495602468951       0.9518633234659673        709
  45.542188       8.586021      -1.2350219056609415       0.9638920185034309        709
  48.625587       8.986199      -1.2065997650524547       0.9766139491306196        709
  51.711819       9.390833      -1.1746531387792307       0.9899760768981519        709
  54.801228       9.798754      -0.0000000000000000       0.0000000000000000          0
  57.894163      10.208778      -0.0000000000000000       0.0000000000000000          0
  60.990968      10.619713      -0.0000000000000000       0.0000000000000000          0
  64.091979      11.030359      -0.0000000000000000       0.0000000000000000          0
  67.197523      11.439512      -0.0000000000000000       0.0000000000000000          0
  70.307913      11.845968      -0.0000000000000000       0.0000000000000000          0
  73.423442      12.248522      -0.0000000000000000       0.0000000000000000          0
  76.544383      12.645978      -0.0000000000000000       0.0000000000000000          0
  79.670982      13.037146      -0.0000000000000000       0.0000000000000000          0
  82.803454      13.420850      -0.0000000000000000       0.0000000000000000          0
  85.941985      13.795927      -0.0000000000000000       0.0000000000000000          0
  89.086720      14.161234      -0.0000000000000000       0.0000000000000000          0
  92.237768      14.515650      -0.0000000000000000       0.0000000000000000          0
  95.395195      14.858082      -0.0000000000000000       0.0000000000000000          0
  98.559022      15.187463      -1.1807229960354673      -0.0846698941399984      60302
  101.729224      15.502762      -1.2603285248039444       0.0830607269958599      60402
  104.905729      15.802985      -1.3185169042351692       0.0965115467773542      60402
  108.088413      16.087180      -1.3727549376533255       0.1118680312495841        604
  111.277107      16.354437      -1.3418756701278622       0.0768185499056136        612
  114.471587      16.603898      -0.0000000000000000       0.0000000000000000          0
  117.671585      16.834754      -0.0000000000000000       0.0000000000000000          0
  120.876782      17.046255      -0.0000000000000000       0.0000000000000000          0
  124.086815      17.237707      -0.0000000000000000       0.0000000000000000          0
  127.301276      17.408481      -7.1425581546955907       1.1930254076025997        801
  130.519717      17.558012      -7.1756590102913682       1.3112310087082872        801
  133.741653      17.685803      -7.1861232358712606       1.4321020823281470        801
  33.541645       4.464007      -1.2167391900906723       0.4530538702099117        712
  36.625296       4.835981      -1.2344094754477706       0.4560244316391089        712
  39.709573       5.216817      -0.0000000000000000       0.0000000000000000          0
  42.794767       5.605415      -1.2573366949511458       0.9382787104057737        709
  45.881183       6.000649      -1.2320706731512678       0.9476500002012609        709
  48.969138       6.401378      -0.0000000000000000       0.0000000000000000          0
  52.058959       6.806438      -0.0000000000000000       0.0000000000000000          0
  55.150979       7.214655      -0.0000000000000000       0.0000000000000000          0
  58.245531       7.624843      -0.0000000000000000       0.0000000000000000          0
  61.342949       8.035805      -0.0000000000000000       0.0000000000000000          0
  64.443562       8.446343      -0.0000000000000000       0.0000000000000000          0
  67.547689       8.855251      -0.0000000000000000       0.0000000000000000          0
  70.655640       9.261329      -0.0000000000000000       0.0000000000000000          0
  73.767705       9.663376      -0.0000000000000000       0.0000000000000000          0
  76.884156      10.060201      -0.0000000000000000       0.0000000000000000          0
  80.005242      10.450621      -0.0000000000000000       0.0000000000000000          0
  83.131185      10.833468      -0.0000000000000000       0.0000000000000000          0
  86.262178      11.207589      -0.0000000000000000       0.0000000000000000          0
  89.398378      11.571852      -0.0000000000000000       0.0000000000000000          0
  92.539908      11.925149      -0.0000000000000000       0.0000000000000000          0
  95.686853      12.266398      -0.0000000000000000       0.0000000000000000          0
  98.839256      12.594548      -1.2511317892968088       0.0360362001174079        647
  101.997116      12.908583      -1.2784471306569083       0.0485897499318037      64701
  105.160392      13.207524      -1.3230087804805613       0.1466908285582329      60402
  108.328994      13.490432      -1.3766846805286159       0.1588273134217142      60402
  111.502789      13.756417      -1.3428164668650449       0.0904267398321652        613
  114.681596      14.004634      -1.3538483634821910       0.1073842993504095        613
  117.865192      14.234291      -1.3607212317233954       0.1251581691156914        613
  121.053310      14.444653      -7.0141294294915228       1.0608606638714393        801
  124.245638      14.635040      -7.0902787513859611       1.1538865721248233        801
  127.441827      14.804837      -7.1444751953233805       1.2508852800581705        801
  130.641491      14.953491      -7.1764674293990307       1.3511579433698857        801
  133.844209      15.080517      -7.1860832288550718       1.4539660344691527        801
  33.850916       1.875213      -1.2186713128523881       0.4707697567764509        712
  36.942563       2.248137      -1.2360254781893034       0.4709484004478998        712
  40.033939       2.629832      -0.0000000000000000       0.0000000000000000          0
  43.125314       3.019188      -1.2548039761071419       0.9221196365422478        709
  46.216976       3.415071      -0.0000000000000000       0.0000000000000000          0
  49.309227       3.816330      -0.0000000000000000       0.0000000000000000          0
  52.402380       4.221798      -0.0000000000000000       0.0000000000000000          0
  55.496755       4.630293      -0.0000000000000000       0.0000000000000000          0
  58.592678       5.040627      -0.0000000000000000       0.0000000000000000          0
  61.690473       5.451602      -0.0000000000000000       0.0000000000000000          0
  64.790463       5.862017      -0.0000000000000000       0.0000000000000000          0
  67.892965       6.270669      -0.0000000000000000       0.0000000000000000          0
  70.998285       6.676360      -0.0000000000000000       0.0000000000000000          0
  74.106714       7.077893      -0.0000000000000000       0.0000000000000000          0
  77.218526       7.474082      -0.0000000000000000       0.0000000000000000          0
  80.333977       7.863753      -0.0000000000000000       0.0000000000000000          0
  83.453296       8.245745      -0.0000000000000000       0.0000000000000000          0
  86.576685       8.618916      -0.0000000000000000       0.0000000000000000          0
  89.704316       8.982143      -0.0000000000000000       0.0000000000000000          0
  92.836329       9.334332      -0.0000000000000000       0.0000000000000000          0
  95.972826       9.674413      -1.2230451162427669       0.0536807988226232      67352
  99.113875      10.001348      -1.2536593516571168       0.0619927943615837        647
  102.259502      10.314137      -1.2805431092413531       0.0714840932505951      64701
  105.409694      10.611815      -1.3273807692539683       0.1960368731655500      60402
  108.564396      10.893461      -1.3805063336293335       0.2049351686532892      60402
  111.723511      11.158196      -1.3437164387794491       0.1033625490826608        613
  114.886902      11.405194      -1.3544179330752701       0.1169912611048512        613
  118.054389      11.633676      -0.0000000000000000       0.0000000000000000          0
  121.225752      11.842923      -7.0188014599632007       1.1497654636453927        801
  124.400734      12.032268      -7.0934195099247841       1.2252876175285599        801
  127.579040      12.201110      -7.1463052287386652       1.3045378181404372        801
  130.760342      12.348907      -7.1772251815632151       1.3868769334980673        801
  133.944281      12.475186      -7.1860219973094912       1.4716280992117716        801
  34.159273      -0.713635      -1.2205623735993747       0.4869317174953750        712
  37.258707      -0.339776      -1.2375980582158719       0.4842950428419887        712
  40.356961       0.042763      -1.2510086260795195       0.4824735737996788        713
  43.454289       0.432861      -1.2522418304048306       0.9034279092089274        709
  46.550963       0.829376      -0.0000000000000000       0.0000000000000000          0
  49.647273       1.231149      -0.0000000000000000       0.0000000000000000          0
  52.743519       1.637007      -0.0000000000000000       0.0000000000000000          0
  55.840012       2.045765      -0.0000000000000000       0.0000000000000000          0
  58.937072       2.456229      -0.0000000000000000       0.0000000000000000          0
  62.035016       2.867201      -0.0000000000000000       0.0000000000000000          0
  65.134165       3.277479      -0.0000000000000000       0.0000000000000000          0
  68.234833       3.685864      -0.0000000000000000       0.0000000000000000          0
  71.337327       4.091156      -0.0000000000000000       0.0000000000000000          0
  74.441942       4.492167      -0.0000000000000000       0.0000000000000000          0
  77.548958       4.887716      -0.0000000000000000       0.0000000000000000          0
  80.658636       5.276634      -0.0000000000000000       0.0000000000000000          0
  83.771215       5.657769      -0.0000000000000000       0.0000000000000000          0
  86.886911       6.029990      -0.0000000000000000       0.0000000000000000          0
  90.005911       6.392186      -0.0000000000000000       0.0000000000000000          0
  93.128372       6.743273      -0.0000000000000000       0.0000000000000000          0
  96.254419       7.082194      -0.0000000000000000       0.0000000000000000          0
  99.384142       7.407927      -1.2561187377635243       0.0872788080651753      67301
  102.517595       7.719483      -1.2825786018058907       0.0937000586750594      64701
  105.654796       8.015914      -1.3052280977275494       0.1011709027247837      64701
  108.795723       8.296313      -1.3842391426789182       0.2501090819461003      60402
  111.940318       8.559817      -1.3445810284668394       0.1156130590694226      61404
  115.088482       8.805613      -0.0000000000000000       0.0000000000000000          0
  118.240080       9.032940      -1.2098150050937608       0.0503868626319296      61407
  121.394940       9.241090      -7.0233235059834165       1.2343648119928954        801
  124.552854       9.429412      -7.0964494983710029       1.2923983192160615        801
  127.713581       9.597316      -7.1480598272926796       1.3539234652394183        801
  130.876849       9.744273      -7.1779380141496896       1.4183598085807438        801
  134.042358       9.869819      -7.1859407160443993       1.4850909747115431        801
  34.467978      -3.302463      -1.2224201531358909       0.5015057031744755        701
  37.575020      -2.927678      -1.2391337719340532       0.4960369010366055        713
  40.679961      -2.544307      -1.2521967794094784       0.4913573572850788        713
  43.783040      -2.153480      -0.0000000000000000       0.0000000000000000          0
  46.884514      -1.756347      -0.0000000000000000       0.0000000000000000          0
  49.984663      -1.354074      -0.0000000000000000       0.0000000000000000          0
  53.083779      -0.947841      -0.0000000000000000       0.0000000000000000          0
  56.182165      -0.538837      -0.0000000000000000       0.0000000000000000          0
  59.280134      -0.128257      -1.0821000494833914       0.8983197099063590        704
  62.378005       0.282697      -0.0000000000000000       0.0000000000000000          0
  65.476094       0.692825      -0.0000000000000000       0.0000000000000000          0
  68.574718       1.100928      -0.0000000000000000       0.0000000000000000          0
  71.674187       1.505811      -0.0000000000000000       0.0000000000000000          0
  74.774800       1.906289      -0.0000000000000000       0.0000000000000000          0
  77.876846       2.301188      -0.0000000000000000       0.0000000000000000          0
  80.980595       2.689347      -0.0000000000000000       0.0000000000000000          0
  84.086299       3.069622      -0.0000000000000000       0.0000000000000000          0
  87.194188       3.440891      -0.0000000000000000       0.0000000000000000          0
  90.304465       3.802055      -0.0000000000000000       0.0000000000000000          0
  93.417307       4.152042      -0.0000000000000000       0.0000000000000000          0
  96.532862       4.489808      -0.0000000000000000       0.0000000000000000          0
  99.651245       4.814344      -1.2585218653045451       0.1118514281425030      67352
  102.772537       5.124676      -1.2845636894367720       0.1152016789524736        673
  105.896788       5.419870      -1.3068134638093891       0.1195289557852951      64701
  109.024011       5.699033      -1.3251941814867296       0.1247831899661628        614
  112.154183       5.961318      -0.0000000000000000       0.0000000000000000          0
  115.287246       6.205927      -0.0000000000000000       0.0000000000000000          0
  118.423108       6.432112      -1.3565200170495944       0.1454433027333825      61405
  121.561644       6.639179      -7.0277192773241861       1.3145299137454702        801
  124.702694       6.826491      -7.0993851739975549       1.3551233535280383        801
  127.846069       6.993470      -7.1497491311991510       1.3989800122152973        801
  130.991550       7.139599      -7.1786108025672188       1.4455770797517755        801
  134.138895       7.264424      -7.1858401493306721       1.4943574786983418        801
>