>anchorPlateId 301
>reconstructionTime 65
>DeformingMeshPoints.gpml lat_lon_velocity_domain_28_32.gpml
>MeshNode <identity>GPlates-b7a3af0e-8119-4abb-9ae6-39bb7e5702ce</identity> <revision>GPlates-7b04c5e6-7801-49f1-bcc4-23d6f4e5417f</revision>
> reconstructionPlateId 0
> validTime TimePeriod <begin> TimeInstant <timePosition>http://gplates.org/times/distantPast</timePosition></begin> <end> TimeInstant <timePosition>http://gplates.org/times/distantFuture</timePosition></end>
  23.331985      70.235326      -0.0000000000000000       0.0000000000000000        302
  25.959451      70.468164      -0.0000000000000000       0.0000000000000000        302
  28.611480      70.708713      -0.0000000000000000       0.0000000000000000        302
  31.289869      70.956532      -0.0000000000000000       0.0000000000000000        302
  33.996512      71.211149      -0.0000000000000000       0.0000000000000000        302
  36.733406      71.472067      -0.0000000000000000       0.0000000000000000        302
  39.502655      71.738760      -0.0000000000000000       0.0000000000000000        302
  42.306474      72.010671      -0.0000000000000000       0.0000000000000000        302
  45.147189      72.287211      -0.0000000000000000       0.0000000000000000        302
  48.027243      72.567758      -0.0000000000000000       0.0000000000000000        302
  50.949187      72.851656      -0.0000000000000000       0.0000000000000000        302
  53.915688      73.138210      -0.0000000000000000       0.0000000000000000        373
  56.929513      73.426687      -0.0000000000000000       0.0000000000000000        373
  59.993526      73.716314      -0.0000000000000000       0.0000000000000000        372
  63.110671      74.006274      -0.0000000000000000       0.0000000000000000        372
  66.283955      74.295709      -0.0000000000000000       0.0000000000000000        372
  69.516421      74.583713      -0.0000000000000000       0.0000000000000000        372
  72.811115      74.869332      -0.0000000000000000       0.0000000000000000        372
  76.171044      75.151566      -0.0000000000000000       0.0000000000000000        404
  79.599127      75.429369      -0.0000000000000000       0.0000000000000000        404
  83.098125      75.701644      -0.0000000000000000       0.0000000000000000        404
  86.670572      75.967251      -0.0000000000000000       0.0000000000000000        404
  90.318686      76.225005      -0.0000000000000000       0.0000000000000000        404
  94.044267      76.473686      -0.0000000000000000       0.0000000000000000        404
  97.848585      76.712038      -0.0000000000000000       0.0000000000000000        404
  101.732264      76.938784      -0.0000000000000000       0.0000000000000000        404
  105.695147      77.152633      -0.0000000000000000       0.0000000000000000        404
  109.736177      77.352293      -0.0000000000000000       0.0000000000000000        401
  113.853271      77.536490      -0.0000000000000000       0.0000000000000000        401
  118.043216      77.703984      -0.0000000000000000       0.0000000000000000        401
  122.301586      77.853587      -0.0000000000000000       0.0000000000000000          0
  126.622697      77.984191      -0.0000000000000000       0.0000000000000000          0
  130.999605      78.094786      -0.0000000000000000       0.0000000000000000          0
  25.052678      67.702105      -0.0000000000000000       0.0000000000000000        302
  27.757999      67.940138      -0.0000000000000000       0.0000000000000000        302
  30.486844      68.185754      -0.0000000000000000       0.0000000000000000        302
  33.240815      68.438460      -0.0000000000000000       0.0000000000000000        302
  36.021586      68.697736      -0.0000000000000000       0.0000000000000000        302
  38.830899      68.963035      -0.0000000000000000       0.0000000000000000        302
  41.670567      69.233779      -0.0000000000000000       0.0000000000000000        302
  44.542473      69.509358      -0.0000000000000000       0.0000000000000000        302
  47.448567      69.789134      -0.0000000000000000       0.0000000000000000        302
  50.390861      70.072432      -0.0000000000000000       0.0000000000000000        302
  53.371428      70.358546      -0.0000000000000000       0.0000000000000000        302
  56.392391      70.646733      -0.0000000000000000       0.0000000000000000        373
  59.455911      70.936216      -0.0000000000000000       0.0000000000000000        372
  62.564176      71.226179      -0.0000000000000000       0.0000000000000000        372
  65.719385      71.515770      -0.0000000000000000       0.0000000000000000        372
  68.923721      71.804099      -0.0000000000000000       0.0000000000000000        372
  72.179332      72.090236      -0.0000000000000000       0.0000000000000000        372
  75.488293      72.373215      -0.0000000000000000       0.0000000000000000        401
  78.852572      72.652032      -0.0000000000000000       0.0000000000000000        401
  82.273987      72.925648      -0.0000000000000000       0.0000000000000000        401
  85.754156      73.192990      -0.0000000000000000       0.0000000000000000        401
  89.294440      73.452956      -0.0000000000000000       0.0000000000000000        401
  92.895883      73.704418      -0.0000000000000000       0.0000000000000000        401
  96.559144      73.946228      -0.0000000000000000       0.0000000000000000        401
  100.284430      74.177224      -0.0000000000000000       0.0000000000000000        401
  104.071421      74.396242      -0.0000000000000000       0.0000000000000000        401
  107.919205      74.602124      -0.0000000000000000       0.0000000000000000        401
  111.826206      74.793726      -0.0000000000000000       0.0000000000000000        401
  115.790132      74.969939      -0.0000000000000000       0.0000000000000000          0
  119.807932      75.129698      -0.0000000000000000       0.0000000000000000          0
  123.875766      75.271998      -0.0000000000000000       0.0000000000000000          0
  127.989002      75.395914      -0.0000000000000000       0.0000000000000000          0
  132.142241      75.500612      -0.0000000000000000       0.0000000000000000          0
  26.437418      65.154280      -0.0000000000000000       0.0000000000000000        302
  29.202194      65.396329      -0.0000000000000000       0.0000000000000000        302
  31.989176      65.645825      -0.0000000000000000       0.0000000000000000        302
  34.799788      65.902239      -0.0000000000000000       0.0000000000000000        302
  37.635501      66.165010      -0.0000000000000000       0.0000000000000000        302
  40.497829      66.433550      -0.0000000000000000       0.0000000000000000        302
  43.388334      66.707242      -0.0000000000000000       0.0000000000000000        302
  46.308615      66.985436      -0.0000000000000000       0.0000000000000000        302
  49.260311      67.267453      -0.0000000000000000       0.0000000000000000        302
  52.245090      67.552584      -0.0000000000000000       0.0000000000000000        302
  55.264642      67.840085      -0.0000000000000000       0.0000000000000000        302
  58.320673      68.129181      -0.0000000000000000       0.0000000000000000        302
  61.414888      68.419064      -0.0000000000000000       0.0000000000000000        302
  64.548981      68.708894      -0.0000000000000000       0.0000000000000000        302
  67.724616      68.997797      -0.0000000000000000       0.0000000000000000        372
  70.943408      69.284867      -0.0000000000000000       0.0000000000000000        401
  74.206897      69.569168      -0.0000000000000000       0.0000000000000000        401
  77.516523      69.849731      -0.0000000000000000       0.0000000000000000        401
  80.873597      70.125560      -0.0000000000000000       0.0000000000000000        401
  84.279262      70.395635      -0.0000000000000000       0.0000000000000000        401
  87.734460      70.658911      -0.0000000000000000       0.0000000000000000        401
  91.239889      70.914324      -0.0000000000000000       0.0000000000000000        401
  94.795962      71.160800      -0.0000000000000000       0.0000000000000000        401
  98.402759      71.397252      -0.0000000000000000       0.0000000000000000        401
  102.059987      71.622598      -0.0000000000000000       0.0000000000000000        401
  105.766930      71.835760      -0.0000000000000000       0.0000000000000000        401
  109.522415      72.035677      -0.0000000000000000       0.0000000000000000        401
  113.324774      72.221317      -0.0000000000000000       0.0000000000000000        401
  117.171814      72.391686      -0.0000000000000000       0.0000000000000000        401
  121.060801      72.545838      -0.0000000000000000       0.0000000000000000        401
  124.988456      72.682892      -0.0000000000000000       0.0000000000000000          0
  128.950960      72.802039      -0.0000000000000000       0.0000000000000000          0
  132.943982      72.902562      -0.0000000000000000       0.0000000000000000          0
  27.578907      62.595935      -0.0000000000000000       0.0000000000000000        302
  30.390440      62.841179      -0.0000000000000000       0.0000000000000000        302
  33.222777      63.093743      -0.0000000000000000       0.0000000000000000        302
  36.077182      63.353061      -0.0000000000000000       0.0000000000000000        302
  38.954948      63.618543      -0.0000000000000000       0.0000000000000000        302
  41.857398      63.889567      -0.0000000000000000       0.0000000000000000        302
  44.785879      64.165483      -0.0000000000000000       0.0000000000000000        302
  47.741760      64.445612      -0.0000000000000000       0.0000000000000000        302
  50.726425      64.729245      -0.0000000000000000       0.0000000000000000        302
  53.741268      65.015643      -0.0000000000000000       0.0000000000000000        302
  56.787683      65.304038      -0.0000000000000000       0.0000000000000000        302
  59.867054      65.593631      -0.0000000000000000       0.0000000000000000        302
  62.980746      65.883595      -0.0000000000000000       0.0000000000000000        302
  66.130090      66.173072      -0.0000000000000000       0.0000000000000000        390
  69.316366      66.461178      -0.0000000000000000       0.0000000000000000        401
  72.540787      66.747000      -0.0000000000000000       0.0000000000000000        401
  75.804478      67.029600      -0.0000000000000000       0.0000000000000000        401
  79.108454      67.308015      -0.0000000000000000       0.0000000000000000        401
  82.453597      67.581264      -0.0000000000000000       0.0000000000000000        401
  85.840624      67.848344      -0.0000000000000000       0.0000000000000000        401
  89.270066      68.108240      -0.0000000000000000       0.0000000000000000        401
  92.742231      68.359925      -0.0000000000000000       0.0000000000000000        401
  96.257181      68.602367      -0.0000000000000000       0.0000000000000000        401
  99.814692      68.834537      -0.0000000000000000       0.0000000000000000        401
  103.414234      69.055412      -0.0000000000000000       0.0000000000000000        401
  107.054935      69.263984      -0.0000000000000000       0.0000000000000000        401
  110.735564      69.459269      -0.0000000000000000       0.0000000000000000        401
  114.454505      69.640316      -0.0000000000000000       0.0000000000000000        401
  118.209746      69.806215      -0.0000000000000000       0.0000000000000000        401
  121.998873      69.956108      -0.0000000000000000       0.0000000000000000        401
  125.819072      70.089200      -0.0000000000000000       0.0000000000000000        401
  129.667141      70.204768      -0.0000000000000000       0.0000000000000000      43101
  133.539511      70.302170      -0.0000000000000000       0.0000000000000000      43101
  28.539006      60.029774      -0.0000000000000000       0.0000000000000000        302
  31.388231      60.277625      -0.0000000000000000       0.0000000000000000        302
  34.256864      60.532674      -0.0000000000000000       0.0000000000000000        302
  37.146030      60.794330      -0.0000000000000000       0.0000000000000000        302
  40.056870      61.061973      -0.0000000000000000       0.0000000000000000        302
  42.990544      61.334955      -0.0000000000000000       0.0000000000000000        302
  45.948222      61.612602      -0.0000000000000000       0.0000000000000000        302
  48.931083      61.894209      -0.0000000000000000       0.0000000000000000        302
  51.940307      62.179043      -0.0000000000000000       0.0000000000000000        302
  54.977069      62.466345      -0.0000000000000000       0.0000000000000000        302
  58.042531      62.755327      -0.0000000000000000       0.0000000000000000        302
  61.137831      63.045173      -0.0000000000000000       0.0000000000000000        390
  64.264076      63.335043      -0.0000000000000000       0.0000000000000000        390
  67.422326      63.624070      -0.0000000000000000       0.0000000000000000        468
  70.613581      63.911361      -0.0000000000000000       0.0000000000000000        401
  73.838768      64.196003      -0.0000000000000000       0.0000000000000000        401
  77.098720      64.477062      -0.0000000000000000       0.0000000000000000        401
  80.394161      64.753583      -0.0000000000000000       0.0000000000000000        401
  83.725685      65.024598      -0.0000000000000000       0.0000000000000000        401
  87.093736      65.289125      -0.0000000000000000       0.0000000000000000        401
  90.498584      65.546175      -0.0000000000000000       0.0000000000000000        401
  93.940304      65.794754      -0.0000000000000000       0.0000000000000000        401
  97.418756      66.033870      -0.0000000000000000       0.0000000000000000        401
  100.933560      66.262537      -0.0000000000000000       0.0000000000000000        401
  104.484076      66.479783      -0.0000000000000000       0.0000000000000000        401
  108.069390      66.684656      -0.0000000000000000       0.0000000000000000        401
  111.688293      66.876232      -0.0000000000000000       0.0000000000000000        401
  115.339274      67.053623      -0.0000000000000000       0.0000000000000000        401
  119.020513      67.215985      -0.0000000000000000       0.0000000000000000        401
  122.729878      67.362524      -0.0000000000000000       0.0000000000000000        401
  126.464932      67.492511      -0.0000000000000000       0.0000000000000000      43102
  130.222947      67.605283      -0.0000000000000000       0.0000000000000000      43101
  134.000921      67.700256      -0.0000000000000000       0.0000000000000000      43101
  29.360484      57.457655      -0.0000000000000000       0.0000000000000000        302
  32.240741      57.707678      -0.0000000000000000       0.0000000000000000        302
  35.139057      57.964786      -0.0000000000000000       0.0000000000000000        302
  38.056438      58.228364      -0.0000000000000000       0.0000000000000000        302
  40.993896      58.497771      -0.0000000000000000       0.0000000000000000        302
  43.952452      58.772336      -0.0000000000000000       0.0000000000000000        302
  46.933131      59.051363      -0.0000000000000000       0.0000000000000000        302
  49.936954      59.334128      -0.0000000000000000       0.0000000000000000        302
  52.964937      59.619880      -0.0000000000000000       0.0000000000000000        302
  56.018079      59.907842      -0.0000000000000000       0.0000000000000000        302
  59.097359      60.197212      -0.0000000000000000       0.0000000000000000        302
  62.203726      60.487163      -0.0000000000000000       0.0000000000000000        390
  65.338086      60.776843      -0.0000000000000000       0.0000000000000000        468
  68.501296      61.065380      -0.0000000000000000       0.0000000000000000        468
  71.694149      61.351880      -0.0000000000000000       0.0000000000000000        401
  74.917362      61.635430      -0.0000000000000000       0.0000000000000000        401
  78.171561      61.915100      -0.0000000000000000       0.0000000000000000        401
  81.457265      62.189947      -0.0000000000000000       0.0000000000000000        401
  84.774874      62.459015      -0.0000000000000000       0.0000000000000000        401
  88.124647      62.721343      -0.0000000000000000       0.0000000000000000        401
  91.506689      62.975964      -0.0000000000000000       0.0000000000000000        401
  94.920932      63.221915      -0.0000000000000000       0.0000000000000000        401
  98.367123      63.458235      -0.0000000000000000       0.0000000000000000        401
  101.844800      63.683979      -0.0000000000000000       0.0000000000000000        401
  105.353286      63.898214      -0.0000000000000000       0.0000000000000000        401
  108.891673      64.100036      -0.0000000000000000       0.0000000000000000        401
  112.458813      64.288568      -0.0000000000000000       0.0000000000000000        401
  116.053313      64.462972      -0.0000000000000000       0.0000000000000000        401
  119.673529      64.622455      -0.0000000000000000       0.0000000000000000        401
  123.317574      64.766277      -0.0000000000000000       0.0000000000000000        401
  126.983318      64.893755      -0.0000000000000000       0.0000000000000000      43102
  130.668404      65.004276      -0.0000000000000000       0.0000000000000000      43101
  134.370262      65.097298      -0.0000000000000000       0.0000000000000000      43101
  30.073820      54.880898      -0.0000000000000000       0.0000000000000000        302
  32.980090      55.132762      -0.0000000000000000       0.0000000000000000        302
  35.903138      55.391607      -0.0000000000000000       0.0000000000000000        302
  38.843863      55.656798      -0.0000000000000000       0.0000000000000000        302
  41.803170      55.927672      -0.0000000000000000       0.0000000000000000        302
  44.781962      56.203543      -0.0000000000000000       0.0000000000000000        302
  47.781142      56.483695      -0.0000000000000000       0.0000000000000000        302
  50.801601      56.767388      -0.0000000000000000       0.0000000000000000        302
  53.844219      57.053856      -0.0000000000000000       0.0000000000000000        302
  56.909857      57.342310      -0.0000000000000000       0.0000000000000000        302
  59.999346      57.631935      -0.0000000000000000       0.0000000000000000        302
  63.113484      57.921896      -0.0000000000000000       0.0000000000000000        390
  66.253024      58.211335      -0.0000000000000000       0.0000000000000000        468
  69.418668      58.499375      -0.0000000000000000       0.0000000000000000        468
  72.611052      58.785123      -0.0000000000000000       0.0000000000000000        401
  75.830737      59.067668      -0.0000000000000000       0.0000000000000000        401
  79.078198      59.346087      -0.0000000000000000       0.0000000000000000        401
  82.353810      59.619445      -0.0000000000000000       0.0000000000000000        401
  85.657836      59.886802      -0.0000000000000000       0.0000000000000000        401
  88.990412      60.147214      -0.0000000000000000       0.0000000000000000        401
  92.351535      60.399736      -0.0000000000000000       0.0000000000000000        401
  95.741052      60.643429      -0.0000000000000000       0.0000000000000000        401
  99.158644      60.877363      -0.0000000000000000       0.0000000000000000        401
  102.603815      61.100623      -0.0000000000000000       0.0000000000000000        401
  106.075887      61.312314      -0.0000000000000000       0.0000000000000000        401
  109.573983      61.511568      -0.0000000000000000       0.0000000000000000        401
  113.097029      61.697548      -0.0000000000000000       0.0000000000000000        401
  116.643748      61.869458      -0.0000000000000000       0.0000000000000000        401
  120.212657      62.026546      -0.0000000000000000       0.0000000000000000        401
  123.802074      62.168113      -0.0000000000000000       0.0000000000000000        401
  127.410123      62.293516      -0.0000000000000000       0.0000000000000000        401
  131.034745      62.402178      -0.0000000000000000       0.0000000000000000        401
  134.673711      62.493593      -0.0000000000000000       0.0000000000000000        401
  30.701300      52.300465      -0.0000000000000000       0.0000000000000000        302
  33.629723      52.553915      -0.0000000000000000       0.0000000000000000        302
  36.573713      52.814248      -0.0000000000000000       0.0000000000000000        302
  39.534079      53.080812      -0.0000000000000000       0.0000000000000000        302
  42.511629      53.352930      -0.0000000000000000       0.0000000000000000        302
  45.507171      53.629896      -0.0000000000000000       0.0000000000000000        302
  48.521501      53.910981      -0.0000000000000000       0.0000000000000000        302
  51.555405      54.195432      -0.0000000000000000       0.0000000000000000        302
  54.609652      54.482471      -0.0000000000000000       0.0000000000000000        302
  57.684985      54.771296      -0.0000000000000000       0.0000000000000000        302
  60.782121      55.061085      -0.0000000000000000       0.0000000000000000        390
  63.901736      55.350996      -0.0000000000000000       0.0000000000000000        468
  67.044464      55.640167      -0.0000000000000000       0.0000000000000000        468
  70.210885      55.927719      -0.0000000000000000       0.0000000000000000        468
  73.401515      56.212759      -0.0000000000000000       0.0000000000000000        468
  76.616800      56.494381      -0.0000000000000000       0.0000000000000000        401
  79.857102      56.771667      -0.0000000000000000       0.0000000000000000        401
  83.122692      57.043694      -0.0000000000000000       0.0000000000000000        401
  86.413737      57.309534      -0.0000000000000000       0.0000000000000000        401
  89.730289      57.568259      -0.0000000000000000       0.0000000000000000        401
  93.072276      57.818944      -0.0000000000000000       0.0000000000000000        401
  96.439493      58.060672      -0.0000000000000000       0.0000000000000000        401
  99.831589      58.292538      -0.0000000000000000       0.0000000000000000        401
  103.248059      58.513657      -0.0000000000000000       0.0000000000000000        401
  106.688241      58.723162      -0.0000000000000000       0.0000000000000000        401
  110.151305      58.920217      -0.0000000000000000       0.0000000000000000        401
  113.636253      59.104021      -0.0000000000000000       0.0000000000000000        401
  117.141916      59.273810      -0.0000000000000000       0.0000000000000000        401
  120.666954      59.428867      -0.0000000000000000       0.0000000000000000        401
  124.209861      59.568525      -0.0000000000000000       0.0000000000000000        401
  127.768973      59.692176      -0.0000000000000000       0.0000000000000000        401
  131.342474      59.799272      -0.0000000000000000       0.0000000000000000        401
  134.928411      59.889335      -0.0000000000000000       0.0000000000000000        401
  31.259597      49.717073      -0.0000000000000000       0.0000000000000000        302
  34.207149      49.971907      -0.0000000000000000       0.0000000000000000        302
  37.169125      50.233533      -0.0000000000000000       0.0000000000000000        302
  40.146256      50.501285      -0.0000000000000000       0.0000000000000000        302
  43.139271      50.774470      -0.0000000000000000       0.0000000000000000        302
  46.148890      51.052370      -0.0000000000000000       0.0000000000000000        302
  49.175823      51.334243      -0.0000000000000000       0.0000000000000000        302
  52.220767      51.619324      -0.0000000000000000       0.0000000000000000        302
  55.284396      51.906823      -0.0000000000000000       0.0000000000000000        302
  58.367361      52.195932      -0.0000000000000000       0.0000000000000000        302
  61.470281      52.485821      -0.0000000000000000       0.0000000000000000        390
  64.593738      52.775644      -0.0000000000000000       0.0000000000000000        465
  67.738269      53.064534      -0.0000000000000000       0.0000000000000000        458
  70.904359      53.351613      -0.0000000000000000       0.0000000000000000        459
  74.092432      53.635990      -0.0000000000000000       0.0000000000000000        468
  77.302845      53.916761      -0.4768821096190966      -0.0079300048488228          0
  80.535878      54.193017      -1.0366174303726208       0.0468350213153891          0
  83.791724      54.463844      -1.2003414835953943       0.1228467525869067          0
  87.070482      54.728327      -1.0720015026264647       0.1665928004999354          0
  90.372149      54.985551      -0.7798895283703635       0.1571684769789811          0
  93.696608      55.234611      -0.4002851308400287       0.0967057323356078          0
  97.043624      55.474608      -0.0000000000000000       0.0000000000000000        401
  100.412833      55.704661      -0.0000000000000000       0.0000000000000000        401
  103.803739      55.923907      -0.0000000000000000       0.0000000000000000        401
  107.215706      56.131508      -0.0000000000000000       0.0000000000000000        401
  110.647954      56.326654      -0.0000022448837115       0.0000007573606631          0
  114.099561      56.508573      -0.0594271425137402       0.0230250824986950          0
  117.569457      56.676529      -0.1069356337719252       0.0468925973815338          0
  121.056429      56.829835      -0.1292044134383629       0.0635193238458355          0
  124.559124      56.967852      -0.1358629136443953       0.0721377921286085          0
  128.076055      57.089998      -0.1315884901034037       0.0659136308395364          0
  131.605609      57.195752      -0.1251405231060266       0.0521229143850669          0
  135.146061      57.284658      -0.1164016773700139       0.0367730127927096          0
  31.761433      47.131269      -0.0000000000000000       0.0000000000000000        302
  34.725704      47.387325      -0.0000000000000000       0.0000000000000000        302
  37.703323      47.650089      -0.0000000000000000       0.0000000000000000        302
  40.694952      47.918881      -0.0000000000000000       0.0000000000000000        302
  43.701249      48.192995      -0.0000000000000000       0.0000000000000000        302
  46.722861      48.471702      -0.0000000000000000       0.0000000000000000        302
  49.760424      48.754248      -0.0000000000000000       0.0000000000000000        302
  52.814557      49.039859      -0.0000000000000000       0.0000000000000000        302
  55.885858      49.327736      -0.0000000000000000       0.0000000000000000        302
  58.974900      49.617064      -0.0000000000000000       0.0000000000000000        302
  62.082223      49.907008      -0.0000000000000000       0.0000000000000000        467
  65.208331      50.196715      -0.0000000000000000       0.0000000000000000        458
  68.353683      50.485321      -0.0000000000000000       0.0000000000000000        458
  71.518690      50.771946      -0.0000000000000000       0.0000000000000000        459
  74.703704      51.055700      -1.4162902427998154      -0.1339592430428460          0
  77.909014      51.335686      -2.3367294629883339      -0.0684614573453103          0
  81.134836      51.611000      -2.7179748633852849       0.1148118893475483          0
  84.381308      51.880739      -2.6926044738634696       0.2929624542287282          0
  87.648482      52.143996      -2.3171094325740809       0.3782399129665047          0
  90.936316      52.399874      -1.7797461504344130       0.3630274722048870          0
  94.244665      52.647480      -1.2097020559188825       0.2847162073211466          0
  97.573280      52.885936      -0.6297167922563518       0.1616107885861751          0
  100.921798      53.114380      -0.0744101726471245       0.0201151006871701          0
  104.289738      53.331970      -0.0000000000000000       0.0000000000000000        401
  107.676498      53.537891      -0.0397519428988196       0.0118823436372234          0
  111.081350      53.731358      -0.1892621963445554       0.0649088667197594          0
  114.503443      53.911621      -0.2828901664290882       0.1104649448623074          0
  117.941798      54.077973      -0.3328238893384109       0.1464244319746570          0
  121.395313      54.229747      -0.3575461757502384       0.1715602219838308          0
  124.862770      54.366332      -0.3740535837714540       0.1824462885931514          0
  128.342833      54.487168      -0.3855697694094222       0.1814280417921877          0
  131.834062      54.591754      -0.3978741804571038       0.1707141509059688          0
  135.334921      54.679654      -0.4223647504756564       0.1601416635288915          0
  32.216686      44.543478      -0.0000000000000000       0.0000000000000000        302
  35.195732      44.800623      -0.0000000000000000       0.0000000000000000        302
  38.187110      45.064399      -2.0869723753181351      -0.3364028276323773        503
  41.191421      45.334111      -2.2536885152196620      -0.2754204052785125        503
  44.209260      45.609044      -0.0000000000000000       0.0000000000000000        301
  47.241213      45.888456      -0.0000000000000000       0.0000000000000000        301
  50.287850      46.171586      -0.0000000000000000       0.0000000000000000        302
  53.349726      46.457648      -0.0000000000000000       0.0000000000000000        302
  56.427374      46.745839      -0.0000000000000000       0.0000000000000000        302
  59.521301      47.035336      -0.0000000000000000       0.0000000000000000        302
  62.631982      47.325301      -0.0000000000000000       0.0000000000000000        466
  65.759856      47.614878      -0.0000000000000000       0.0000000000000000        458
  68.905322      47.903200      -0.0000000000000000       0.0000000000000000        459
  72.068729      48.189390      -1.2309959246339068      -0.0488059333429969          0
  75.250374      48.472560      -3.4445630341830498      -0.3285338211092145          0
  78.450491      48.751817      -4.5242070357190620      -0.2482667277544256        580
  81.669252      49.026265      -4.0882959559327103      -0.0087313008431477        580
  84.906751      49.295007      -3.6368377890380392       0.2131694048327998        580
  88.163008      49.557151      -3.1710571106724790       0.4161048670016837        580
  91.437955      49.811809      -2.6038998614399067       0.5213585247686019          0
  94.731433      50.058104      -1.8536970363368845       0.3948553600243430          0
  98.043189      50.295175      -1.2066726614249690       0.2563306048856552          0
  101.372866      50.522175      -0.8361651026205952       0.2344877434615503          0
  104.720007      50.738285      -0.5676699805415527       0.1898816520598496          0
  108.084044      50.942707      -0.4342980771289600       0.1422715188866314          0
  111.464302      51.134680      -0.4851945675427218       0.1685456857708239          0
  114.859995      51.313474      -0.5523927545326519       0.2174763817150817          0
  118.270229      51.478402      -0.5865492271549251       0.2591480510189526          0
  121.694003      51.628823      -0.6046934049899544       0.2871942230708192          0
  125.130212      51.764142      -0.6190700746820590       0.3004076088312926          0
  128.577655      51.883821      -0.6332773618844780       0.3008162189924069          0
  132.035039      51.987378      -0.6552074717745536       0.2909372845653823          0
  135.500990      52.074392      -0.6981545416448787       0.2803728762256802          0
  32.633152      41.954031      -0.0000000000000000       0.0000000000000000        520
  35.625384      42.212160      -0.0000000000000000       0.0000000000000000        551
  38.628985      42.476843      -0.0000000000000000       0.0000000000000000        551
  41.644504      42.747379      -0.0000000000000000       0.0000000000000000        551
  44.672481      43.023040      -2.4390835757253635      -0.0100583992570535        503
  47.713446      43.303076      -0.0000000000000000       0.0000000000000000        301
  50.767914      43.586715      -0.0000000000000000       0.0000000000000000        301
  53.836385      43.873167      -0.0000000000000000       0.0000000000000000        301
  56.919336      44.161621      -0.0000000000000000       0.0000000000000000        301
  60.017217      44.451250      -0.0000000000000000       0.0000000000000000        390
  63.130452      44.741210      -0.0000000000000000       0.0000000000000000        466
  66.259426      45.030646      -0.0000000000000000       0.0000000000000000        466
  69.404486      45.318689      -0.8018878505681706       0.0862124007993816          0
  72.565934      45.604462      -2.7026176894171621       0.3382819897864153          0
  75.744022      45.887081      -6.8974201462408686      -0.6946431279085749        591
  78.938944      46.165659      -4.4589419777943036      -0.7557774676954356        580
  82.150834      46.439305      -4.0219326035952490      -0.5267834297457907        580
  85.379760      46.707131      -3.5698715854690484      -0.3147722935767940        580
  88.625715      46.968254      -3.1040044556779893      -0.1210115039517477        580
  91.888618      47.221798      -2.6256699141566751       0.0532681683736871        580
  95.168302      47.466901      -2.1362990577216294       0.2068848104399959        580
  98.464516      47.702714      -1.9979623006718976       0.4990397299416228          0
  101.776920      47.928410      -1.7102910831135723       0.5831528331660012          0
  105.105078      48.143183      -1.3069971509664398       0.4976944201440442          0
  108.448460      48.346256      -0.9525020157381665       0.3505563031568553          0
  111.806441      48.536884      -0.8185548684973516       0.2890928269038589          0
  115.178299      48.714360      -0.8461849492755140       0.3358816633302330          0
  118.563213      48.878013      -0.8560490591655152       0.3804111535733610          0
  121.960275      49.027222      -0.8571533941338605       0.4130663746629681          0
  125.368482      49.161411      -0.8600704285136689       0.4287061672344587          0
  128.786748      49.280058      -0.8673862940739867       0.4278752184738340          0
  132.213911      49.382697      -0.8891461492103989       0.4128710763290952          0
  135.648733      49.468922      -0.9407005575511109       0.3934427032770983          0
  33.017069      39.363198      -0.0000000000000000       0.0000000000000000        522
  36.021175      39.622219      -1.2100567569262493       0.1198460940530037        715
  39.035737      39.887725      -0.0000000000000000       0.0000000000000000        525
  42.061254      40.159004      -0.0000000000000000       0.0000000000000000        526
  45.098220      40.435319      -0.0000000000000000       0.0000000000000000        526
  48.147115      40.715911      -2.6151610895478710       0.2536199071856705        503
  51.208408      41.000002      -2.7623457976954309       0.3283194453231200        503
  54.282548      41.286793      -0.0000000000000000       0.0000000000000000        301
  57.369967      41.575470      -0.0000000000000000       0.0000000000000000        301
  60.471067      41.865200      -0.0000000000000000       0.0000000000000000        301
  63.586227      42.155137      -0.0000000000000000       0.0000000000000000        467
  66.715788      42.444424      -0.0000000000000000       0.0000000000000000        466
  69.860056      42.732193      -1.9916272392962178       0.3121757865805520          0
  73.019293      43.017567      -3.3981543562922925       0.5988978015733011        501
  76.193717      43.299667      -3.5272933278437373       0.7114075718653198        501
  79.383489      43.577608      -3.6461528078642398       0.8309368452563810        501
  82.588718      43.850507      -3.8012602906307298       0.0732239380079727          0
  85.809448      44.117484      -3.5902806625527890      -0.3300101214316945          0
  89.045659      44.377665      -3.2617164208373683       0.0346701416002979          0
  92.297259      44.630186      -2.9289115274329047       0.2378353150687709          0
  95.564083      44.874195      -2.8330566423273096       0.5541727308490065          0
  98.845887      45.108858      -2.9126947199688127       0.9401580585924860          0
  102.142347      45.333362      -2.6853204717071435       1.0730709234890083          0
  105.453054      45.546918      -2.1591229741990912       0.9319891075278244          0
  108.777516      45.748765      -1.5076551209941260       0.6009545916322507          0
  112.115154      45.938174      -1.1692432415521341       0.4158343719891061          0
  115.465304      46.114455      -1.1525048171156254       0.4614811744783729          0
  118.827219      46.276956      -1.1326923728119311       0.5065323688380878          0
  122.200067      46.425070      -1.1067719901575617       0.5462371929441482          0
  125.582940      46.558238      -1.0879708381186828       0.5676751261144173          0
  128.974855      46.675955      -1.0798005536984925       0.5666147004029182          0
  132.374761      46.777768      -1.0946553188441075       0.5429379530681958          0
  135.781544      46.863283      -1.1428901359547008       0.4974216961286466          0
  33.373499      36.771193      -1.1907905389328766       0.1165464132622633        715
  36.388385      37.031032      -0.0000000000000000       0.0000000000000000        522
  39.412856      37.297290      -2.1557110342758019       0.2677344784838098        503
  42.447369      37.569245      -2.3215735450728916       0.3200356160396451        503
  45.492374      37.846152      -0.0000000000000000       0.0000000000000000        505
  48.548310      38.127245      -0.0000000000000000       0.0000000000000000        505
  51.615601      38.411738      -2.7813381724338715       0.5136049096872295        503
  54.694658      38.698828      -2.9203380043680589       0.5903415535537993        503
  57.785868      38.987695      -0.0000000000000000       0.0000000000000000        301
  60.889597      39.277502      -0.0000000000000000       0.0000000000000000        301
  64.006182      39.567402      -0.0000000000000000       0.0000000000000000        301
  67.135931      39.856536      -0.8300048933860116       0.1589156596233879          0
  70.279114      40.144036      -3.1458482019840073       0.6619239353402614          0
  73.435963      40.429028      -3.4157083510117703       0.7894605276235005        501
  76.606666      40.710634      -3.5433049491229243       0.8962626120882067        501
  79.791361      40.987977      -3.6605438469117235       1.0097638975862566        501
  82.990136      41.260177      -3.7669190786356697       1.1297111908860573        501
  86.203021      41.526362      -3.8600500436214711       1.2357135166641959          0
  89.429985      41.785668      -3.7683353863880962       1.1067966078883427          0
  92.670936      42.037240      -3.5809894532187965       1.0760665257827873          0
  95.925710      42.280239      -3.5358096077035617       1.1992664516030387          0
  99.194075      42.513843      -3.6714732640047059       1.4775700640847469          0
  102.475725      42.737252      -3.8177360375056408       1.7643018133372674          0
  105.770281      42.949690      -3.1745667014173180       1.5358058311821789          0
  109.077285      43.150413      -2.0985496089271107       0.8985009905746474          0
  112.396204      43.338707      -1.4474664067105616       0.4905845022615814          0
  115.726430      43.513897      -1.4178873679550508       0.5511472788731572          0
  119.067278      43.675346      -1.4029399884619265       0.6282635420246230          0
  122.417993      43.822462      -1.3501239045088922       0.6735973248069969          0
  125.777749      43.954702      -1.2940239871307013       0.7104639944348882          0
  129.145654      44.071573      -1.2593586505993715       0.7297683124032579          0
  132.520757      44.172634      -1.2548454887128222       0.7089598750185209          0
  135.902051      44.257505      -1.2820277052622968       0.5706810627442912          0
  33.706598      34.178195      -0.0000000000000000       0.0000000000000000          0
  36.731345      34.438788      -2.0040963317272165       0.4225088166626514        503
  39.764844      34.705738      -2.1752691908786170       0.4655890268990569        503
  42.807514      34.978313      -2.3408352577284877       0.5144232423049338        503
  45.859766      35.255760      -2.5002912059717000       0.5690576049973588        503
  48.922001      35.537308      -0.0000000000000000       0.0000000000000000        505
  51.994607      35.822163      -0.0000000000000000       0.0000000000000000        505
  55.077958      36.109518      -0.0000000000000000       0.0000000000000000        505
  58.172406      36.398547      -0.0000000000000000       0.0000000000000000        505
  61.278282      36.688413      -0.0000000000000000       0.0000000000000000        301
  64.395892      36.978264      -0.0000000000000000       0.0000000000000000        301
  67.525513      37.267242      -0.0000000000000000       0.0000000000000000        301
  70.667386      37.554479      -3.2957275882525159       0.8815522916732709        501
  73.821719      37.839104      -3.4317989481730891       0.9757415151962738        501
  76.988676      38.120241      -3.5579531018549706       1.0765136556514805        501
  80.168379      38.397016      -3.6736813011237786       1.1836693157177067        501
  83.360899      38.668559      -3.7784956431165435       1.2969661304682134        501
  86.566257      38.934002      -3.8719321126842958       1.4161177720772220        501
  89.784419      39.192490      -3.9535537900751478       1.5407933563219847        501
  93.015290      39.443178      -4.0229541999822578       1.6706172945985389        501
  96.258716      39.685238      -4.0797607707611760       1.8051696323709838        501
  99.514477      39.917858      -4.1236383651408381       1.9439869107621623        501
  102.782289      40.140252      -4.3124263751349874       2.3558714628077952        607
  106.061799      40.351658      -2.9323843290344001       1.2849499593893539          0
  109.352585      40.551343      -2.0382129278016130       0.7443909884901345          0
  112.654159      40.738609      -1.5147349046143317       0.4263448452754672          0
  115.965963      40.912794      -1.3952655841626878       0.4116239744556269          0
  119.287373      41.073275      -1.3864097155340049       0.4940123661148096          0
  122.617700      41.219475      -1.3706041713944206       0.5702381108126490          0
  125.956193      41.350863      -1.3489410674746956       0.6277679560014764          0
  129.302044      41.466957      -1.3244254557046333       0.6622921978573683          0
  132.654391      41.567331      -1.3028523376842644       0.6321463047159350          0
  136.012324      41.651611      -0.0000000000000000       0.0000000000000000          0
  34.019817      31.584350      -1.1957297958342887       0.1811689487140703        715
  37.053648      31.845645      -0.0000000000000000       0.0000000000000000          0
  40.095431      32.113235      -2.1935634636351651       0.6611991327778473        503
  43.145550      32.386382      -2.3588304155667350       0.7063212357927486        503
  46.204382      32.664327      -2.5178572185178902       0.7569322597909591        503
  49.272296      32.946290      -2.6701491726890612       0.8130639662766861        503
  52.349645      33.231474      -0.0000000000000000       0.0000000000000000        505
  55.436771      33.519065      -0.0000000000000000       0.0000000000000000        505
  58.533997      33.808235      -0.0000000000000000       0.0000000000000000        505
  61.641625      34.098142      -0.0000000000000000       0.0000000000000000        506
  64.759932      34.387937      -0.0000000000000000       0.0000000000000000        506
  67.889170      34.676757      -0.0000000000000000       0.0000000000000000        506
  71.029558      34.963737      -3.3118664622994136       1.0694246028651970        501
  74.181281      35.248007      -3.4466569096020589       1.1576124298680801        501
  77.344488      35.528695      -3.5714544339823080       1.2520599318073420        501
  80.519286      35.804932      -3.6857660055290462       1.3525788982278086        501
  83.705736      36.075852      -3.7891207120359107       1.4589396914085684        501
  86.903854      36.340596      -3.8810726321992766       1.5708703943504052        501
  90.113602      36.598315      -3.9612038437464978       1.6880563538216111        501
  93.334893      36.848174      -4.0291275429950995       1.8101401566983968        501
  96.567579      37.089354      -4.0844912459584366       1.9367220746674330        501
  99.811456      37.321056      -4.3511749026073616       2.2592305903794205        607
  103.066262      37.542504      -2.7947262955873367       1.0634398859575556          0
  106.331671      37.752948      -2.3529028101742724       0.7935771896205306          0
  109.607298      37.951668      -1.7608247843261200       0.4222627105912979          0
  112.892693      38.137979      -1.4313811909398080       0.2383641217049584          0
  116.187349      38.311232      -1.3772869987072325       0.2768445141726758          0
  119.490696      38.470817      -1.3738647066885679       0.3627984327204318          0
  122.802107      38.616169      -1.3629941624606270       0.4287576980220759          0
  126.120902      38.746769      -1.3475912618562271       0.4705700287085859          0
  129.446345      38.862146      -1.3315557385681500       0.4782720518655330          0
  132.777658      38.961884      -1.3222531940776845       0.4204711828859111          0
  136.114016      39.045620      -0.0000000000000000       0.0000000000000000          0
  34.316059      28.989783      -1.1979429059714393       0.2119347326213429        715
  37.358311      29.251733      -0.0000000000000000       0.0000000000000000          0
  40.407745      29.519921      -0.0000000000000000       0.0000000000000000          0
  43.464713      29.793600      -2.3757455163173891       0.8954383876581639        503
  46.529561      30.072005      -2.5343488918776771       0.9417921825534978        503
  49.602626      30.354350      -2.6860979894641321       0.9933530896610063        503
  52.684236      30.639834      -0.0000000000000000       0.0000000000000000        505
  55.774702      30.927637      -0.0000000000000000       0.0000000000000000        505
  58.874321      31.216929      -0.0000000000000000       0.0000000000000000        505
  61.983369      31.506866      -0.0000000000000000       0.0000000000000000      50601
  65.102102      31.796596      -0.0000000000000000       0.0000000000000000      50601
  68.230749      32.085257      -0.0000000000000000       0.0000000000000000      50601
  71.369510      32.371985      -0.0000000000000000       0.0000000000000000          0
  74.518555      32.655912      -3.4604704719244790       1.3349093954207616        501
  77.678018      32.936170      -3.5839851782202938       1.4227627300667525        501
  80.847995      33.211893      -3.6969608471195912       1.5163783520824308        501
  84.028544      33.482220      -3.7989426192615703       1.6155409963975602        501
  87.219674      33.746301      -3.8895015700724462       1.7199947167931757        501
  90.421352      34.003293      -3.9682375265891743       1.8294425380735260        501
  93.633495      34.252370      -4.0347819704297647       1.9435465292497212        501
  96.855967      34.492722      -0.0000000000000000       0.0000000000000000          0
  100.088582      34.723561      -4.3480535876366169       2.3107740026911237        607
  103.331097      34.944121      -2.0680415852487077       0.5133630344717715          0
  106.583216      35.153664      -1.6192937631881441       0.1795379343854616          0
  109.844586      35.351482      -1.3861761994504591       0.0155973620389138          0
  113.114799      35.536901      -1.3535040236211200       0.0497869320908517          0
  116.393390      35.709284      -1.3641748048136075       0.1462079573999567          0
  119.679843      35.868033      -1.3659352479973408       0.2374233499147297          0
  122.973589      36.012594      -1.3598052917899177       0.2989576276789594          0
  126.274010      36.142460      -1.3494314179051614       0.3347960536944067          0
  129.580441      36.257170      -1.3387830586636174       0.3415080402236905          0
  132.892175      36.356317      -1.3339353171119617       0.2999763973913240          0
  136.208467      36.439546      -0.0000000000000000       0.0000000000000000          0
  34.597788      26.394598      -1.2000178845395353       0.2416521837276765        715
  37.647895      26.657165      -1.2206149538805395       0.2678698669953066        715
  40.704438      26.925914      -0.0000000000000000       0.0000000000000000          0
  43.767741      27.200091      -0.0000000000000000       0.0000000000000000          0
  46.838123      27.478924      -2.5499223825299113       1.1233548453538105        503
  49.915892      27.761624      -2.7011404270047272       1.1701236389603391        503
  53.001351      28.047382      -2.8449142988569482       1.2218051444151070        503
  56.094786      28.335377      -2.9807793287360229       1.2784031048465441        503
  59.196471      28.624775      -0.0000000000000000       0.0000000000000000        505
  62.306662      28.914731      -0.0000000000000000       0.0000000000000000      50601
  65.425592      29.204390      -0.0000000000000000       0.0000000000000000      50601
  68.553474      29.492891      -0.0000000000000000       0.0000000000000000          0
  71.690493      29.779372      -0.0000000000000000       0.0000000000000000          0
  74.836805      30.062967      -0.0000000000000000       0.0000000000000000          0
  77.992535      30.342809      -3.5956903847528539       1.5884550834661781        501
  81.157771      30.618039      -3.7073995122723171       1.6749235950047203        501
  84.332567      30.887801      -3.8080827353800197       1.7666480941265736        501
  87.516933      31.151249      -3.8973271730871732       1.8633899595965242        501
  90.710840      31.407550      -3.9747493228730377       1.9648711468108009        501
  93.914211      31.655886      -0.0000000000000000       0.0000000000000000          0
  97.126925      31.895454      -0.0000000000000000       0.0000000000000000          0
  100.348811      32.125477      -1.2717590197444617      -0.1335549553270106        602
  103.579651      32.345199      -1.4745043693905391       0.0390897473667428          0
  106.819175      32.553893      -1.3183264900467033      -0.0663546058554471          0
  110.067062      32.750861      -1.3343126593768899      -0.0254403986728056          0
  113.322942      32.935441      -1.3466968242279336       0.0182315858878353          0
  116.586395      33.107006      -1.3565854001564517       0.0625067728251489          0
  119.856952      33.264971      -1.3626593419338899       0.1220628058013351          0
  123.134098      33.408791      -1.3610475207374737       0.1852820108540202          0
  126.417273      33.537969      -1.3535215919162464       0.2265724026456339          0
  129.705876      33.652054      -1.3455636222085188       0.2480095186421220          0
  132.999268      33.750648      -1.2780061003475247       0.8255531072347624        601
  136.296776      33.833403      -6.4105936516404363       3.5244837843851533        678
  34.867120      23.798886      -1.2019744309034346       0.2703001099128004        715
  37.924596      24.062037      -1.2223131870769981       0.2940540630945369        715
  40.987783      24.331314      -0.0000000000000000       0.0000000000000000          0
  44.056981      24.605959      -0.0000000000000000       0.0000000000000000          0
  47.132481      24.885194      -2.5647100954631705       1.3013282681804204        503
  50.214570      25.168223      -2.7154071821175809       1.3431031279611543        503
  53.303525      25.454236      -2.8585578718515396       1.3894730922398069        503
  56.399612      25.742406      -2.9937034623023506       1.4404529136729942        503
  59.503084      26.031897      -0.0000000000000000       0.0000000000000000      50602
  62.614177      26.321861      -0.0000000000000000       0.0000000000000000      50602
  65.733111      26.611444      -0.0000000000000000       0.0000000000000000      50602
  68.860081      26.899786      -0.0000000000000000       0.0000000000000000          0
  71.995261      27.186024      -0.0000000000000000       0.0000000000000000          0
  75.138796      27.469294      -0.0000000000000000       0.0000000000000000          0
  78.290803      27.748735      -0.0000000000000000       0.0000000000000000          0
  81.451368      28.023489      -3.7171929581159397       1.8280487061036415        501
  84.620542      28.292708      -3.8166414961692423       1.9121163072817056        501
  87.798337      28.555551      -3.9046387234167579       2.0009319658800702        501
  90.984730      28.811192      -0.0000000000000000       0.0000000000000000          0
  94.179655      29.058820      -0.0000000000000000       0.0000000000000000          0
  97.383002      29.297643      -0.0000000000000000       0.0000000000000000          0
  100.594621      29.526890      -1.2738559586440712      -0.1082156896575608        602
  103.814314      29.745817      -1.2904689319284686      -0.1159479550326587          0
  107.041838      29.953705      -1.3200953482784594      -0.0621798727917759          0
  110.276906      30.149869      -1.3351998273455332      -0.0161948453319129          0
  113.519182      30.333655      -1.3455695901096034       0.0278843312263513          0
  116.768288      30.504448      -1.3535862175904336       0.0708969631874826          0
  120.023801      30.661672      -1.3594040460441930       0.1118840466399290          0
  123.285257      30.804793      -1.3606479863163377       0.1514065480607882          0
  126.552149      30.933322      -1.3557697584425390       0.1910978019732625          0
  129.823936      31.046819      -1.3483536413239863       0.2312377694530183          0
  133.100041      31.144892      -0.0000000000000000       0.0000000000000000          0
  136.379856      31.227201      -0.0000000000000000       0.0000000000000000          0
  35.125892      21.202725      -1.2038292488062343       0.2978528787156340        715
  38.190317      21.466430      -1.2239172056738763       0.3190686147616478        715
  41.259749      21.736209      -0.0000000000000000       0.0000000000000000          0
  44.334461      22.011297      -0.0000000000000000       0.0000000000000000          0
  47.414722      22.290910      -0.0000000000000000       0.0000000000000000          0
  50.500798      22.574249      -2.7290100113229814       1.5120116372814663        503
  53.592944      22.860498      -2.8715510061250553       1.5528816084953136        503
  56.691408      23.148828      -0.0000000000000000       0.0000000000000000          0
  59.796425      23.438399      -0.0000000000000000       0.0000000000000000      50602
  62.908215      23.728364      -0.0000000000000000       0.0000000000000000      50602
  66.026983      24.017867      -0.0000000000000000       0.0000000000000000          0
  69.152913      24.306048      -0.0000000000000000       0.0000000000000000          0
  72.286169      24.592046      -0.0000000000000000       0.0000000000000000          0
  75.426888      24.874999      -0.0000000000000000       0.0000000000000000          0
  78.575182      25.154050      -0.0000000000000000       0.0000000000000000          0
  81.731136      25.428345      -3.7264342706483506       1.9755721458045892        501
  84.894799      25.697040      -3.8247029127736365       2.0517847329388998        501
  88.066189      25.959301      -0.0000000000000000       0.0000000000000000          0
  91.245290      26.214308      -0.0000000000000000       0.0000000000000000          0
  94.432046      26.461258      -0.0000000000000000       0.0000000000000000          0
  97.626363      26.699367      -1.1727704319977730      -0.2264942699564250        603
  100.828109      26.927874      -1.2427720246335545      -0.1753616804719478      60401
  104.037108      27.146042      -1.2979921695197205      -0.1117212492606562          0
  107.253144      27.353163      -1.3268231125565968      -0.0544020712019258          0
  110.475960      27.548560      -1.3392964360399855      -0.0059530270387992          0
  113.705256      27.731592      -1.3472307961115972       0.0380629017023988          0
  116.940694      27.901651      -1.3534192782254260       0.0795968240195727          0
  120.181892      28.058171      -1.3581711883748957       0.1182711529554644          0
  123.428434      28.200629      -1.3600185028903693       0.1546315167348550          0
  126.679866      28.328543      -1.3566165920675979       0.1913217058614268          0
  129.935700      28.441482      -0.0000000000000000       0.0000000000000000          0
  133.195418      28.539062      -1.5100222146991285       0.9250279572662218        649
  136.458473      28.620949      -0.0000000000000000       0.0000000000000000          0
  35.375717      18.606183      -1.2055966422119577       0.3242814994612193        715
  38.446730      18.870419      -1.2254400769328582       0.3428916765153172        715
  41.522059      19.140676      -0.0000000000000000       0.0000000000000000          0
  44.601956      19.416185      -0.0000000000000000       0.0000000000000000          0
  47.686669      19.696157      -0.0000000000000000       0.0000000000000000          0
  50.776442      19.979787      -0.0000000000000000       0.0000000000000000          0
  53.871514      20.266256      -0.0000000000000000       0.0000000000000000          0
  56.972116      20.554732      -0.0000000000000000       0.0000000000000000          0
  60.078466      20.844375      -0.0000000000000000       0.0000000000000000          0
  63.190772      21.134333      -0.0000000000000000       0.0000000000000000          0
  66.309226      21.423751      -0.0000000000000000       0.0000000000000000          0
  69.434002      21.711771      -0.0000000000000000       0.0000000000000000          0
  72.565257      21.997532      -0.0000000000000000       0.0000000000000000          0
  75.703123      22.280175      -0.0000000000000000       0.0000000000000000          0
  78.847709      22.558845      -0.0000000000000000       0.0000000000000000          0
  81.999098      22.832694      -3.7352023619726800       2.1173016828796030        501
  85.157344      23.100881      -3.8323379928889727       2.1854813679222862        501
  88.322469      23.362579      -0.0000000000000000       0.0000000000000000          0
  91.494466      23.616975      -0.0000000000000000       0.0000000000000000          0
  94.673290      23.863273      -0.0000000000000000       0.0000000000000000          0
  97.858863      24.100695      -1.1754860059839178      -0.1953966189977923        603
  101.051072      24.328491      -1.2470885316870730      -0.1206781981905325      60301
  104.249763      24.545931      -1.3069040820470017      -0.0954560980576968      60406
  107.454747      24.752317      -1.3402677394669023      -0.0429516727243224          0
  110.665797      24.946981      -1.3466635236707543       0.0066991872473950          0
  113.882646      25.129291      -1.3509912805599249       0.0499872630309599          0
  117.104994      25.298649      -1.3553253685870663       0.0893877443029464          0
  120.332501      25.454498      -1.3601988167062240       0.1243014976810895          0
  123.564794      25.596323      -0.0000000000000000       0.0000000000000000          0
  126.801469      25.723651      -0.0000000000000000       0.0000000000000000          0
  130.042088      25.836058      -0.0000000000000000       0.0000000000000000          0
  133.286188      25.933168      -0.0000000000000000       0.0000000000000000          0
  136.533280      26.014653      -0.0000000000000000       0.0000000000000000          0
  35.618028      16.009322      -1.2072889811993817       0.3495544898895449        715
  38.695316      16.274067      -1.2268930348116653       0.3654987548493803        715
  41.776243      16.544782      -0.0000000000000000       0.0000000000000000          0
  44.861038      16.820693      -1.4822687042510052       1.2123531039289366        710
  47.949932      17.101006      -0.0000000000000000       0.0000000000000000          0
  51.043151      17.384912      -0.0000000000000000       0.0000000000000000          0
  54.140916      17.671588      -0.0000000000000000       0.0000000000000000          0
  57.243444      17.960200      -0.0000000000000000       0.0000000000000000          0
  60.350940      18.249904      -0.0000000000000000       0.0000000000000000          0
  63.463601      18.539849      -0.0000000000000000       0.0000000000000000          0
  66.581608      18.829180      -0.0000000000000000       0.0000000000000000          0
  69.705128      19.117037      -0.0000000000000000       0.0000000000000000          0
  72.834311      19.402563      -0.0000000000000000       0.0000000000000000          0
  75.969286      19.684901      -0.0000000000000000       0.0000000000000000          0
  79.110162      19.963198      -0.0000000000000000       0.0000000000000000          0
  82.257023      20.236611      -0.0000000000000000       0.0000000000000000          0
  85.409925      20.504304      -3.8396073698961097       2.3130271952113493        501
  88.568900      20.765456      -3.9241771877110252       2.3769780884210951        502
  91.733948      21.019260      -0.0000000000000000       0.0000000000000000          0
  94.905039      21.264926      -0.0000000000000000       0.0000000000000000          0
  98.082110      21.501686      -1.1780752835767498      -0.1643533695241772        603
  101.265065      21.728795      -1.2512136352009908      -0.0662067626767096      60301
  104.453777      21.945534      -1.3105828942599480      -0.0439461344210993      60405
  107.648079      22.151212      -1.3659872371384862      -0.0197323529385884      60406
  110.847775      22.345172      -1.3548162066260887       0.0243221827858933          0
  114.052631      22.526788      -1.3544829535793155       0.0653043996435968          0
  117.262381      22.695473      -1.3587084650843750       0.1004843385427511          0
  120.476727      22.850678      -1.3632239036059470       0.1298165289489449        612
  123.695338      22.991895      -0.0000000000000000       0.0000000000000000          0
  126.917855      23.118662      -0.0000000000000000       0.0000000000000000          0
  130.143889      23.230560      -0.0000000000000000       0.0000000000000000          0
  133.373028      23.327220      -0.0000000000000000       0.0000000000000000          0
  136.604835      23.408320      -0.0000000000000000       0.0000000000000000          0
  35.854114      13.412196      -1.2089170705112995       0.3736385738781975        715
  38.937407      13.677432      -1.2282858281059936       0.3868634399143313        715
  42.023670      13.948589      -0.0000000000000000       0.0000000000000000          0
  45.113115      14.224886      -0.0000000000000000       0.0000000000000000          0
  48.205954      14.505525      -0.0000000000000000       0.0000000000000000          0
  51.302396      14.789693      -1.1732442423869514       1.0148474966649137        709
  54.402650      15.076565      -1.1434439815727684       1.0324891874928088        709
  57.506917      15.365302      -0.0000000000000000       0.0000000000000000          0
  60.615392      15.655059      -0.0000000000000000       0.0000000000000000          0
  63.728261      15.944986      -0.0000000000000000       0.0000000000000000          0
  66.845699      16.234225      -0.0000000000000000       0.0000000000000000          0
  69.967867      16.521919      -0.0000000000000000       0.0000000000000000          0
  73.094909      16.807211      -0.0000000000000000       0.0000000000000000          0
  76.226954      17.089246      -0.0000000000000000       0.0000000000000000          0
  79.364111      17.367177      -0.0000000000000000       0.0000000000000000          0
  82.506466      17.640163      -0.0000000000000000       0.0000000000000000          0
  85.654082      17.907374      -0.0000000000000000       0.0000000000000000          0
  88.806997      18.167994      -0.0000000000000000       0.0000000000000000          0
  91.965223      18.421221      -0.0000000000000000       0.0000000000000000          0
  95.128743      18.666273      -0.0000000000000000       0.0000000000000000          0
  98.297512      18.902390      -1.1805566267016874      -0.1334047571402592        603
  101.471452      19.128834      -1.2551755637468467      -0.0120364248030252      60401
  104.650457      19.344894      -1.3141137498953528       0.0072153579618779        604
  107.834389      19.549888      -1.3690893376835720       0.0282683754705740      60404
  111.023078      19.743167      -1.3407918024830903       0.0584663360999868      60201
  114.216324      19.924113      -0.0000000000000000       0.0000000000000000          0
  117.413895      20.092149      -0.0000000000000000       0.0000000000000000          0
  120.615530      20.246733      -0.0000000000000000       0.0000000000000000          0
  123.820939      20.387365      -0.0000000000000000       0.0000000000000000          0
  127.029806      20.513591      -0.0000000000000000       0.0000000000000000          0
  130.241789      20.624999      -0.0000000000000000       0.0000000000000000          0
  133.456524      20.721226      -0.0000000000000000       0.0000000000000000          0
  136.673624      20.801956      -6.4641756265247814       0.6936766691260564      61502
  36.085147      10.814856      -1.2104904445079467       0.3964992444757604        715
  39.174212      11.080568      -1.2296269973741907       0.4069579927031278        715
  42.265586      11.352151      -1.2402407835350122       0.9593433446250930        709
  45.359463      11.628821      -1.2207014867023041       0.9734164770567382        709
  48.456039      11.909773      -1.1975820260305849       0.9878892679921956        709
  51.555509      12.194192      -1.1709388948345425       1.0027135052237264        709
  54.658069      12.481248      -0.0000000000000000       0.0000000000000000          0
  57.763907      12.770101      -0.0000000000000000       0.0000000000000000          0
  60.873210      13.059905      -0.0000000000000000       0.0000000000000000          0
  63.986155      13.349807      -0.0000000000000000       0.0000000000000000          0
  67.102911      13.638951      -0.0000000000000000       0.0000000000000000          0
  70.223634      13.926480      -0.0000000000000000       0.0000000000000000          0
  73.348467      14.211539      -0.0000000000000000       0.0000000000000000          0
  76.477539      14.493276      -0.0000000000000000       0.0000000000000000          0
  79.610958      14.770845      -0.0000000000000000       0.0000000000000000          0
  82.748817      15.043411      -0.0000000000000000       0.0000000000000000          0
  85.891185      15.310149      -0.0000000000000000       0.0000000000000000          0
  89.038108      15.570247      -0.0000000000000000       0.0000000000000000          0
  92.189612      15.822910      -0.0000000000000000       0.0000000000000000          0
  95.345691      16.067364      -0.0000000000000000       0.0000000000000000          0
  98.506319      16.302854      -1.1829460750639698      -0.1025949598853959      60302
  101.671438      16.528650      -1.2589990866176888       0.0417402850470789      60402
  104.840964      16.744049      -1.3175189988043916       0.0579427007601849        604
  108.014783      16.948379      -1.3720791369348253       0.0757953656395697        604
  111.192756      17.140996      -0.0000000000000000       0.0000000000000000          0
  114.374711      17.321293      -1.3529645789699805       0.0938741956704140        612
  117.560451      17.488699      -0.0000000000000000       0.0000000000000000          0
  120.749752      17.642682      -0.0000000000000000       0.0000000000000000          0
  123.942363      17.782749      -0.0000000000000000       0.0000000000000000          0
  127.138009      17.908451      -0.0000000000000000       0.0000000000000000          0
  130.336392      18.019385      -0.0000000000000000       0.0000000000000000          0
  133.537193      18.115193      -0.0000000000000000       0.0000000000000000          0
  136.740075      18.195566      -6.4839344958682092       1.5362285343355824      61501
  36.312210       8.217346      -1.2120176060496894       0.4181012174206614        712
  39.406848       8.483522      -0.0000000000000000       0.0000000000000000          0
  42.503137       8.755520      -1.2388680188664412       0.9526854845431538        709
  45.601257       9.032550      -1.2190237209251067       0.9640324809070233        709
  48.701387       9.313805      -1.1955997443498856       0.9758322853564019        709
  51.803712       9.598465      -1.1686560865604267       0.9880439539000547        709
  54.908413       9.885696      -0.0000000000000000       0.0000000000000000          0
  58.015671      10.174658      -0.0000000000000000       0.0000000000000000          0
  61.125663      10.464501      -0.0000000000000000       0.0000000000000000          0
  64.238560      10.754374      -0.0000000000000000       0.0000000000000000          0
  67.354526      11.043419      -0.0000000000000000       0.0000000000000000          0
  70.473715      11.330781      -0.0000000000000000       0.0000000000000000          0
  73.596269      11.615606      -0.0000000000000000       0.0000000000000000          0
  76.722317      11.897045      -0.0000000000000000       0.0000000000000000          0
  79.851972      12.174257      -0.0000000000000000       0.0000000000000000          0
  82.985331      12.446408      -0.0000000000000000       0.0000000000000000          0
  86.122471      12.712679      -0.0000000000000000       0.0000000000000000          0
  89.263449      12.972264      -0.0000000000000000       0.0000000000000000          0
  92.408301      13.224375      -0.0000000000000000       0.0000000000000000          0
  95.557040      13.468241      -0.0000000000000000       0.0000000000000000          0
  98.709653      13.703117      -1.1852577960111659      -0.0719714629444579      60302
  101.866105      13.928280      -1.2627061885931274       0.0950280790856188      60402
  105.026333      14.143035      -1.3208184454157081       0.1081474658522623      60402
  108.190250      14.346716      -1.3749742196416679       0.1227671314096110        604
  111.357741      14.538688      -1.3422142025364912       0.0859428150780760        612
  114.528669      14.718353      -0.0000000000000000       0.0000000000000000          0
  117.702867      14.885146      -0.0000000000000000       0.0000000000000000          0
  120.880147      15.038543      -0.0000000000000000       0.0000000000000000          0
  124.060295      15.178059      -0.0000000000000000       0.0000000000000000          0
  127.243076      15.303253      -0.0000000000000000       0.0000000000000000          0
  130.428235      15.413726      -0.0000000000000000       0.0000000000000000          0
  133.615496      15.509128      -0.0000000000000000       0.0000000000000000          0
  136.804566      15.589153      -7.2573828928155359       1.5960665781294614        684
  36.536317       5.619711      -1.2135062224080271       0.4384087935903156        712
  39.636356       5.886340      -1.2540058142173982       0.9355394000666282        709
  42.737393       6.158743      -1.2374934434533740       0.9436021623093811        709
  45.839589       6.436124      -1.2173487242846048       0.9521989074096755        709
  48.943114       6.717672      -1.1936252852134221       0.9613035224397797        709
  52.048137       7.002563      -0.0000000000000000       0.0000000000000000          0
  55.154832       7.289962      -0.0000000000000000       0.0000000000000000          0
  58.263371       7.579025      -0.0000000000000000       0.0000000000000000          0
  61.373923       7.868902      -0.0000000000000000       0.0000000000000000          0
  64.486656       8.158740      -0.0000000000000000       0.0000000000000000          0
  67.601728       8.447683      -0.0000000000000000       0.0000000000000000          0
  70.719294       8.734875      -0.0000000000000000       0.0000000000000000          0
  73.839495       9.019466      -0.0000000000000000       0.0000000000000000          0
  76.962462       9.300608      -0.0000000000000000       0.0000000000000000          0
  80.088315       9.577464      -0.0000000000000000       0.0000000000000000          0
  83.217156       9.849204      -0.0000000000000000       0.0000000000000000          0
  86.349070      10.115014      -0.0000000000000000       0.0000000000000000          0
  89.484127      10.374093      -0.0000000000000000       0.0000000000000000          0
  92.622375      10.625658      -0.0000000000000000       0.0000000000000000          0
  95.763842      10.868946      -0.0000000000000000       0.0000000000000000          0
  98.908534      11.103219      -1.2533194092871973       0.0493973879119233        647
  102.056436      11.327760      -0.0000000000000000       0.0000000000000000          0
  105.207507      11.541882      -1.3240298492037279       0.1577390917036508      60402
  108.361684      11.744926      -1.3777903282681028       0.1691001030754543        604
  111.518883      11.936267      -1.3428827648349526       0.0988862155186520        613
  114.678993      12.115313      -1.3538410307587945       0.1136794841455120        613
  117.841881      12.281506      -1.3606861532315910       0.1290709512270074        613
  121.007393      12.434331      -0.0000000000000000       0.0000000000000000          0
  124.175351      12.573309      -7.1773541591598367       1.2456896251979317        675
  127.345560      12.698006      -7.2305358556571502       1.3301339572210049        684
  130.517802      12.808031      -7.2615999091441523       1.4170166705520204        684
  133.691845      12.903036      -7.2704085990143943       1.5057739929544165        801
  136.867440      12.982722      -7.2568989064332321       1.5958199908787201        801
  36.758432       3.021992      -1.2149632881230656       0.4573861437037002        712
  39.863728       3.289065      -1.2529193458627568       0.9268756066661937        709
  42.969366       3.561864      -1.2361118720486450       0.9321209219259350        709
  46.075496       3.839588      -1.2156700341908997       0.9379494842161249        709
  49.182272       4.121421      -0.0000000000000000       0.0000000000000000          0
  52.289856       4.406536      -0.0000000000000000       0.0000000000000000          0
  55.398410       4.694096      -0.0000000000000000       0.0000000000000000          0
  58.508101       4.983253      -0.0000000000000000       0.0000000000000000          0
  61.619092       5.273159      -0.0000000000000000       0.0000000000000000          0
  64.731547       5.562957      -0.0000000000000000       0.0000000000000000          0
  67.845624       5.851793      -0.0000000000000000       0.0000000000000000          0
  70.961474       6.138814      -0.0000000000000000       0.0000000000000000          0
  74.079244       6.423168      -0.0000000000000000       0.0000000000000000          0
  77.199067       6.704013      -0.0000000000000000       0.0000000000000000          0
  80.321068       6.980513      -0.0000000000000000       0.0000000000000000          0
  83.445358       7.251844      -0.0000000000000000       0.0000000000000000          0
  86.572031       7.517196      -0.0000000000000000       0.0000000000000000          0
  89.701170       7.775772      -0.0000000000000000       0.0000000000000000          0
  92.832834       8.026798      -0.0000000000000000       0.0000000000000000          0
  95.967071       8.269515      -1.2245004744909502       0.0673386346851531      67352
  99.103902       8.503192      -1.2551173500222985       0.0748932066617674        647
  102.243334       8.727120      -1.2819938183732111       0.0833227249200892      64701
  105.385349       8.940619      -1.3271693370265758       0.2066254057578302      60402
  108.529910       9.143037      -1.3805417327540266       0.2147091461993526      60402
  111.676958       9.333757      -1.3435282810124480       0.1112792060916278        613
  114.826412       9.512193      -1.3542519242710629       0.1227454219116667        613
  117.978170       9.677798      -0.0000000000000000       0.0000000000000000          0
  121.132112       9.830061      -0.0000000000000000       0.0000000000000000          0
  124.288096       9.968512      -0.0000000000000000       0.0000000000000000          0
  127.445963      10.092722      -7.2318592973225311       1.3800881152743725        801
  130.605534      10.202305      -7.2621430617144540       1.4489640056231912        801
  133.766618      10.296922      -7.2703471490097114       1.5196222656096552        801
  136.929008      10.376277      -7.2564165053609520       1.5915358495510907        801
  36.979486       0.424227      -1.2163952624191154       0.4749975245900769        712
  40.089917       0.691739      -0.0000000000000000       0.0000000000000000          0
  43.200034       0.964928      -1.2347179881014383       0.9182713889475220        709
  46.309970       1.242988      -0.0000000000000000       0.0000000000000000          0
  49.419872       1.525099      -0.0000000000000000       0.0000000000000000          0
  52.529891       1.810432      -0.0000000000000000       0.0000000000000000          0
  55.640181       2.098146      -0.0000000000000000       0.0000000000000000          0
  58.750904       2.387392      -0.0000000000000000       0.0000000000000000          0
  61.862218       2.677320      -0.0000000000000000       0.0000000000000000          0
  64.974285       2.967074      -0.0000000000000000       0.0000000000000000          0
  68.087263       3.255800      -0.0000000000000000       0.0000000000000000          0
  71.201304       3.542644      -0.0000000000000000       0.0000000000000000          0
  74.316558       3.826760      -0.0000000000000000       0.0000000000000000          0
  77.433163       4.107306      -0.0000000000000000       0.0000000000000000          0
  80.551251       4.383450      -0.0000000000000000       0.0000000000000000          0
  83.670940       4.654372      -0.0000000000000000       0.0000000000000000          0
  86.792339       4.919266      -0.0000000000000000       0.0000000000000000          0
  89.915538       5.177344      -0.0000000000000000       0.0000000000000000          0
  93.040616       5.427832      -0.0000000000000000       0.0000000000000000          0
  96.167634       5.669983      -0.0000000000000000       0.0000000000000000          0
  99.296635       5.903069      -1.2568767428590419       0.0998466641463823      67301
  102.427644       6.126390      -1.2834528291201743       0.1051738843125880      64701
  105.560668       6.339272      -1.3062105682024598       0.1112638162528053      64701
  108.695693       6.541071      -1.3832415396009989       0.2595080008137999      60402
  111.832688       6.731177      -1.3441542234651676       0.1231046183281705      61404
  114.971601       6.909013      -0.0000000000000000       0.0000000000000000          0
  118.112362       7.074037      -1.1940328931017674       0.0163976018317420      61407
  121.254881       7.225746      -0.0000000000000000       0.0000000000000000          0
  124.399053       7.363677      -7.1818295062132167       1.3773049608700088        801
  127.544752       7.487407      -7.2331397984186472       1.4260293881078623        801
  130.691841       7.596557      -7.2626607749474728       1.4768963511348911        801
  133.840165       7.690791      -7.2702746276140768       1.5294573753309970        801
  136.989557       7.769819      -7.2559339077256872       1.5832435369504014        801
  37.200391      -2.173544      -1.2178081871056750       0.4912074330764431        713
  40.315859      -1.905597      -1.2357977027037363       0.4873664331237362        713
  43.430349      -1.632024      -0.0000000000000000       0.0000000000000000          0
  46.543984      -1.353633      -0.0000000000000000       0.0000000000000000          0
  49.656900      -1.071248      -0.0000000000000000       0.0000000000000000          0
  52.769238      -0.785704      -0.0000000000000000       0.0000000000000000          0
  55.881150      -0.497841      -0.0000000000000000       0.0000000000000000          0
  58.992790      -0.208511      -0.0000000000000000       0.0000000000000000          0
  62.104315       0.081434      -0.0000000000000000       0.0000000000000000          0
  65.215885       0.371138      -0.0000000000000000       0.0000000000000000          0
  68.327659       0.659749      -0.0000000000000000       0.0000000000000000          0
  71.439792       0.946414      -0.0000000000000000       0.0000000000000000          0
  74.552436       1.230287      -0.0000000000000000       0.0000000000000000          0
  77.665739       1.510531      -0.0000000000000000       0.0000000000000000          0
  80.779838       1.786316      -0.0000000000000000       0.0000000000000000          0
  83.894863       2.056828      -0.0000000000000000       0.0000000000000000          0
  87.010932       2.321265      -0.0000000000000000       0.0000000000000000          0
  90.128151       2.578843      -0.0000000000000000       0.0000000000000000          0
  93.246614       2.828797      -0.0000000000000000       0.0000000000000000          0
  96.366398       3.070383      -0.0000000000000000       0.0000000000000000          0
  99.487567       3.302881      -1.2586056678063755       0.1242118945705744      67352
  102.610166       3.525597      -1.2848845938186071       0.1264343721420840      64701
  105.734225       3.737866      -1.3073576877200430       0.1293522962334506      64701
  108.859757       3.939051      -1.3259528194724466       0.1329314729130082        614
  111.986756       4.128549      -0.0000000000000000       0.0000000000000000          0
  115.115200       4.305789      -0.0000000000000000       0.0000000000000000          0
  118.245047       4.470238      -1.3579198957746099       0.1471788515469886      61405
  121.376242       4.621399      -7.1121300432788619       1.4084769222595575        801
  124.508712       4.758815      -7.1839833550991630       1.4369972209353863        801
  127.642368       4.882071      -7.2343839534536736       1.4678865132280099        801
  130.777107       4.990792      -7.2631560591325233       1.5007772596077180        801
  133.912813       5.084648      -7.2701912316194655       1.5352775263406615        801
  137.049360       5.163354      -7.2554493142550918       1.5709756891632958        801
>