>anchorPlateId 301
>reconstructionTime 46
>DeformingMeshPoints.gpml lat_lon_velocity_domain_28_32.gpml
>MeshNode <identity>GPlates-b7a3af0e-8119-4abb-9ae6-39bb7e5702ce</identity> <revision>GPlates-7b04c5e6-7801-49f1-bcc4-23d6f4e5417f</revision>
> reconstructionPlateId 0
> validTime TimePeriod <begin> TimeInstant <timePosition>http://gplates.org/times/distantPast</timePosition></begin> <end> TimeInstant <timePosition>http://gplates.org/times/distantFuture</timePosition></end>
  14.688751      68.153567      -0.0000000000000000       0.0000000000000000        302
  17.006688      68.471342      -0.0000000000000000       0.0000000000000000        302
  19.345326      68.801383      -0.0000000000000000       0.0000000000000000        302
  21.706568      69.143254      -0.0000000000000000       0.0000000000000000        302
  24.092484      69.496488      -0.0000000000000000       0.0000000000000000        302
  26.505331      69.860594      -0.0000000000000000       0.0000000000000000        302
  28.947575      70.235048      -0.0000000000000000       0.0000000000000000        302
  31.421911      70.619298      -0.0000000000000000       0.0000000000000000        302
  33.931291      71.012754      -0.0000000000000000       0.0000000000000000        302
  36.478951      71.414792      -0.0000000000000000       0.0000000000000000        302
  39.068440      71.824746      -0.0000000000000000       0.0000000000000000        302
  41.703661      72.241905      -0.0000000000000000       0.0000000000000000        302
  44.388899      72.665512      -0.0000000000000000       0.0000000000000000        302
  47.128867      73.094751      -0.0000000000000000       0.0000000000000000        302
  49.928749      73.528751      -0.0000000000000000       0.0000000000000000        302
  52.794242      73.966569      -0.0000000000000000       0.0000000000000000        302
  55.731604      74.407190      -0.0000000000000000       0.0000000000000000        373
  58.747699      74.849512      -0.0000000000000000       0.0000000000000000        373
  61.850039      75.292338      -0.0000000000000000       0.0000000000000000        373
  65.046817      75.734366      -0.0000000000000000       0.0000000000000000        373
  68.346927      76.174172      -0.0000000000000000       0.0000000000000000        373
  71.759968      76.610197      -0.0000000000000000       0.0000000000000000        404
  75.296205      77.040735      -0.0000000000000000       0.0000000000000000        404
  78.966493      77.463909      -0.0000000000000000       0.0000000000000000        404
  82.782127      77.877666      -0.0000000000000000       0.0000000000000000        404
  86.754608      78.279751      -0.0000000000000000       0.0000000000000000        404
  90.895288      78.667706      -0.0000000000000000       0.0000000000000000        404
  95.214874      79.038857      -0.0000000000000000       0.0000000000000000        404
  99.722755      79.390321      -0.0000000000000000       0.0000000000000000        404
  104.426145      79.719021      -0.0000000000000000       0.0000000000000000        404
  109.329046      80.021723      -0.0000000000000000       0.0000000000000000          0
  114.431068      80.295088      -0.0000000000000000       0.0000000000000000          0
  119.726215      80.535762      -0.0000000000000000       0.0000000000000000          0
  16.847447      65.687174      -0.0000000000000000       0.0000000000000000        302
  19.280898      66.016637      -0.0000000000000000       0.0000000000000000        302
  21.736306      66.358420      -0.0000000000000000       0.0000000000000000        302
  24.215583      66.712009      -0.0000000000000000       0.0000000000000000        302
  26.720791      67.076856      -0.0000000000000000       0.0000000000000000        302
  29.254158      67.452382      -0.0000000000000000       0.0000000000000000        302
  31.818089      67.837973      -0.0000000000000000       0.0000000000000000        302
  34.415186      68.232977      -0.0000000000000000       0.0000000000000000        302
  37.048261      68.636703      -0.0000000000000000       0.0000000000000000        302
  39.720357      69.048417      -0.0000000000000000       0.0000000000000000        302
  42.434766      69.467338      -0.0000000000000000       0.0000000000000000        302
  45.195044      69.892637      -0.0000000000000000       0.0000000000000000        302
  48.005038      70.323428      -0.0000000000000000       0.0000000000000000        302
  50.868894      70.758768      -0.0000000000000000       0.0000000000000000        302
  53.791084      71.197646      -0.0000000000000000       0.0000000000000000        373
  56.776412      71.638985      -0.0000000000000000       0.0000000000000000        372
  59.830027      72.081625      -0.0000000000000000       0.0000000000000000        372
  62.957425      72.524325      -0.0000000000000000       0.0000000000000000        372
  66.164445      72.965752      -0.0000000000000000       0.0000000000000000        372
  69.457243      73.404469      -0.0000000000000000       0.0000000000000000        372
  72.842260      73.838935      -0.0000000000000000       0.0000000000000000        372
  76.326156      74.267488      -0.0000000000000000       0.0000000000000000        404
  79.915720      74.688344      -0.0000000000000000       0.0000000000000000        404
  83.617738      75.099590      -0.0000000000000000       0.0000000000000000        404
  87.438819      75.499175      -0.0000000000000000       0.0000000000000000        404
  91.385160      75.884916      -0.0000000000000000       0.0000000000000000        404
  95.462253      76.254497      -0.0000000000000000       0.0000000000000000        404
  99.674530      76.605483      -0.0000000000000000       0.0000000000000000        404
  104.024939      76.935332      -0.0000000000000000       0.0000000000000000        404
  108.514473      77.241431      -0.0000000000000000       0.0000000000000000        401
  113.141670      77.521130      -0.0000000000000000       0.0000000000000000        401
  117.902118      77.771796      -0.0000000000000000       0.0000000000000000        401
  122.788025      77.990879      -0.0000000000000000       0.0000000000000000          0
  18.628665      63.195590      -0.0000000000000000       0.0000000000000000        302
  21.153369      63.534318      -0.0000000000000000       0.0000000000000000        302
  23.700328      63.885334      -0.0000000000000000       0.0000000000000000        302
  26.271387      64.248054      -0.0000000000000000       0.0000000000000000        302
  28.868520      64.621859      -0.0000000000000000       0.0000000000000000        302
  31.493838      65.006092      -0.0000000000000000       0.0000000000000000        302
  34.149601      65.400060      -0.0000000000000000       0.0000000000000000        302
  36.838224      65.803027      -0.0000000000000000       0.0000000000000000        302
  39.562293      66.214214      -0.0000000000000000       0.0000000000000000        302
  42.324567      66.632798      -0.0000000000000000       0.0000000000000000        302
  45.127994      67.057905      -0.0000000000000000       0.0000000000000000        302
  47.975714      67.488609      -0.0000000000000000       0.0000000000000000        302
  50.871068      67.923929      -0.0000000000000000       0.0000000000000000        302
  53.817600      68.362823      -0.0000000000000000       0.0000000000000000        302
  56.819060      68.804183      -0.0000000000000000       0.0000000000000000        302
  59.879397      69.246833      -0.0000000000000000       0.0000000000000000        302
  63.002751      69.689525      -0.0000000000000000       0.0000000000000000        302
  66.193434      70.130928      -0.0000000000000000       0.0000000000000000        372
  69.455903      70.569631      -0.0000000000000000       0.0000000000000000        372
  72.794720      71.004132      -0.0000000000000000       0.0000000000000000        401
  76.214493      71.432839      -0.0000000000000000       0.0000000000000000        401
  79.719805      71.854063      -0.0000000000000000       0.0000000000000000        401
  83.315116      72.266017      -0.0000000000000000       0.0000000000000000        401
  87.004643      72.666819      -0.0000000000000000       0.0000000000000000        401
  90.792208      73.054491      -0.0000000000000000       0.0000000000000000        401
  94.681063      73.426966      -0.0000000000000000       0.0000000000000000        401
  98.673680      73.782102      -0.0000000000000000       0.0000000000000000        401
  102.771523      74.117693      -0.0000000000000000       0.0000000000000000        401
  106.974793      74.431493      -0.0000000000000000       0.0000000000000000        401
  111.282172      74.721243      -0.0000000000000000       0.0000000000000000        401
  115.690575      74.984710      -0.0000000000000000       0.0000000000000000        401
  120.194932      75.219723      -0.0000000000000000       0.0000000000000000        401
  124.788033      75.424229      -0.0000000000000000       0.0000000000000000      42400
  20.126450      60.685261      -0.0000000000000000       0.0000000000000000        302
  22.724752      61.031505      -0.0000000000000000       0.0000000000000000        302
  25.345021      61.389958      -0.0000000000000000       0.0000000000000000        302
  27.988998      61.759974      -0.0000000000000000       0.0000000000000000        302
  30.658534      62.140870      -0.0000000000000000       0.0000000000000000        302
  33.355589      62.531922      -0.0000000000000000       0.0000000000000000        302
  36.082244      62.932367      -0.0000000000000000       0.0000000000000000        302
  38.840703      63.341400      -0.0000000000000000       0.0000000000000000        302
  41.633300      63.758170      -0.0000000000000000       0.0000000000000000        302
  44.462498      64.181778      -0.0000000000000000       0.0000000000000000        302
  47.330898      64.611278      -0.0000000000000000       0.0000000000000000        302
  50.241234      65.045667      -0.0000000000000000       0.0000000000000000        302
  53.196375      65.483891      -0.0000000000000000       0.0000000000000000        302
  56.199318      65.924834      -0.0000000000000000       0.0000000000000000        302
  59.253180      66.367320      -0.0000000000000000       0.0000000000000000        302
  62.361187      66.810108      -0.0000000000000000       0.0000000000000000        302
  65.526650      67.251889      -0.0000000000000000       0.0000000000000000        302
  68.752946      67.691282      -0.0000000000000000       0.0000000000000000        390
  72.043475      68.126833      -0.0000000000000000       0.0000000000000000        401
  75.401621      68.557014      -0.0000000000000000       0.0000000000000000        401
  78.830695      68.980219      -0.0000000000000000       0.0000000000000000        401
  82.333863      69.394769      -0.0000000000000000       0.0000000000000000        401
  85.914061      69.798908      -0.0000000000000000       0.0000000000000000        401
  89.573900      70.190811      -0.0000000000000000       0.0000000000000000        401
  93.315548      70.568590      -0.0000000000000000       0.0000000000000000        401
  97.140603      70.930300      -0.0000000000000000       0.0000000000000000        401
  101.049947      71.273957      -0.0000000000000000       0.0000000000000000        401
  105.043603      71.597551      -0.0000000000000000       0.0000000000000000        401
  109.120577      71.899070      -0.0000000000000000       0.0000000000000000        401
  113.278718      72.176524      -0.0000000000000000       0.0000000000000000        401
  117.514587      72.427973      -0.0000000000000000       0.0000000000000000        401
  121.823360      72.651568      -0.0000000000000000       0.0000000000000000        401
  126.198769      72.845581      -0.0000000000000000       0.0000000000000000        401
  21.406732      58.160641      -0.0000000000000000       0.0000000000000000        302
  24.065507      58.513108      -0.0000000000000000       0.0000000000000000        302
  26.745605      58.877678      -0.0000000000000000       0.0000000000000000        302
  29.448649      59.253650      -0.0000000000000000       0.0000000000000000        302
  32.176354      59.640285      -0.0000000000000000       0.0000000000000000        302
  34.930523      60.036801      -0.0000000000000000       0.0000000000000000        302
  37.713054      60.442378      -0.0000000000000000       0.0000000000000000        302
  40.525939      60.856149      -0.0000000000000000       0.0000000000000000        302
  43.371271      61.277203      -0.0000000000000000       0.0000000000000000        302
  46.251233      61.704582      -0.0000000000000000       0.0000000000000000        302
  49.168109      62.137278      -0.0000000000000000       0.0000000000000000        302
  52.124268      62.574232      -0.0000000000000000       0.0000000000000000        302
  55.122167      63.014331      -0.0000000000000000       0.0000000000000000        302
  58.164337      63.456408      -0.0000000000000000       0.0000000000000000        302
  61.253371      63.899235      -0.0000000000000000       0.0000000000000000        390
  64.391906      64.341528      -0.0000000000000000       0.0000000000000000        390
  67.582602      64.781940      -0.0000000000000000       0.0000000000000000        468
  70.828114      65.219061      -0.0000000000000000       0.0000000000000000        401
  74.131055      65.651420      -0.0000000000000000       0.0000000000000000        401
  77.493953      66.077482      -0.0000000000000000       0.0000000000000000        401
  80.919203      66.495651      -0.0000000000000000       0.0000000000000000        401
  84.409006      66.904269      -0.0000000000000000       0.0000000000000000        401
  87.965298      67.301628      -0.0000000000000000       0.0000000000000000        401
  91.589673      67.685968      -0.0000000000000000       0.0000000000000000        401
  95.283298      68.055486      -0.0000000000000000       0.0000000000000000        401
  99.046819      68.408353      -0.0000000000000000       0.0000000000000000        401
  102.880263      68.742720      -0.0000000000000000       0.0000000000000000        401
  106.782942      69.056739      -0.0000000000000000       0.0000000000000000        401
  110.753357      69.348582      -0.0000000000000000       0.0000000000000000        401
  114.789115      69.616462      -0.0000000000000000       0.0000000000000000        401
  118.886860      69.858660      -0.0000000000000000       0.0000000000000000        401
  123.042232      70.073552      -0.0000000000000000       0.0000000000000000        401
  127.249846      70.259638      -0.0000000000000000       0.0000000000000000      43102
  22.516922      55.624902      -0.0000000000000000       0.0000000000000000        302
  25.226215      55.982612      -1.8679698029203062       0.2304730404023420        334
  27.955973      56.352304      -2.1488812016454855       0.2393948024852550        334
  30.707703      56.733230      -0.0000000000000000       0.0000000000000000        302
  33.482980      57.124601      -0.0000000000000000       0.0000000000000000        302
  36.283457      57.525587      -0.0000000000000000       0.0000000000000000        302
  39.110856      57.935313      -0.0000000000000000       0.0000000000000000        302
  41.966974      58.352866      -0.0000000000000000       0.0000000000000000        302
  44.853680      58.777282      -0.0000000000000000       0.0000000000000000        302
  47.772908      59.207553      -0.0000000000000000       0.0000000000000000        302
  50.726661      59.642625      -0.0000000000000000       0.0000000000000000        302
  53.716995      60.081391      -0.0000000000000000       0.0000000000000000        302
  56.746017      60.522695      -0.0000000000000000       0.0000000000000000        302
  59.815871      60.965331      -0.0000000000000000       0.0000000000000000        302
  62.928723      61.408035      -0.0000000000000000       0.0000000000000000        390
  66.086741      61.849494      -0.0000000000000000       0.0000000000000000        468
  69.292078      62.288338      -0.0000000000000000       0.0000000000000000        468
  72.546835      62.723143      -0.0000000000000000       0.0000000000000000        401
  75.853039      63.152433      -0.0000000000000000       0.0000000000000000        401
  79.212595      63.574679      -0.0000000000000000       0.0000000000000000        401
  82.627252      63.988303      -0.0000000000000000       0.0000000000000000        401
  86.098542      64.391682      -0.0000000000000000       0.0000000000000000        401
  89.627735      64.783153      -0.0000000000000000       0.0000000000000000        401
  93.215770      65.161022      -0.0000000000000000       0.0000000000000000        401
  96.863196      65.523568      -0.0000000000000000       0.0000000000000000        401
  100.570103      65.869059      -0.0000000000000000       0.0000000000000000        401
  104.336050      66.195764      -0.0000000000000000       0.0000000000000000        401
  108.160006      66.501968      -0.0000000000000000       0.0000000000000000        401
  112.040288      66.785988      -0.0000000000000000       0.0000000000000000        401
  115.974507      67.046196      -0.0000000000000000       0.0000000000000000        401
  119.959537      67.281040      -0.0000000000000000       0.0000000000000000        401
  123.991496      67.489064      -0.0000000000000000       0.0000000000000000        401
  128.065743      67.668936      -0.0000000000000000       0.0000000000000000      43102
  23.491894      53.080359      -1.6872529475522864       0.7423021428151424        334
  26.244017      53.442553      -1.9732388277443980       0.7435663492078424        334
  29.015625      53.816604      -0.0000000000000000       0.0000000000000000        302
  31.808108      54.201719      -0.0000000000000000       0.0000000000000000        302
  34.622916      54.597065      -0.0000000000000000       0.0000000000000000        302
  37.461554      55.001769      -0.0000000000000000       0.0000000000000000        302
  40.325587      55.414914      -0.0000000000000000       0.0000000000000000        302
  43.216633      55.835541      -0.0000000000000000       0.0000000000000000        302
  46.136362      56.262646      -0.0000000000000000       0.0000000000000000        302
  49.086491      56.695180      -0.0000000000000000       0.0000000000000000        302
  52.068778      57.132047      -0.0000000000000000       0.0000000000000000        302
  55.085014      57.572106      -0.0000000000000000       0.0000000000000000        302
  58.137014      58.014168      -0.0000000000000000       0.0000000000000000        302
  61.226602      58.456994      -0.0000000000000000       0.0000000000000000        390
  64.355599      58.899299      -0.0000000000000000       0.0000000000000000        390
  67.525803      59.339748      -0.0000000000000000       0.0000000000000000        468
  70.738965      59.776960      -0.0000000000000000       0.0000000000000000        401
  73.996769      60.209504      -0.0000000000000000       0.0000000000000000        401
  77.300799      60.635909      -0.0000000000000000       0.0000000000000000        401
  80.652504      61.054658      -0.0000000000000000       0.0000000000000000        401
  84.053167      61.464197      -0.0000000000000000       0.0000000000000000        401
  87.503858      61.862939      -0.0000000000000000       0.0000000000000000        401
  91.005391      62.249268      -0.0000000000000000       0.0000000000000000        401
  94.558280      62.621548      -0.0000000000000000       0.0000000000000000        401
  98.162685      62.978135      -0.0000000000000000       0.0000000000000000        401
  101.818366      63.317381      -0.0000000000000000       0.0000000000000000        401
  105.524633      63.637655      -0.0000000000000000       0.0000000000000000        401
  109.280303      63.937350      -0.0000000000000000       0.0000000000000000        401
  113.083660      64.214903      -0.0000000000000000       0.0000000000000000        401
  116.932425      64.468812      -0.0000000000000000       0.0000000000000000        401
  120.823738      64.697655      -0.0000000000000000       0.0000000000000000        401
  124.754151      64.900107      -0.0000000000000000       0.0000000000000000        401
  128.719638      65.074961      -0.0000000000000000       0.0000000000000000      43102
  24.357836      50.528739      -0.0000000000000000       0.0000000000000000        302
  27.146754      50.894822      -0.0000000000000000       0.0000000000000000        302
  29.954109      51.272633      -0.0000000000000000       0.0000000000000000        302
  32.781183      51.661340      -0.0000000000000000       0.0000000000000000        302
  35.629306      52.060073      -0.0000000000000000       0.0000000000000000        302
  38.499853      52.467920      -0.0000000000000000       0.0000000000000000        302
  41.394244      52.883926      -0.0000000000000000       0.0000000000000000        302
  44.313937      53.307095      -0.0000000000000000       0.0000000000000000        302
  47.260428      53.736387      -0.0000000000000000       0.0000000000000000        302
  50.235244      54.170718      -0.0000000000000000       0.0000000000000000        302
  53.239936      54.608963      -0.0000000000000000       0.0000000000000000        302
  56.276069      55.049949      -0.0000000000000000       0.0000000000000000        302
  59.345214      55.492460      -0.0000000000000000       0.0000000000000000        302
  62.448935      55.935238      -0.0000000000000000       0.0000000000000000        390
  65.588773      56.376978      -0.0000000000000000       0.0000000000000000        468
  68.766228      56.816334      -0.0000000000000000       0.0000000000000000        468
  71.982741      57.251918      -0.0000000000000000       0.0000000000000000        468
  75.239672      57.682302      -0.0000000000000000       0.0000000000000000        401
  78.538269      58.106020      -0.0000000000000000       0.0000000000000000        401
  81.879645      58.521574      -0.0000000000000000       0.0000000000000000        401
  85.264745      58.927435      -0.0000000000000000       0.0000000000000000        401
  88.694311      59.322052      -0.0000000000000000       0.0000000000000000        401
  92.168847      59.703852      -0.0000000000000000       0.0000000000000000        401
  95.688581      60.071258      -0.0000000000000000       0.0000000000000000        401
  99.253430      60.422688      -0.0000000000000000       0.0000000000000000        401
  102.862961      60.756571      -0.0000000000000000       0.0000000000000000        401
  106.516357      61.071359      -0.0000000000000000       0.0000000000000000        401
  110.212387      61.365538      -0.0000000000000000       0.0000000000000000        401
  113.949377      61.637642      -0.0000000000000000       0.0000000000000000        401
  117.725196      61.886273      -0.0000000000000000       0.0000000000000000        401
  121.537246      62.110112      -0.0000000000000000       0.0000000000000000        401
  125.382460      62.307937      -0.0000000000000000       0.0000000000000000        401
  129.257319      62.478641      -0.0000000000000000       0.0000000000000000        401
  25.134776      47.971356      -0.0000000000000000       0.0000000000000000          0
  27.955680      48.340852      -0.0000000000000000       0.0000000000000000        302
  30.793942      48.721947      -0.0000000000000000       0.0000000000000000        302
  33.650743      49.113776      -0.0000000000000000       0.0000000000000000        302
  36.527304      49.515433      -0.0000000000000000       0.0000000000000000        302
  39.424880      49.925972      -0.0000000000000000       0.0000000000000000        302
  42.344762      50.344407      -0.0000000000000000       0.0000000000000000        302
  45.288268      50.769708      -0.0000000000000000       0.0000000000000000        302
  48.256741      51.200805      -0.0000000000000000       0.0000000000000000        302
  51.251544      51.636586      -0.0000000000000000       0.0000000000000000        302
  54.274048      52.075898      -0.0000000000000000       0.0000000000000000        302
  57.325632      52.517545      -0.0000000000000000       0.0000000000000000        302
  60.407661      52.960292      -0.0000000000000000       0.0000000000000000        390
  63.521486      53.402863      -0.0000000000000000       0.0000000000000000        465
  66.668419      53.843941      -0.0000000000000000       0.0000000000000000        468
  69.849724      54.282174      -0.0000000000000000       0.0000000000000000        468
  73.066597      54.716171      -0.0000000000000000       0.0000000000000000        468
  76.320144      55.144508      -1.9639812433871651       0.9987021000189771        518
  79.611361      55.565733      -1.2187488711995831       0.7110377716025332          0
  82.941107      55.978365      -1.4838683310596406       1.1100896223063881          0
  86.310080      56.380901      -0.7925756923253722       0.7674606490431235          0
  89.718787      56.771823      -0.3016952483860656       0.3590262201533528          0
  93.167515      57.149603      -0.0000000000000000       0.0000000000000000        401
  96.656307      57.512713      -0.0000000000000000       0.0000000000000000        401
  100.184924      57.859628      -0.0000000000000000       0.0000000000000000        401
  103.752825      58.188845      -0.0000000000000000       0.0000000000000000        401
  107.359138      58.498887      -0.0000000000000000       0.0000000000000000        401
  111.002638      58.788318      -0.0000000000000000       0.0000000000000000        401
  114.681733      59.055756      -0.0000000000000000       0.0000000000000000        401
  118.394448      59.299885      -0.0000000000000000       0.0000000000000000        401
  122.138428      59.519473      -0.0000000000000000       0.0000000000000000        401
  125.910938      59.713382      -0.0000000000000000       0.0000000000000000        401
  129.708879      59.880585      -0.0000000000000000       0.0000000000000000        401
  25.838286      45.409229      -0.0000000000000000       0.0000000000000000          0
  28.687295      45.781753      -0.0000000000000000       0.0000000000000000        302
  31.552573      46.165748      -0.0000000000000000       0.0000000000000000        302
  34.435209      46.560320      -0.0000000000000000       0.0000000000000000        302
  37.336323      46.964531      -1.9653999684801620      -0.2903305393111595        503
  40.257064      47.377406      -2.1205120022593031      -0.2441060712728340        503
  43.198607      47.797927      -2.2711595962515161      -0.1910313972935285        503
  46.162145      48.225040      -0.0000000000000000       0.0000000000000000        302
  49.148889      48.657646      -0.0000000000000000       0.0000000000000000        302
  52.160059      49.094610      -0.0000000000000000       0.0000000000000000        302
  55.196877      49.534757      -0.0000000000000000       0.0000000000000000        302
  58.260558      49.976871      -0.0000000000000000       0.0000000000000000        302
  61.352300      50.419702      -0.0000000000000000       0.0000000000000000        390
  64.473274      50.861959      -0.0000000000000000       0.0000000000000000        465
  67.624609      51.302321      -0.0000000000000000       0.0000000000000000        458
  70.807378      51.739429      -0.0000000000000000       0.0000000000000000        459
  74.022581      52.171895      -0.8633933727235202       0.0561863072650540          0
  77.271129      52.598304      -2.7352990128426744       0.4702707672524629          0
  80.553820      53.017213      -3.0969112616077421       1.5372714625115316        580
  83.871324      53.427163      -2.6579478140334785       1.7456183933427523        580
  87.224155      53.826676      -2.2052640840497983       1.9337351323763943        580
  90.612652      54.214268      -1.7401002512487687       2.0999192223478240        580
  94.036953      54.588448      -1.1004221602659283       1.8826986564100539          0
  97.496974      54.947734      -0.0985185969805035       0.2119797370890461          0
  100.992383      55.290654      -0.0000000000000000       0.0000000000000000        401
  104.522583      55.615764      -0.0000000000000000       0.0000000000000000        401
  108.086689      55.921647      -0.0000000000000000       0.0000000000000000        401
  111.683516      56.206936      -0.1527163339027270       0.0893835714133646          0
  115.311566      56.470319      -0.2582501593983234       0.1581083959069007          0
  118.969021      56.710551      -0.2073291432106183       0.1253818103085360          0
  122.653745      56.926470      -0.1470546205639351       0.0768191233348424          0
  126.363291      57.117010      -0.1074216810493092       0.0365641037550209          0
  130.094910      57.281208      -0.1100074936317901       0.0325424911548721          0
  26.480659      42.843159      -0.0000000000000000       0.0000000000000000        338
  29.354605      43.218395       1.1175867842714684       0.6052846149241783        340
  32.243733      43.604978      -0.0000000000000000       0.0000000000000000        551
  35.149049      44.001984      -0.0000000000000000       0.0000000000000000        551
  38.071583      44.408450      -0.0000000000000000       0.0000000000000000        551
  41.012387      44.823372      -2.1597442751234395      -0.0390311560276818        503
  43.972532      45.245709      -2.3098166081068205       0.0124842539515737        503
  46.953103      45.674378      -2.4546956667744113       0.0708181552002527        503
  49.955194      46.108261      -2.5939064569670789       0.1361007679152145        503
  52.979903      46.546201      -0.0000000000000000       0.0000000000000000        302
  56.028321      46.987003      -0.0000000000000000       0.0000000000000000        302
  59.101528      47.429439      -0.0000000000000000       0.0000000000000000        302
  62.200581      47.872242      -0.0000000000000000       0.0000000000000000        466
  65.326502      48.314117      -0.0000000000000000       0.0000000000000000        458
  68.480269      48.753733      -0.0000000000000000       0.0000000000000000        459
  71.662801      49.189732      -1.2025574136016932       0.1063898823468791          0
  74.874943      49.620731       4.1946143265560725       0.1143227083389788        591
  78.117449      50.045321      -3.3961236308790603       0.5208723835290035        501
  81.390967      50.462076      -0.9583122876348500       0.7310950777222932        606
  84.696022      50.869554      -2.5473855546589528       1.3040769573411610        580
  88.032992      51.266304      -2.0948690949151345       1.4829149459604296        580
  91.402095      51.650870      -1.6307935370353615       1.6404496050971706        580
  94.803364      52.021800      -1.1565742805854555       1.7751214832543025        580
  98.236634      52.377652      -0.6737664704640460       1.8854329551378117        580
  101.701520      52.717003      -0.0394349307406801       0.1573732077618644          0
  105.197399      53.038456      -0.2325857766717360       1.0038186772927398        606
  108.723403      53.340655      -0.7423048095905198       0.3965616425141925          0
  112.278402      53.622287      -0.9457693086251060       0.5445139360218634          0
  115.860997      53.882101      -0.7332672930278035       0.4369017901370833          0
  119.469518      54.118914      -0.5448977206658823       0.3148967832923137          0
  123.102030      54.331624      -0.4217397170023143       0.2140262249822078          0
  126.756331      54.519223      -0.3613589324291624       0.1414917787021922          0
  130.429975      54.680804      -0.3593172185390551       0.1079847236936645          0
  27.071734      40.273784      -0.0000000000000000       0.0000000000000000        521
  29.968001      40.651471      -1.1989977143782515       0.0963871990065581        715
  32.878377      41.040383      -1.2185343094022065       0.1324315711914625        715
  35.803788      41.439572      -1.2350039774860111       0.1698205238327144        715
  38.745184      41.848047      -0.0000000000000000       0.0000000000000000        551
  41.703529      42.264783      -0.0000000000000000       0.0000000000000000        551
  44.679804      42.688713      -2.3447760097778074       0.2128723345019767        503
  47.674997      43.118735      -2.4888008199356184       0.2689976642140615        503
  50.690100      43.553709      -2.6269144426368616       0.3318550599846478        503
  53.726104      43.992460      -2.7586359713337085       0.4015428302947460        503
  56.783990      44.433780      -2.8834783390006549       0.4781309313683516        503
  59.864722      44.876425      -0.0000000000000000       0.0000000000000000        390
  62.969237      45.319121      -0.0000000000000000       0.0000000000000000        466
  66.098436      45.760564      -0.0000000000000000       0.0000000000000000        466
  69.253172      46.199422      -0.4589915405969159       0.0611717001489085          0
  72.434237      46.634337      -3.1791943848584618       0.5070116763682721        501
  75.642351      47.063932      -3.3056344859233704       0.6102798779749381        501
  78.878148      47.486807      -3.4226691810364258       0.7220296462700311        501
  82.142158      47.901550      -3.5296665565383081       0.8421116095252138        501
  85.434793      48.306739      -3.6259984627059252       0.9703105216818406        501
  88.756332      48.700947      -3.0813038606429419       1.1895448882532793          0
  92.106905      49.082746      -2.4372363485712070       1.3476637599760237          0
  95.486474      49.450719      -1.6094424644679328       1.4358305262756050          0
  98.894822      49.803462      -1.3664947303740376       1.5892844597399582          0
  102.331536      50.139593      -1.6549056936595263       1.4088142769176841          0
  105.795995      50.457762      -2.1438665258709211       1.1685914404566042          0
  109.287358      50.756660      -2.4591487960402381       1.3282948837441020          0
  112.804559      51.035029      -1.6490559042855129       0.9501098070367693          0
  116.346300      51.291667      -1.1278156074264902       0.6615197807656974          0
  119.911050      51.525445      -0.8265531884718944       0.4605954849397640          0
  123.497051      51.735314      -0.6656541231482784       0.3227047701846618          0
  127.102320      51.920315      -0.5954625997301019       0.2302848021705928          0
  130.724668      52.079588      -0.6000676389485532       0.1866379310322217          0
  27.619488      37.701623      -0.0000000000000000       0.0000000000000000        522
  30.535898      38.081542      -0.0000000000000000       0.0000000000000000        522
  33.465358      38.472569      -1.2220951275559153       0.1662583642319887        715
  36.408726      38.873730      -0.0000000000000000       0.0000000000000000        525
  39.366873      39.284013      -0.0000000000000000       0.0000000000000000        522
  42.340690      39.702368      -0.0000000000000000       0.0000000000000000        526
  45.331072      40.127711      -0.0000000000000000       0.0000000000000000        526
  48.338924      40.558918      -2.5198187607708444       0.4635181135355582        503
  51.365150      40.994833      -2.6568533418280040       0.5235276594310626        503
  54.410646      41.434265      -2.7872787619240933       0.5901316402605835        503
  57.476300      41.875992      -2.9106151328975169       0.6633937566080634        503
  60.562976      42.318761      -3.0263798903871848       0.7433450968592078        503
  63.671511      42.761290      -0.0000000000000000       0.0000000000000000        467
  66.802703      43.202269      -0.0000000000000000       0.0000000000000000        466
  69.957302      43.640366      -2.0740476850088663       0.3822159057116045          0
  73.135999      44.074226      -3.2077183656355701       0.7104553520430621        501
  76.339413      44.502477      -3.3317503856289035       0.8094427913618210        501
  79.568080      44.923730      -3.4462236035651732       0.9165458985147176        501
  82.822439      45.336588      -3.5505355686521982       1.0316061856974224        501
  86.102817      45.739646      -3.6440915008972556       1.1544014298960321        501
  89.409419      46.131502      -3.7263091163734767       1.2846421448648480        501
  92.742311      46.510754      -3.7966241315754479       1.4219686209518312        501
  96.101410      46.876017      -3.7621363903910767       1.5666719113531642          0
  99.486468      47.225921      -3.5967529198591328       1.7127093294637399          0
  102.897061      47.559123      -3.6489480389927835       1.8688257755238165          0
  106.332583      47.874315      -3.9485647514957050       2.0323801383753239        501
  109.792233      48.170231      -3.3750374791719762       1.8516443032858132          0
  113.275012      48.445658      -2.0301737023067137       1.1716532461789257          0
  116.779719      48.699441      -1.3440904269444789       0.7723966827662024          0
  120.304952      48.930498      -0.9998540505729976       0.5306598952072171          0
  123.849113      49.137824      -0.8360233949295467       0.3783869378227891          0
  127.410411      49.320503      -0.7808301389723062       0.2853716148398552          0
  130.986880      49.477717      -0.8211360415834692       0.2588384726896899          0
  28.130463      35.127098      -1.1850663724187998       0.1345971095429487        715
  31.065188      35.509067      -1.2067289593089150       0.1658530048603644        715
  34.011922      35.902028      -0.0000000000000000       0.0000000000000000        522
  36.971458      36.304985      -0.0000000000000000       0.0000000000000000          0
  39.944601      36.716906      -2.1041741441646047       0.5209819711565382        503
  42.932169      37.136721      -2.2577549576636011       0.5593562070102494        503
  45.934988      37.563326      -0.0000000000000000       0.0000000000000000        505
  48.953885      37.995580      -2.5482472881363218       0.6542597073787453        503
  51.989686      38.432313      -2.6842236039754113       0.7110431933366885        503
  55.043209      38.872320      -2.8133930063069443       0.7741760291665648        503
  58.115257      39.314367      -2.9352836279282695       0.8437183350598778        503
  61.206612      39.757192      -3.0494234785026273       0.9196973144617235        503
  64.318023      40.199508      -0.0000000000000000       0.0000000000000000        467
  67.450206      40.640002      -0.8125399897835510       0.1243408066892927          0
  70.603823      41.077342      -0.0000000000000000       0.0000000000000000        466
  73.779482      41.510176      -3.2334506997621197       0.9082832439516390        501
  76.977722      41.937139      -3.3552326083527193       1.0025756875414209        501
  80.199001      42.356854      -3.4673260194359741       1.1046285066359882        501
  83.443685      42.767937      -3.5691563910525934       1.2142786636022864        501
  86.712039      43.169003      -3.6601601140707141       1.3313015382717834        501
  90.004212      43.558669      -3.7397891184444871       1.4554079803691664        501
  93.320228      43.935562      -3.8075160535625647       1.5862419494515108        501
  96.659972      44.298324      -3.8628400180290625       1.7233788707509499        501
  100.023181      44.645617      -3.9052927902809591       1.8663248388246649        501
  103.409436      44.976135      -3.9344454846106451       2.0145167995976996        501
  106.818154      45.288606      -4.1303928268977135       2.3880830989158515        607
  110.248578      45.581804      -1.6981406314795950       0.9677342479550610          0
  113.699777      45.854556      -1.7181363237075766       0.9822943332985944          0
  117.170645      46.105749      -1.2768900186352714       0.7003095344075520          0
  120.659899      46.334342      -1.0102068469103851       0.4895301642831167          0
  124.166084      46.539369      -0.9125329317621606       0.3681698612606637          0
  127.687580      46.719954      -0.9259053314683134       0.3145677186150472          0
  131.222616      46.875314      -1.0350538701499381       0.3352351588395764          0
  28.610090      32.550559      -1.1888208284164765       0.1689883305642128        715
  31.561583      32.934423      -1.2100815501491582       0.1983366667037762        715
  34.524062      33.329165      -1.2281930193278776       0.2289557588013594        715
  37.498261      33.733771      -0.0000000000000000       0.0000000000000000          0
  40.484923      34.147188      -0.0000000000000000       0.0000000000000000          0
  43.484804      34.568328      -2.2855036048975323       0.7525394270480184        503
  46.498664      34.996069      -2.4330259541681167       0.7938559430372905        503
  49.527264      35.429257      -0.0000000000000000       0.0000000000000000        505
  52.571361      35.866706      -0.0000000000000000       0.0000000000000000        505
  55.631704      36.307200      -0.0000000000000000       0.0000000000000000        505
  58.709023      36.749496      -0.0000000000000000       0.0000000000000000        505
  61.804029      37.192324      -3.0704680782729055       1.0907163828602351        503
  64.917400      37.634392      -3.1746861970772140       1.1685382193724851        503
  68.049778      38.074387      -0.0000000000000000       0.0000000000000000        301
  71.201757      38.510976      -0.0000000000000000       0.0000000000000000          0
  74.373874      38.942813      -0.0000000000000000       0.0000000000000000          0
  77.566603      39.368540      -3.3765272359174023       1.1897417641527843        501
  80.780341      39.786791      -3.4863980273029891       1.2863853368287670        501
  84.015399      40.196196      -3.5859218804303530       1.3902794975941772        501
  87.271994      40.595388      -3.6745643476176255       1.5012009972179061        501
  90.550234      40.983006      -3.7518090152780670       1.6188646675722174        501
  93.850114      41.357700      -3.8171623563661141       1.7429215583746429        501
  97.171502      41.718138      -3.8701590371656480       1.8729577803217601        501
  100.514132      42.063014      -3.9103676267674974       2.0084941660885520        501
  103.877597      42.391054       0.1239416255322826       0.0033401233352271        457
  107.261342      42.701019      -1.1734860040777242       0.5019635521580236          0
  110.664660      42.991720      -0.5004218963080788       0.2251959611382259          0
  114.086688      43.262020      -0.6099296482430996       0.2487095283132510          0
  117.526408      43.510844      -0.7282676004235571       0.2774284057845364          0
  120.982646      43.737187      -0.8459228762571842       0.3142039630233577          0
  124.454079      43.940120      -0.9758346021889646       0.3540149287586967          0
  127.939240      44.118798      -1.1085541127140024       0.3931051215346233          0
  131.436529      44.272471      -1.2468676078149643       0.4272366469512023          0
  29.062925      29.972302      -1.1922891061850152       0.2020403659211718        715
  32.029869      30.357928      -1.2131610392691492       0.2293623815545874        715
  35.006794      30.754322      -1.2308343693791437       0.2579204719422447        715
  37.994377      31.160451      -0.0000000000000000       0.0000000000000000          0
  40.993309      31.575243      -0.0000000000000000       0.0000000000000000          0
  44.004287      31.997594      -0.0000000000000000       0.0000000000000000          0
  47.028014      32.426366      -2.4582529604403689       0.9801519959893731        503
  50.065190      32.860392      -0.0000000000000000       0.0000000000000000        505
  53.116514      33.298472      -0.0000000000000000       0.0000000000000000        505
  56.182671      33.739380      -0.0000000000000000       0.0000000000000000        505
  59.264333      34.181866      -0.0000000000000000       0.0000000000000000        505
  62.362147      34.624653      -0.0000000000000000       0.0000000000000000        506
  65.476731      35.066447      -0.0000000000000000       0.0000000000000000        506
  68.608665      35.505932      -0.0000000000000000       0.0000000000000000        301
  71.758485      35.941779      -0.0000000000000000       0.0000000000000000      50601
  74.926674      36.372646      -0.0000000000000000       0.0000000000000000          0
  78.113651      36.797184      -0.0000000000000000       0.0000000000000000          0
  81.319766      37.214036      -3.5037739205458269       1.4618485243459727        501
  84.545286      37.621849      -3.6011419965763634       1.5596769096465168        501
  87.790392      38.019271      -3.6875867471644601       1.6642017070086699        501
  91.055166      38.404961      -3.7626211549559070       1.7751447279556887        501
  94.339582      38.777592      -3.8257828149974982       1.8921668935293596        501
  97.643502      39.135859      -0.0000000000000000       0.0000000000000000          0
  100.966666      39.478483      -0.0000000000000000       0.0000000000000000          0
  104.308684      39.804218      -1.8183642557402426       0.4873601685409706          0
  107.669035      40.111860      -1.1408406725928097       0.2066604799488241          0
  111.047061      40.400251      -0.8948113389999224       0.1085349876075023          0
  114.441966      40.668287      -0.9324424564430672       0.1551848212284505          0
  117.852815      40.914928      -0.9715860691961543       0.2053769888907853          0
  121.278537      41.139200      -1.0258363358402274       0.2543958309411475          0
  124.717929      41.340207      -1.0979678579311862       0.2980766333421572          0
  128.169660      41.517136      -1.1713979514983737       0.3357275633055060          0
  131.632285      41.669264      -1.2445263493526943       0.3626359396655162          0
  29.492831      27.392574      -1.1955128514470472       0.2337577324046587        715
  32.474098      27.779850      -1.2160074263636160       0.2589447923294710        715
  35.464356      28.177785      -1.2332573493044308       0.2853335551852944        715
  38.464233      28.585329      -1.2471881376311273       0.3129070605318662        715
  41.474369      29.001393      -0.0000000000000000       0.0000000000000000          0
  44.495409      29.424859      -0.0000000000000000       0.0000000000000000          0
  47.528004      29.854573      -0.0000000000000000       0.0000000000000000          0
  50.572803      30.289354      -2.6216749542012581       1.2020990748723710        503
  53.630450      30.727993      -0.0000000000000000       0.0000000000000000        505
  56.701578      31.169256      -0.0000000000000000       0.0000000000000000        505
  59.786804      31.611882      -0.0000000000000000       0.0000000000000000        505
  62.886724      32.054593      -0.0000000000000000       0.0000000000000000      50601
  66.001904      32.496090      -0.0000000000000000       0.0000000000000000      50601
  69.132872      32.935059      -0.0000000000000000       0.0000000000000000      50601
  72.280118      33.370173      -0.0000000000000000       0.0000000000000000          0
  75.444076      33.800096      -0.0000000000000000       0.0000000000000000          0
  78.625126      34.223485      -0.0000000000000000       0.0000000000000000          0
  81.823576      34.638997      -3.5197221593054393       1.6309925082232053        501
  85.039665      35.045291      -3.6150645021030008       1.7224767720658942        501
  88.273546      35.441032      -3.6994520224135998       1.8203389871164883        501
  91.525281      35.824898      -3.7724251066280066       1.9243104311386525        501
  94.794837      36.195585      -0.0000000000000000       0.0000000000000000          0
  98.082075      36.551811      -0.0000000000000000       0.0000000000000000          0
  101.386745      36.892323      -1.2804536563652820      -0.1604753893665254        602
  104.708481      37.215904      -1.5595232909603201       0.1585548421179839          0
  108.046798      37.521377      -1.2650662744056147      -0.0515865403512754          0
  111.401088      37.807616      -1.2777855978238246      -0.0043390935796535          0
  114.770620      38.073547      -1.2200383069321306       0.0692084659095670          0
  118.154537      38.318160      -1.1802176679672334       0.1402192080503384          0
  121.551864      38.540513      -1.1822090533120821       0.1985354959208557          0
  124.961506      38.739739      -1.2125575564756585       0.2438597398245057          0
  128.382259      38.915050      -1.2494793098890058       0.2815062847866895          0
  131.812814      39.065750      -1.2890736121042572       0.3069127346172922          0
  29.903115      24.811589      -1.1985267020315458       0.2641358599306665        715
  32.897735      25.200417      -1.2186537886374957       0.2870887040279992        715
  35.900371      25.599799      -1.2354930510950275       0.3112092887616252        715
  38.911605      26.008666      -1.2489735572037803       0.3364851351063306        715
  41.932030      26.425915      -0.0000000000000000       0.0000000000000000          0
  44.962245      26.850411      -0.0000000000000000       0.0000000000000000          0
  48.002855      27.280990      -0.0000000000000000       0.0000000000000000          0
  51.054461      27.716458      -2.6431196439681184       1.3758913313706831        503
  54.117661      28.155595      -2.7750680383958786       1.4166808285126522        503
  57.193041      28.597160      -0.0000000000000000       0.0000000000000000        505
  60.281174      29.039886      -0.0000000000000000       0.0000000000000000        505
  63.382608      29.482491      -0.0000000000000000       0.0000000000000000      50601
  66.497866      29.923674      -0.0000000000000000       0.0000000000000000      50601
  69.627436      30.362122      -0.0000000000000000       0.0000000000000000          0
  72.771765      30.796511      -0.0000000000000000       0.0000000000000000          0
  75.931251      31.225512      -0.0000000000000000       0.0000000000000000          0
  79.106240      31.647789      -0.0000000000000000       0.0000000000000000          0
  82.297012      32.062011      -0.0000000000000000       0.0000000000000000          0
  85.503781      32.466850      -3.6278898366238144       1.8786377413631390        501
  88.726682      32.860988      -3.7103410903323306       1.9695979448679064        501
  91.965766      33.243121      -0.0000000000000000       0.0000000000000000          0
  95.220998      33.611965      -0.0000000000000000       0.0000000000000000          0
  98.492243      33.966261      -0.0000000000000000       0.0000000000000000          0
  101.779267      34.304781      -1.2836324134314090      -0.1343597989197025        602
  105.081731      34.626334      -1.3068548643032436      -0.1014086960529990          0
  108.399188      34.929772      -1.3266018431518953      -0.0603056284861032          0
  111.731080      35.213993      -1.3410009838093973      -0.0143197995052230          0
  115.076736      35.477954      -1.3525656778942055       0.0331992955823033          0
  118.435376      35.720674      -1.3556705624261847       0.0826491509349843          0
  121.806114      35.941236      -1.3138340788278218       0.1484063695311046          0
  125.187955      36.138800      -1.3139075689278683       0.1975059286175756          0
  128.579808      36.312606      -1.3190902439289429       0.2401361353501319          0
  131.980490      36.461977      -1.3329836252598888       0.2734416591475705          0
  30.296645      22.229530      -1.2013597359402344       0.2931630359811052        715
  33.303781      22.619827      -1.2211277262889282       0.3137911945840047        715
  36.317969      23.020574      -1.2375672344743656       0.3355536301397153        715
  39.339749      23.430685      -1.2506109322786241       0.3584428009461719        715
  42.369672      23.849043      -0.0000000000000000       0.0000000000000000          0
  45.408296      24.274499      -0.0000000000000000       0.0000000000000000          0
  48.456183      24.705876      -0.0000000000000000       0.0000000000000000          0
  51.513894      25.141971      -0.0000000000000000       0.0000000000000000          0
  54.581985      25.581555      -0.0000000000000000       0.0000000000000000          0
  57.661001      26.023377      -0.0000000000000000       0.0000000000000000      50602
  60.751476      26.466168      -0.0000000000000000       0.0000000000000000      50602
  63.853920      26.908641      -0.0000000000000000       0.0000000000000000      50602
  66.968817      27.349495      -0.0000000000000000       0.0000000000000000          0
  70.096622      27.787419      -0.0000000000000000       0.0000000000000000          0
  73.237747      28.221091      -0.0000000000000000       0.0000000000000000          0
  76.392563      28.649189      -0.0000000000000000       0.0000000000000000          0
  79.561387      29.070386      -0.0000000000000000       0.0000000000000000          0
  82.744479      29.483362      -0.0000000000000000       0.0000000000000000          0
  85.942034      29.886802      -3.6397819774431568       2.0280829150196036        501
  89.154177      30.279403      -3.7204012710148744       2.1119259967340964        501
  92.380955      30.659880      -0.0000000000000000       0.0000000000000000          0
  95.622332      31.026968      -0.0000000000000000       0.0000000000000000          0
  98.878186      31.379431      -1.1836096910499052      -0.2592070995734554        603
  102.148302      31.716063      -1.2819421036859762      -0.1546056748525085          0
  105.432370      32.035697      -1.3083234584493699      -0.1010632170504431          0
  108.729979      32.337211      -1.3286145778897511      -0.0505866054639350          0
  112.040621      32.619530      -1.3411044501616640      -0.0028552661336073          0
  115.363687      32.881637      -1.3504299733728842       0.0438644794535888          0
  118.698469      33.122576      -1.3573036499149775       0.0897035510672470          0
  122.044160      33.341456      -1.3612767871621425       0.1332730462009169          0
  125.399861      33.537463      -1.3581241326969131       0.1770291914514819          0
  128.764585      33.709857      -1.3503969855256375       0.2211592839270666          0
  132.137264      33.857985      -1.2746125767620398       1.0604162466477336        601
  30.675929      19.646559      -1.2040365825133628       0.3208219503069636        715
  33.694854      20.038254      -1.2234524661221304       0.3390432859698266        715
  36.719877      20.440295      -1.2395014121729406       0.3583660171689824        715
  39.751500      20.851582      -1.2521197471887198       0.3787879513661056        715
  42.790236      21.270983      -0.0000000000000000       0.0000000000000000          0
  45.836603      21.697337      -0.0000000000000000       0.0000000000000000          0
  48.891128      22.129456      -0.0000000000000000       0.0000000000000000          0
  51.954333      22.566126      -0.0000000000000000       0.0000000000000000          0
  55.026739      23.006110      -0.0000000000000000       0.0000000000000000          0
  58.108857      23.448152      -0.0000000000000000       0.0000000000000000      50602
  61.201185      23.890977      -0.0000000000000000       0.0000000000000000      50602
  64.304200      24.333297      -0.0000000000000000       0.0000000000000000      50602
  67.418357      24.773809      -0.0000000000000000       0.0000000000000000          0
  70.544080      25.211204      -0.0000000000000000       0.0000000000000000          0
  73.681756      25.644166      -0.0000000000000000       0.0000000000000000          0
  76.831732      26.071378      -0.0000000000000000       0.0000000000000000          0
  79.994305      26.491523      -0.0000000000000000       0.0000000000000000          0
  83.169718      26.903290      -0.0000000000000000       0.0000000000000000          0
  86.358156      27.305378      -0.0000000000000000       0.0000000000000000          0
  89.559737      27.696500      -3.7297538029102486       2.2472425600384796        501
  92.774508      28.075388      -3.7972411122255214       2.3290297063611405        502
  96.002441      28.440796      -0.0000000000000000       0.0000000000000000          0
  99.243427      28.791507      -1.1877115866487069      -0.2282092534200859        603
  102.497272      29.126339      -1.2732323856187620      -0.1611795004269278          0
  105.763697      29.444148      -1.3167840376591973      -0.0930090493899042          0
  109.042330      29.743835      -1.3342868034362960      -0.0394350222403304          0
  112.332713      30.024351      -1.3439942147713002       0.0090960007491885          0
  115.634293      30.284702      -1.3510701635319493       0.0546728686211000          0
  118.946429      30.523956      -1.3562873721498143       0.0984063402648329          0
  122.268395      30.741249      -1.3598261994123391       0.1389737749865392          0
  125.599377      30.935785      -1.3578482452738692       0.1795405736503312          0
  128.938484      31.106850      -1.3515305439130605       0.2206063721073434          0
  132.284753      31.253807      -0.0000000000000000       0.0000000000000000          0
  31.043189      17.062819      -1.2065782844674617       0.3470909293701002        715
  34.073272      17.455849      -1.2256477132236123       0.3628312749256391        715
  37.108506      17.859124      -1.2413136825505062       0.3796407991547228        715
  40.149359      18.271527      -1.2535162245342073       0.3975230293875864        715
  43.196307      18.691915      -0.0000000000000000       0.0000000000000000          0
  46.249836      19.119115      -1.5768732510458952       1.2294184572775555        710
  49.310437      19.551926      -1.9548396775302965       1.2008061344138246        710
  52.378602      19.989126      -0.0000000000000000       0.0000000000000000          0
  55.454820      20.429471      -0.0000000000000000       0.0000000000000000          0
  58.539570      20.871698      -0.0000000000000000       0.0000000000000000          0
  61.633321      21.314531      -0.0000000000000000       0.0000000000000000          0
  64.736524      21.756676      -0.0000000000000000       0.0000000000000000          0
  67.849607      22.196835      -0.0000000000000000       0.0000000000000000          0
  70.972970      22.633698      -0.0000000000000000       0.0000000000000000          0
  74.106981      23.065956      -0.0000000000000000       0.0000000000000000          0
  77.251966      23.492296      -0.0000000000000000       0.0000000000000000          0
  80.408208      23.911411      -0.0000000000000000       0.0000000000000000          0
  83.575942      24.322001      -0.0000000000000000       0.0000000000000000          0
  86.755343      24.722779      -0.0000000000000000       0.0000000000000000          0
  89.946530      25.112471      -0.0000000000000000       0.0000000000000000          0
  93.149552      25.489826      -3.8043396094859103       2.4494877846800551        502
  96.364393      25.853617      -1.1540825098997500      -0.2225884232210617        603
  99.590960      26.202648      -1.1915698021747778      -0.1974853051220626        603
  102.829082      26.535756      -1.2809864024967559      -0.1220607178601691      60401
  106.078513      26.851820      -1.3330905481820130      -0.0815386534565092          0
  109.338920      27.149763      -1.3442488968819628      -0.0256192857276893          0
  112.609891      27.428560      -1.3491692824799009       0.0227520348719801          0
  115.890931      27.687239      -1.3536722377587505       0.0666425529418607          0
  119.181464      27.924892      -1.3579075616561260       0.1072714882468038          0
  122.480835      28.140676      -1.3617111992358992       0.1441716415156744          0
  125.788313      28.333818      -0.0000000000000000       0.0000000000000000          0
  129.103096      28.503621      -0.0000000000000000       0.0000000000000000          0
  132.424318      28.649469      -0.0000000000000000       0.0000000000000000          0
  31.400413      14.478435      -1.2090029735965881       0.3719449266093985        715
  34.441104      14.872749      -1.2277303147432277       0.3851377966295200        715
  37.486006      15.277205      -1.2430193744260767       0.3993683769165154        715
  40.535551      15.690675      -1.2548139435051391       0.4146462467241296        715
  43.590185      16.112001      -0.0000000000000000       0.0000000000000000          0
  46.650364      16.539998      -0.0000000000000000       0.0000000000000000          0
  49.716549      16.973458      -0.0000000000000000       0.0000000000000000          0
  52.789201      17.411148      -0.0000000000000000       0.0000000000000000          0
  55.868783      17.851819      -0.0000000000000000       0.0000000000000000          0
  58.955749      18.294203      -0.0000000000000000       0.0000000000000000          0
  62.050542      18.737018      -0.0000000000000000       0.0000000000000000          0
  65.153590      19.178973      -0.0000000000000000       0.0000000000000000          0
  68.265300      19.618766      -0.0000000000000000       0.0000000000000000          0
  71.386054      20.055094      -0.0000000000000000       0.0000000000000000          0
  74.516201      20.486650      -0.0000000000000000       0.0000000000000000          0
  77.656057      20.912130      -0.0000000000000000       0.0000000000000000          0
  80.805894      21.330234      -0.0000000000000000       0.0000000000000000          0
  83.965938      21.739675      -0.0000000000000000       0.0000000000000000          0
  87.136366      22.139176      -0.0000000000000000       0.0000000000000000          0
  90.317295      22.527480      -0.0000000000000000       0.0000000000000000          0
  93.508786      22.903351      -0.0000000000000000       0.0000000000000000          0
  96.710832      23.265580      -1.1582850892017329      -0.1894202501908868        603
  99.923361      23.612990      -1.2256704999272188      -0.0901355196253174      60301
  103.146228      23.944439      -1.2868269716854903      -0.0683051710733882        604
  106.379218      24.258826      -1.3440856518971322      -0.0439465966890937      60405
  109.622039      24.555096      -1.3564715880200497      -0.0059130537645034          0
  112.874324      24.832245      -1.3541668712879589       0.0400517487309433          0
  116.135634      25.089325      -1.3565178328383949       0.0808439907335585          0
  119.405454      25.325448      -1.3625396648612638       0.1153150979788328        612
  122.683198      25.539791      -0.0000000000000000       0.0000000000000000          0
  125.968211      25.731603      -7.0983017645635158       0.9219001605382926        675
  129.259776      25.900204      -0.0000000000000000       0.0000000000000000          0
  132.557115      26.044995      -7.1619508910703438       1.2740258598515619        684
  31.749405      11.893526      -1.2113264056206376       0.3953563175732885        701
  34.800226      12.289077      -1.2297147819483414       0.4059426756901058        715
  37.854318      12.694670      -1.2446315506324235       0.4175361119041836        715
  40.912084      13.109161      -0.0000000000000000       0.0000000000000000          0
  43.973941      13.531382      -1.2520573508115154       0.9852944009539320        709
  47.040317      13.960137      -1.2242280480389325       1.0032283212108442        709
  50.111645      14.394208      -1.1928397281643197       1.0217356696659510        709
  53.188365      14.832354      -1.1579605713615269       1.0407395418719767        709
  56.270912      15.273320      -1.1196676646754751       1.0601525217037653        709
  59.359720      15.715833      -0.0000000000000000       0.0000000000000000          0
  62.455211      16.158609      -0.0000000000000000       0.0000000000000000          0
  65.557793      16.600356      -0.0000000000000000       0.0000000000000000          0
  68.667858      17.039774      -0.0000000000000000       0.0000000000000000          0
  71.785772      17.475562      -0.0000000000000000       0.0000000000000000          0
  74.911873      17.906418      -0.0000000000000000       0.0000000000000000          0
  78.046466      18.331046      -0.0000000000000000       0.0000000000000000          0
  81.189818      18.748155      -0.0000000000000000       0.0000000000000000          0
  84.342153      19.156467      -0.0000000000000000       0.0000000000000000          0
  87.503648      19.554720      -0.0000000000000000       0.0000000000000000          0
  90.674428      19.941671      -0.0000000000000000       0.0000000000000000          0
  93.854562      20.316098      -0.0000000000000000       0.0000000000000000          0
  97.044060      20.676812      -1.1622874597191801      -0.1565227882454945        603
  100.242870      21.022652      -1.2319098413491403      -0.0340099437107175      60301
  103.450876      21.352496      -1.2924002530939154      -0.0150759863428111        604
  106.667893      21.665264      -1.3489928365961372       0.0062165876820947        604
  109.893671      21.959922      -1.4014703408531881       0.0297947723810425      60405
  113.127888      22.235485      -0.0000000000000000       0.0000000000000000          0
  116.370156      22.491026      -0.0000000000000000       0.0000000000000000          0
  119.620021      22.725679      -0.0000000000000000       0.0000000000000000          0
  122.876962      22.938641      -0.0000000000000000       0.0000000000000000          0
  126.140397      23.129176      -0.0000000000000000       0.0000000000000000          0
  129.409686      23.296626      -7.1433266969824176       1.1545831019095909        801
  132.684135      23.440405      -7.1622490753661978       1.3145243456758897        801
  32.091823       9.308195      -1.2135623875081760       0.4172955363688116        701
  35.152356       9.704946      -1.2316137042066522       0.4252236048990105        712
  38.215221      10.111637      -1.2461614040169957       0.4341290490451766        712
  41.280792      10.527112      -1.2735445299389949       0.9592830407672996        709
  44.349460      10.950192      -1.2488404182934845       0.9739843705343334        709
  47.421629      11.379669      -1.2205205860935098       0.9893887071524752        709
  50.497710      11.814317      -1.1886498187021659       1.0054358922929223        709
  53.578118      12.252888      -1.1533017212395860       1.0220547863286549        709
  56.663270      12.694121      -0.0000000000000000       0.0000000000000000          0
  59.753580      13.136739      -0.0000000000000000       0.0000000000000000          0
  62.849454      13.579456      -0.0000000000000000       0.0000000000000000          0
  65.951285      14.020980      -0.0000000000000000       0.0000000000000000          0
  69.059452      14.460012      -0.0000000000000000       0.0000000000000000          0
  72.174308      14.895254      -0.0000000000000000       0.0000000000000000          0
  75.296186      15.325410      -0.0000000000000000       0.0000000000000000          0
  78.425383      15.749191      -0.0000000000000000       0.0000000000000000          0
  81.562165      16.165316      -0.0000000000000000       0.0000000000000000          0
  84.706756      16.572518      -0.0000000000000000       0.0000000000000000          0
  87.859338      16.969546      -0.0000000000000000       0.0000000000000000          0
  91.020044      17.355171      -0.0000000000000000       0.0000000000000000          0
  94.188958      17.728189      -0.0000000000000000       0.0000000000000000          0
  97.366105      18.087425      -1.1661181597310730      -0.1239323784690334      60302
  100.551458      18.431738      -0.0000000000000000       0.0000000000000000          0
  103.744927      18.760024      -1.2977450291190089       0.0375489991071150        604
  106.946363      19.071221      -1.3536940789902652       0.0557344043403675        604
  110.155551      19.364316      -1.4055378935942575       0.0760459655308464        604
  113.372219      19.638346      -1.3498071998059060       0.0775256504487776        612
  116.596027      19.892401      -0.0000000000000000       0.0000000000000000          0
  119.826579      20.125635      -0.0000000000000000       0.0000000000000000          0
  123.063416      20.337263      -0.0000000000000000       0.0000000000000000          0
  126.306024      20.526570      -0.0000000000000000       0.0000000000000000          0
  129.553838      20.692911      -7.1446512588433411       1.2088111168282765        801
  132.806242      20.835716      -7.1625025399728015       1.3507656852159422        801
  32.429209       6.722543      -1.2157231219518698       0.4377315804246544        712
  35.499092       7.120461      -1.2334380796730131       0.4429566817508552        712
  38.570362       7.528217      -0.0000000000000000       0.0000000000000000          0
  41.643371       7.944645      -1.2708146054439478       0.9478680247466060        709
  44.718485       8.368550      -1.2456268605362508       0.9599466801361786        709
  47.796086       8.798719      -1.2168271738537797       0.9727947856119780        709
  50.876565       9.233914      -1.1844856920034237       0.9863581735643952        709
  53.960318       9.672883      -0.0000000000000000       0.0000000000000000          0
  57.047745      10.114358      -0.0000000000000000       0.0000000000000000          0
  60.139245      10.557058      -0.0000000000000000       0.0000000000000000          0
  63.235210      10.999698      -0.0000000000000000       0.0000000000000000          0
  66.336022      11.440982      -0.0000000000000000       0.0000000000000000          0
  69.442049      11.879616      -0.0000000000000000       0.0000000000000000          0
  72.553639      12.314306      -0.0000000000000000       0.0000000000000000          0
  75.671118      12.743761      -0.0000000000000000       0.0000000000000000          0
  78.794783      13.166698      -0.0000000000000000       0.0000000000000000          0
  81.924898      13.581847      -0.0000000000000000       0.0000000000000000          0
  85.061694      13.987950      -0.0000000000000000       0.0000000000000000          0
  88.205359      14.383771      -0.0000000000000000       0.0000000000000000          0
  91.356037      14.768094      -0.0000000000000000       0.0000000000000000          0
  94.513827      15.139730      -0.0000000000000000       0.0000000000000000          0
  97.678775      15.497520      -1.1698020869101278      -0.0916902787419679      60302
  100.850876      15.840340      -1.2685669101387300       0.0171821753001631        647
  104.030071      16.167105      -1.3028952482964535       0.0894875591541235      60402
  107.216243      16.476773      -1.3582198000064152       0.1045321016582400        604
  110.409218      16.768349      -1.4094498628185732       0.1215460605397229        604
  113.608766      17.040887      -0.0000000000000000       0.0000000000000000          0
  116.814599      17.293500      -0.0000000000000000       0.0000000000000000          0
  120.026374      17.525358      -0.0000000000000000       0.0000000000000000          0
  123.243693      17.735695      -7.0444887439405495       1.0210364286133216        801
  126.466108      17.923812      -7.1064046450111116       1.1379766252314010        801
  129.693121      18.089079      -7.1458881246823509       1.2588299458063963        801
  132.924193      18.230943      -7.1627164881350209       1.3827577371915245        801
  32.763023       4.136662      -1.2178194874419992       0.4566324033288964        712
  35.841939       4.535721      -1.2351975810668434       0.4591168247921814        712
  38.921293       4.944515      -0.0000000000000000       0.0000000000000000          0
  42.001414       5.361866      -1.2680688938803628       0.9337962427710881        709
  45.082647       5.786571      -1.2424049990634816       0.9432292395284803        709
  48.165354       6.217404      -0.0000000000000000       0.0000000000000000          0
  51.249908       6.653121      -0.0000000000000000       0.0000000000000000          0
  54.336691       7.092462      -0.0000000000000000       0.0000000000000000          0
  57.426088       7.534155      -0.0000000000000000       0.0000000000000000          0
  60.518486       7.976918      -0.0000000000000000       0.0000000000000000          0
  63.614267       8.419461      -0.0000000000000000       0.0000000000000000          0
  66.713804       8.860491      -0.0000000000000000       0.0000000000000000          0
  69.817459       9.298716      -0.0000000000000000       0.0000000000000000          0
  72.925577       9.732845      -0.0000000000000000       0.0000000000000000          0
  76.038480      10.161594      -0.0000000000000000       0.0000000000000000          0
  79.156468      10.583688      -0.0000000000000000       0.0000000000000000          0
  82.279809      10.997865      -0.0000000000000000       0.0000000000000000          0
  85.408738      11.402879      -0.0000000000000000       0.0000000000000000          0
  88.543456      11.797506      -0.0000000000000000       0.0000000000000000          0
  91.684119      12.180543      -0.0000000000000000       0.0000000000000000          0
  94.830844      12.550817      -0.0000000000000000       0.0000000000000000          0
  97.983698      12.907185      -1.1733611909942729      -0.0598419035113696      60302
  101.142701      13.248541      -1.2710254965649512       0.0417089266589347        647
  104.307824      13.573817      -1.3078809563270437       0.1406539404800999      60402
  107.478984      13.881989      -1.3625968599236140       0.1525313591683475      60402
  110.656046      14.172079      -1.3391792337313195       0.0836473950122393        612
  113.838825      14.443163      -1.3513282566588389       0.1009407949318117        613
  117.027079      14.694369      -1.3593185475799889       0.1191407380300116        613
  120.220520      14.924887      -6.9661431288303017       1.0075113597221763        801
  123.418806      15.133967      -7.0484278578296822       1.1023674050208618        801
  126.621552      15.320926      -7.1088244844745372       1.2016454440747459        801
  129.828327      15.485151      -7.1470483891369696       1.3046156175729253        801
  133.038661      15.626101      -7.1628950949830017       1.4105028937424942        801
  33.094662       1.550642      -1.2198612678344032       0.4739652098207166        712
  36.182339       1.950820      -1.2369007702638002       0.4736780856607169        712
  39.269495       2.360630      -1.2503470418339657       0.4742858579175542        713
  42.356437       2.778882      -1.2652974401307113       0.9171099276720838        709
  45.443495       3.204362      -1.2391629456414532       0.9238808559629073        709
  48.531011       3.635835      -0.0000000000000000       0.0000000000000000          0
  51.619346       4.072050      -0.0000000000000000       0.0000000000000000          0
  54.708866       4.511741      -0.0000000000000000       0.0000000000000000          0
  57.799948       4.953632      -0.0000000000000000       0.0000000000000000          0
  60.892968       5.396437      -0.0000000000000000       0.0000000000000000          0
  63.988301       5.838865      -0.0000000000000000       0.0000000000000000          0
  67.086315       6.279627      -0.0000000000000000       0.0000000000000000          0
  70.187369       6.717430      -0.0000000000000000       0.0000000000000000          0
  73.291805       7.150988      -0.0000000000000000       0.0000000000000000          0
  76.399950       7.579025      -0.0000000000000000       0.0000000000000000          0
  79.512106       8.000273      -0.0000000000000000       0.0000000000000000          0
  82.628547       8.413478      -0.0000000000000000       0.0000000000000000          0
  85.749519       8.817408      -0.0000000000000000       0.0000000000000000          0
  88.875232       9.210848      -0.0000000000000000       0.0000000000000000          0
  92.005862       9.592612      -0.0000000000000000       0.0000000000000000          0
  95.141542       9.961540      -1.2139316019867203       0.0479143050025394      67352
  98.282362      10.316505      -1.2455154278293774       0.0561012654789066      67301
  101.428371      10.656418      -1.2734002911399365       0.0655607951196065        647
  104.579567      10.980229      -1.2974833731712228       0.0762383944503347      64701
  107.735904      11.286930      -1.3668492464751536       0.1996510236573501      60402
  110.897286      11.575563      -1.3402453231127087       0.0976127605553504        613
  114.063569      11.845220      -1.3520289108276076       0.1115886002436697        613
  117.234560      12.095049      -0.0000000000000000       0.0000000000000000          0
  120.410021      12.324255      -0.9501965255960487       0.4461737912640345        677
  123.589667      12.532107      -7.0522078649179418       1.1794309606691296        801
  126.773172      12.717936      -7.1111343803631790       1.2610446496840624        801
  129.960169      12.881143      -7.1481414535648176       1.3461385599785258        801
  133.150253      13.021200      -7.1630416923220093       1.4340000018437384        801
  33.425492      -1.035429      -1.2218573419424410       0.4896966624038973        712
  36.521693      -0.634149      -1.2385552719660471       0.4866138676867104        712
  39.616403      -0.223342      -1.2516318233241601       0.4844010835937161        713
  42.709910       0.195792      -0.0000000000000000       0.0000000000000000          0
  45.802525       0.622026      -0.0000000000000000       0.0000000000000000          0
  48.894580       1.054119      -0.0000000000000000       0.0000000000000000          0
  51.986420       1.490812      -0.0000000000000000       0.0000000000000000          0
  55.078404       1.930833      -0.0000000000000000       0.0000000000000000          0
  58.170899       2.372900      -0.0000000000000000       0.0000000000000000          0
  61.264275       2.815728      -0.0000000000000000       0.0000000000000000          0
  64.358902       3.258025      -0.0000000000000000       0.0000000000000000          0
  67.455148       3.698501      -0.0000000000000000       0.0000000000000000          0
  70.553370       4.135868      -0.0000000000000000       0.0000000000000000          0
  73.653914       4.568846      -0.0000000000000000       0.0000000000000000          0
  76.757108       4.996161      -0.0000000000000000       0.0000000000000000          0
  79.863262       5.416557      -0.0000000000000000       0.0000000000000000          0
  82.972659       5.828789      -0.0000000000000000       0.0000000000000000          0
  86.085558       6.231634      -0.0000000000000000       0.0000000000000000          0
  89.202183       6.623892      -0.0000000000000000       0.0000000000000000          0
  92.322727       7.004389      -0.0000000000000000       0.0000000000000000          0
  95.447343       7.371980      -0.0000000000000000       0.0000000000000000          0
  98.576147       7.725555      -1.2482797123587464       0.0822827864213388      67301
  101.709215       8.064041      -1.2757041085709344       0.0887033773157093        647
  104.846576       8.386403      -1.2993446069632315       0.0962632895221927      64701
  107.988218       8.691653      -0.0000000000000000       0.0000000000000000          0
  111.134085       8.978850      -1.3412686817536885       0.1108623856892029      61404
  114.284075       9.247104      -0.0000000000000000       0.0000000000000000          0
  117.438042       9.495578      -1.4381745094508120       0.0401102280916805      61407
  120.595797       9.723496      -6.9769274959757439       1.1920405152264051        801
  123.757111       9.930141      -7.0558514253475595       1.2521314664526495        801
  126.921712      10.114861      -7.1133490664005423       1.3161100514246031        801
  130.089296      10.277070      -7.1491753270759455       1.3833653909608401        801
  133.259520      10.416253      -7.1631589082890468       1.4532458677308648        801
  33.756862      -3.621466      -1.2238158411495614       0.5037930051397717        701
  36.861387      -3.219097      -1.2401679140963586       0.4978970577439404        713
  39.963434      -2.807305      -1.2528711488454332       0.4928477664149707        713
  43.063273      -2.387306      -0.0000000000000000       0.0000000000000000          0
  46.161204      -1.960334      -0.0000000000000000       0.0000000000000000          0
  49.257545      -1.527639      -0.0000000000000000       0.0000000000000000          0
  52.352633      -1.090487      -0.0000000000000000       0.0000000000000000          0
  55.446820      -0.650156      -0.0000000000000000       0.0000000000000000          0
  58.540466      -0.207930      -0.0000000000000000       0.0000000000000000          0
  61.633938       0.234902      -0.0000000000000000       0.0000000000000000          0
  64.727607       0.677050      -0.0000000000000000       0.0000000000000000          0
  67.821838       1.117224      -0.0000000000000000       0.0000000000000000          0
  70.916993       1.554140      -0.0000000000000000       0.0000000000000000          0
  74.013421       1.986523      -0.0000000000000000       0.0000000000000000          0
  77.111459       2.413106      -0.0000000000000000       0.0000000000000000          0
  80.211425       2.832640      -0.0000000000000000       0.0000000000000000          0
  83.313615       3.243892      -0.0000000000000000       0.0000000000000000          0
  86.418299       3.645649      -0.0000000000000000       0.0000000000000000          0
  89.525721       4.036724      -0.0000000000000000       0.0000000000000000          0
  92.636091       4.415955      -0.0000000000000000       0.0000000000000000          0
  95.749586       4.782215      -0.0000000000000000       0.0000000000000000          0
  98.866347       5.134407      -1.2509780436991667       0.1077194118501995      67350
  101.986478       5.471475      -1.2779484900311264       0.1110998611523246      67301
  105.110041       5.792401      -1.3011534852817908       0.1155431196538454      64701
  108.237060       6.096213      -1.3205115812785693       0.1209981176678160        614
  111.367515       6.381989      -0.0000000000000000       0.0000000000000000          0
  114.501347       6.648855      -0.0000000000000000       0.0000000000000000          0
  117.638457       6.895991      -4.7346086188951739      -6.6892628839455144        667
  120.778705       7.122638      -6.9820752392703618       1.2775970925880604        801
  123.921911       7.328094      -7.0593786248510870       1.3203682178526708        801
  127.067863       7.511721      -7.1154814548953702       1.3667736462344295        801
  130.216310       7.672947      -7.1501568628712260       1.4162603233929012        801
  133.366976       7.811270      -7.1632487723726248       1.4682364243968165        801
>