>anchorPlateId 301
>reconstructionTime 32
>DeformingMeshPoints.gpml lat_lon_velocity_domain_28_32.gpml
>MeshNode <identity>GPlates-b7a3af0e-8119-4abb-9ae6-39bb7e5702ce</identity> <revision>GPlates-7b04c5e6-7801-49f1-bcc4-23d6f4e5417f</revision>
> reconstructionPlateId 0
> validTime TimePeriod <begin> TimeInstant <timePosition>http://gplates.org/times/distantPast</timePosition></begin> <end> TimeInstant <timePosition>http://gplates.org/times/distantFuture</timePosition></end>
   9.316325      66.460758      -0.0000000000000000       0.0000000000000000        301
  11.429465      66.825218      -0.0000000000000000       0.0000000000000000        302
  13.557636      67.204810      -0.0000000000000000       0.0000000000000000        302
  15.702388      67.599122      -0.0000000000000000       0.0000000000000000        302
  17.865428      68.007718      -0.0000000000000000       0.0000000000000000        302
  20.048648      68.430140      -0.0000000000000000       0.0000000000000000        302
  22.254141      68.865908      -0.0000000000000000       0.0000000000000000        302
  24.484235      69.314513      -0.0000000000000000       0.0000000000000000        302
  26.741520      69.775423      -0.0000000000000000       0.0000000000000000        302
  29.028887      70.248072      -0.0000000000000000       0.0000000000000000        302
  31.349572      70.731867      -0.0000000000000000       0.0000000000000000        302
  33.707204      71.226177      -0.0000000000000000       0.0000000000000000        302
  36.105862      71.730332      -0.0000000000000000       0.0000000000000000        302
  38.550147      72.243619      -0.0000000000000000       0.0000000000000000        302
  41.045259      72.765275      -0.0000000000000000       0.0000000000000000        302
  43.597090      73.294483      -0.0000000000000000       0.0000000000000000        302
  46.212336      73.830357      -0.0000000000000000       0.0000000000000000        302
  48.898622      74.371940      -0.0000000000000000       0.0000000000000000        302
  51.664656      74.918184      -0.0000000000000000       0.0000000000000000        302
  54.520396      75.467941      -0.0000000000000000       0.0000000000000000        302
  57.477253      76.019938      -0.0000000000000000       0.0000000000000000        302
  60.548317      76.572759      -0.0000000000000000       0.0000000000000000        302
  63.748610      77.124815      -0.0000000000000000       0.0000000000000000        302
  67.095353      77.674310      -0.0000000000000000       0.0000000000000000        302
  70.608246      78.219198      -0.0000000000000000       0.0000000000000000        404
  74.309722      78.757139      -0.0000000000000000       0.0000000000000000        404
  78.225133      79.285432      -0.0000000000000000       0.0000000000000000        404
  82.382783      79.800958      -0.0000000000000000       0.0000000000000000        404
  86.813683      80.300097      -0.0000000000000000       0.0000000000000000        404
  91.550842      80.778657      -0.0000000000000000       0.0000000000000000        404
  96.627809      81.231801      -0.0000000000000000       0.0000000000000000        404
  102.076165      81.654003      -0.0000000000000000       0.0000000000000000          0
  107.921597      82.039053      -0.0000000000000000       0.0000000000000000          0
  11.641921      64.041758      -0.0000000000000000       0.0000000000000000        302
  13.888772      64.423250      -0.0000000000000000       0.0000000000000000        302
  16.153341      64.820194      -0.0000000000000000       0.0000000000000000        302
  18.437373      65.232094      -0.0000000000000000       0.0000000000000000        302
  20.742776      65.658428      -0.0000000000000000       0.0000000000000000        302
  23.071646      66.098642      -0.0000000000000000       0.0000000000000000        302
  25.426284      66.552152      -0.0000000000000000       0.0000000000000000        302
  27.809223      67.018341      -0.0000000000000000       0.0000000000000000        302
  30.223256      67.496556      -0.0000000000000000       0.0000000000000000        302
  32.671464      67.986104      -0.0000000000000000       0.0000000000000000        302
  35.157255      68.486254      -0.0000000000000000       0.0000000000000000        302
  37.684403      68.996224      -0.0000000000000000       0.0000000000000000        302
  40.257090      69.515183      -0.0000000000000000       0.0000000000000000        302
  42.879960      70.042243      -0.0000000000000000       0.0000000000000000        302
  45.558171      70.576453      -0.0000000000000000       0.0000000000000000        302
  48.297461      71.116787      -0.0000000000000000       0.0000000000000000        302
  51.104215      71.662141      -0.0000000000000000       0.0000000000000000        302
  53.985536      72.211316      -0.0000000000000000       0.0000000000000000        373
  56.949327      72.763009      -0.0000000000000000       0.0000000000000000        372
  60.004371      73.315796      -0.0000000000000000       0.0000000000000000        372
  63.160409      73.868112      -0.0000000000000000       0.0000000000000000        372
  66.428212      74.418237      -0.0000000000000000       0.0000000000000000        372
  69.819639      74.964265      -0.0000000000000000       0.0000000000000000        372
  73.347655      75.504086      -0.0000000000000000       0.0000000000000000        404
  77.026309      76.035350      -0.0000000000000000       0.0000000000000000        404
  80.870624      76.555444      -0.0000000000000000       0.0000000000000000        404
  84.896369      77.061455      -0.0000000000000000       0.0000000000000000        404
  89.119674      77.550148      -0.0000000000000000       0.0000000000000000        404
  93.556403      78.017938      -0.0000000000000000       0.0000000000000000        404
  98.221250      78.460885      -0.0000000000000000       0.0000000000000000        404
  103.126489      78.874702      -0.0000000000000000       0.0000000000000000        404
  108.280349      79.254794      -0.0000000000000000       0.0000000000000000        404
  113.685067      79.596340      -0.0000000000000000       0.0000000000000000          0
  13.594011      61.591562      -0.0000000000000000       0.0000000000000000        302
  15.949221      61.986825      -0.0000000000000000       0.0000000000000000        302
  18.323648      62.397699      -0.0000000000000000       0.0000000000000000        302
  20.719108      62.823608      -0.0000000000000000       0.0000000000000000        302
  23.137575      63.263943      -0.0000000000000000       0.0000000000000000        302
  25.581198      63.718060      -0.0000000000000000       0.0000000000000000        302
  28.052316      64.185276      -0.0000000000000000       0.0000000000000000        302
  30.553482      64.664870      -0.0000000000000000       0.0000000000000000        302
  33.087484      65.156079      -0.0000000000000000       0.0000000000000000        302
  35.657364      65.658094      -0.0000000000000000       0.0000000000000000        302
  38.266448      66.170055      -0.0000000000000000       0.0000000000000000        302
  40.918373      66.691049      -0.0000000000000000       0.0000000000000000        302
  43.617115      67.220105      -0.0000000000000000       0.0000000000000000        302
  46.367022      67.756183      -0.0000000000000000       0.0000000000000000        302
  49.172846      68.298176      -0.0000000000000000       0.0000000000000000        302
  52.039779      68.844892      -0.0000000000000000       0.0000000000000000        302
  54.973482      69.395054      -0.0000000000000000       0.0000000000000000        302
  57.980119      69.947284      -0.0000000000000000       0.0000000000000000        302
  61.066382      70.500093      -0.0000000000000000       0.0000000000000000        372
  64.239509      71.051872      -0.0000000000000000       0.0000000000000000        372
  67.507291      71.600871      -0.0000000000000000       0.0000000000000000        372
  70.878056      72.145193      -0.0000000000000000       0.0000000000000000        372
  74.360627      72.682769      -0.0000000000000000       0.0000000000000000        401
  77.964241      73.211352      -0.0000000000000000       0.0000000000000000        401
  81.698418      73.728493      -0.0000000000000000       0.0000000000000000        401
  85.572754      74.231533      -0.0000000000000000       0.0000000000000000        404
  89.596634      74.717591      -0.0000000000000000       0.0000000000000000        404
  93.778838      75.183563      -0.0000000000000000       0.0000000000000000        404
  98.127022      75.626124      -0.0000000000000000       0.0000000000000000        404
  102.647073      76.041752      -0.0000000000000000       0.0000000000000000        401
  107.342343      76.426756      -0.0000000000000000       0.0000000000000000        401
  112.212780      76.777344      -0.0000000000000000       0.0000000000000000        401
  117.254042      77.089695      -0.0000000000000000       0.0000000000000000        401
  15.258640      59.117625      -0.0000000000000000       0.0000000000000000        302
  17.703025      59.524239      -0.0000000000000000       0.0000000000000000        302
  20.167304      59.946519      -0.0000000000000000       0.0000000000000000        302
  22.653288      60.383812      -0.0000000000000000       0.0000000000000000        302
  25.162931      60.835430      -0.0000000000000000       0.0000000000000000        302
  27.698348      61.300643      -0.0000000000000000       0.0000000000000000        302
  30.261822      61.778679      -0.0000000000000000       0.0000000000000000        302
  32.855823      62.268723      -0.0000000000000000       0.0000000000000000        302
  35.483023      62.769914      -0.0000000000000000       0.0000000000000000        302
  38.146309      63.281336      -0.0000000000000000       0.0000000000000000        302
  40.848804      63.802023      -0.0000000000000000       0.0000000000000000        302
  43.593880      64.330947      -0.0000000000000000       0.0000000000000000        302
  46.385181      64.867020      -0.0000000000000000       0.0000000000000000        302
  49.226631      65.409080      -0.0000000000000000       0.0000000000000000        302
  52.122458      65.955893      -0.0000000000000000       0.0000000000000000        302
  55.077201      66.506143      -0.0000000000000000       0.0000000000000000        302
  58.095721      67.058420      -0.0000000000000000       0.0000000000000000        302
  61.183205      67.611221      -0.0000000000000000       0.0000000000000000        302
  64.345157      68.162932      -0.0000000000000000       0.0000000000000000        302
  67.587389      68.711826      -0.0000000000000000       0.0000000000000000        302
  70.915981      69.256047      -0.0000000000000000       0.0000000000000000        401
  74.337237      69.793606      -0.0000000000000000       0.0000000000000000        401
  77.857600      70.322371      -0.0000000000000000       0.0000000000000000        401
  81.483546      70.840055      -0.0000000000000000       0.0000000000000000        401
  85.221434      71.344218      -0.0000000000000000       0.0000000000000000        401
  89.077308      71.832258      -0.0000000000000000       0.0000000000000000        401
  93.056644      72.301419      -0.0000000000000000       0.0000000000000000        401
  97.164047      72.748795      -0.0000000000000000       0.0000000000000000        401
  101.402883      73.171355      -0.0000000000000000       0.0000000000000000        401
  105.774863      73.565965      -0.0000000000000000       0.0000000000000000        401
  110.279595      73.929431      -0.0000000000000000       0.0000000000000000        401
  114.914124      74.258556      -0.0000000000000000       0.0000000000000000        401
  119.672518      74.550207      -0.0000000000000000       0.0000000000000000        401
  16.698209      56.625261      -0.0000000000000000       0.0000000000000000        302
  19.217060      57.041391      -0.0000000000000000       0.0000000000000000        302
  21.755914      57.473174      -0.0000000000000000       0.0000000000000000        302
  24.316532      57.919887      -0.0000000000000000       0.0000000000000000        302
  26.900807      58.380766      -2.0408405937807812      -0.1798671839344326        334
  29.510766      58.855006      -0.0000000000000000       0.0000000000000000        302
  32.148587      59.341754      -0.0000000000000000       0.0000000000000000        302
  34.816607      59.840111      -0.0000000000000000       0.0000000000000000        302
  37.517328      60.349127      -0.0000000000000000       0.0000000000000000        302
  40.253434      60.867799      -0.0000000000000000       0.0000000000000000        302
  43.027796      61.395066      -0.0000000000000000       0.0000000000000000        302
  45.843481      61.929808      -0.0000000000000000       0.0000000000000000        302
  48.703763      62.470836      -0.0000000000000000       0.0000000000000000        302
  51.612126      63.016894      -0.0000000000000000       0.0000000000000000        302
  54.572265      63.566650      -0.0000000000000000       0.0000000000000000        302
  57.588092      64.118689      -0.0000000000000000       0.0000000000000000        302
  60.663723      64.671511      -0.0000000000000000       0.0000000000000000        302
  63.803471      65.223523      -0.0000000000000000       0.0000000000000000        390
  67.011818      65.773032      -0.0000000000000000       0.0000000000000000        468
  70.293390      66.318239      -0.0000000000000000       0.0000000000000000        401
  73.652904      66.857234      -0.0000000000000000       0.0000000000000000        401
  77.095109      67.387992      -0.0000000000000000       0.0000000000000000        401
  80.624696      67.908367      -0.0000000000000000       0.0000000000000000        401
  84.246197      68.416092      -0.0000000000000000       0.0000000000000000        401
  87.963844      68.908781      -0.0000000000000000       0.0000000000000000        401
  91.781406      69.383930      -0.0000000000000000       0.0000000000000000        401
  95.701996      69.838931      -0.0000000000000000       0.0000000000000000        401
  99.727843      70.271083      -0.0000000000000000       0.0000000000000000        401
  103.860044      70.677619      -0.0000000000000000       0.0000000000000000        401
  108.098304      71.055731      -0.0000000000000000       0.0000000000000000        401
  112.440664      71.402613      -0.0000000000000000       0.0000000000000000        401
  116.883257      71.715510      -0.0000000000000000       0.0000000000000000        401
  121.420103      71.991769      -0.0000000000000000       0.0000000000000000        401
  17.958853      54.118344      -0.0000000000000000       0.0000000000000000        302
  20.540729      54.542574      -0.0000000000000000       0.0000000000000000        302
  23.142329      54.982399      -1.6506356244011604       0.3694221583731990        334
  25.765342      55.437031      -1.9238060659665228       0.3495558010248153        334
  28.411569      55.905640      -0.0000000000000000       0.0000000000000000        302
  31.082931      56.387349      -0.0000000000000000       0.0000000000000000        302
  33.781474      56.881236      -0.0000000000000000       0.0000000000000000        302
  36.509379      57.386325      -0.0000000000000000       0.0000000000000000        302
  39.268965      57.901593      -0.0000000000000000       0.0000000000000000        302
  42.062694      58.425957      -0.0000000000000000       0.0000000000000000        302
  44.893178      58.958280      -0.0000000000000000       0.0000000000000000        302
  47.763179      59.497360      -0.0000000000000000       0.0000000000000000        302
  50.675614      60.041933      -0.0000000000000000       0.0000000000000000        302
  53.633548      60.590663      -0.0000000000000000       0.0000000000000000        302
  56.640193      61.142143      -0.0000000000000000       0.0000000000000000        302
  59.698899      61.694888      -0.0000000000000000       0.0000000000000000        302
  62.813138      62.247330      -0.0000000000000000       0.0000000000000000        390
  65.986484      62.797817      -0.0000000000000000       0.0000000000000000        468
  69.222585      63.344605      -0.0000000000000000       0.0000000000000000        468
  72.525122      63.885857      -0.0000000000000000       0.0000000000000000        401
  75.897761      64.419642      -0.0000000000000000       0.0000000000000000        401
  79.344087      64.943930      -0.0000000000000000       0.0000000000000000        401
  82.867529      65.456591      -0.0000000000000000       0.0000000000000000        401
  86.471259      65.955405      -0.0000000000000000       0.0000000000000000        401
  90.158085      66.438059      -0.0000000000000000       0.0000000000000000        401
  93.930316      66.902158      -0.0000000000000000       0.0000000000000000        401
  97.789616      67.345239      -0.0000000000000000       0.0000000000000000        401
  101.736844      67.764790      -0.0000000000000000       0.0000000000000000        401
  105.771882      68.158268      -0.0000000000000000       0.0000000000000000        401
  109.893467      68.523133      -0.0000000000000000       0.0000000000000000        401
  114.099032      68.856882      -0.0000000000000000       0.0000000000000000        401
  118.384563      69.157088      -0.0000000000000000       0.0000000000000000        401
  122.744504      69.421450      -0.0000000000000000       0.0000000000000000        401
  19.075304      51.599760      -0.0000000000000000       0.0000000000000000        315
  21.711184      52.030979      -0.0000000000000000       0.0000000000000000        302
  24.366247      52.477704      -0.0000000000000000       0.0000000000000000        302
  27.042093      52.939091      -0.0000000000000000       0.0000000000000000        302
  29.740422      53.414246      -0.0000000000000000       0.0000000000000000        302
  32.463036      53.902232      -0.0000000000000000       0.0000000000000000        302
  35.211844      54.402060      -0.0000000000000000       0.0000000000000000        302
  37.988867      54.912692      -0.0000000000000000       0.0000000000000000        302
  40.796236      55.433036      -0.0000000000000000       0.0000000000000000        302
  43.636200      55.961945      -0.0000000000000000       0.0000000000000000        302
  46.511122      56.498214      -0.0000000000000000       0.0000000000000000        302
  49.423478      57.040578      -0.0000000000000000       0.0000000000000000        302
  52.375857      57.587706      -0.0000000000000000       0.0000000000000000        302
  55.370949      58.138203      -0.0000000000000000       0.0000000000000000        302
  58.411543      58.690604      -0.0000000000000000       0.0000000000000000        302
  61.500506      59.243369      -0.0000000000000000       0.0000000000000000        390
  64.640768      59.794885      -0.0000000000000000       0.0000000000000000        390
  67.835300      60.343459      -0.0000000000000000       0.0000000000000000        468
  71.087076      60.887321      -0.0000000000000000       0.0000000000000000        401
  74.399040      61.424616      -0.0000000000000000       0.0000000000000000        401
  77.774055      61.953409      -0.0000000000000000       0.0000000000000000        401
  81.214843      62.471684      -0.0000000000000000       0.0000000000000000        401
  84.723918      62.977347      -0.0000000000000000       0.0000000000000000        401
  88.303504      63.468232      -0.0000000000000000       0.0000000000000000        401
  91.955445      63.942105      -0.0000000000000000       0.0000000000000000        401
  95.681101      64.396681      -0.0000000000000000       0.0000000000000000        401
  99.481237      64.829631      -0.0000000000000000       0.0000000000000000        401
  103.355911      65.238605      -0.0000000000000000       0.0000000000000000        401
  107.304352      65.621253      -0.0000000000000000       0.0000000000000000        401
  111.324853      65.975252      -0.0000000000000000       0.0000000000000000        401
  115.414670      66.298337      -0.0000000000000000       0.0000000000000000        401
  119.569944      66.588337      -0.0000000000000000       0.0000000000000000        401
  123.785650      66.843212      -0.0000000000000000       0.0000000000000000        401
  20.074149      49.071701      -0.0000000000000000       0.0000000000000000          0
  22.756833      49.509022      -0.0000000000000000       0.0000000000000000          0
  25.457975      49.961743      -0.0000000000000000       0.0000000000000000        302
  28.179085      50.428964      -0.0000000000000000       0.0000000000000000        302
  30.921758      50.909738      -0.0000000000000000       0.0000000000000000        302
  33.687675      51.403069      -0.0000000000000000       0.0000000000000000        302
  36.478611      51.907914      -0.0000000000000000       0.0000000000000000        302
  39.296427      52.423175      -2.0028498095008223      -0.4773660807383151        503
  42.143080      52.947703      -0.0000000000000000       0.0000000000000000        302
  45.020615      53.480295      -0.0000000000000000       0.0000000000000000        302
  47.931167      54.019689      -0.0000000000000000       0.0000000000000000        302
  50.876954      54.564565      -0.0000000000000000       0.0000000000000000        302
  53.860271      55.113543      -0.0000000000000000       0.0000000000000000        302
  56.883484      55.665176      -0.0000000000000000       0.0000000000000000        302
  59.949013      56.217955      -0.0000000000000000       0.0000000000000000        302
  63.059322      56.770304      -0.0000000000000000       0.0000000000000000        390
  66.216892      57.320574      -0.0000000000000000       0.0000000000000000        468
  69.424201      57.867051      -0.0000000000000000       0.0000000000000000        468
  72.683690      58.407947      -0.0000000000000000       0.0000000000000000        401
  75.997726      58.941405      -0.0000000000000000       0.0000000000000000        401
  79.368560      59.465501      -0.0000000000000000       0.0000000000000000        401
  82.798270      59.978242      -0.0000000000000000       0.0000000000000000        401
  86.288708      60.477577      -0.0000000000000000       0.0000000000000000        401
  89.841428      60.961397      -0.0000000000000000       0.0000000000000000        401
  93.457614      61.427551      -0.0000000000000000       0.0000000000000000        401
  97.138002      61.873851      -0.0000000000000000       0.0000000000000000        401
  100.882796      62.298090      -0.0000000000000000       0.0000000000000000        401
  104.691581      62.698061      -0.0000000000000000       0.0000000000000000        401
  108.563246      63.071576      -0.0000000000000000       0.0000000000000000        401
  112.495908      63.416489      -0.0000000000000000       0.0000000000000000        401
  116.486847      63.730729      -0.0000000000000000       0.0000000000000000        401
  120.532467      64.012324      -0.0000000000000000       0.0000000000000000        401
  124.628270      64.259437      -0.0000000000000000       0.0000000000000000        401
  20.976065      46.535859      -0.0000000000000000       0.0000000000000000          0
  23.699732      46.978567      -0.0000000000000000       0.0000000000000000          0
  26.441011      47.436556      -0.0000000000000000       0.0000000000000000        302
  29.201319      47.908876      -0.0000000000000000       0.0000000000000000        302
  31.982148      48.394529      -0.0000000000000000       0.0000000000000000        302
  34.785063      48.892470      -1.7690676012198472      -0.3344326246803424        503
  37.611705      49.401603      -1.9169222327056932      -0.3030745907663935        503
  40.463793      49.920781      -2.0613789773335993      -0.2651685253625700        503
  43.343115      50.448804      -2.2020338457176738      -0.2204556817105984        503
  46.251533      50.984419      -0.0000000000000000       0.0000000000000000        302
  49.190974      51.526317      -0.0000000000000000       0.0000000000000000        302
  52.163427      52.073134      -0.0000000000000000       0.0000000000000000        302
  55.170933      52.623445      -0.0000000000000000       0.0000000000000000        302
  58.215573      53.175768      -0.0000000000000000       0.0000000000000000        302
  61.299459      53.728557      -0.0000000000000000       0.0000000000000000        390
  64.424712      54.280207      -0.0000000000000000       0.0000000000000000        468
  67.593447      54.829051      -0.0000000000000000       0.0000000000000000        468
  70.807741      55.373358      -0.0000000000000000       0.0000000000000000        468
  74.069610      55.911336      -0.0000000000000000       0.0000000000000000        468
  77.380974      56.441134      -3.2083441599095850       0.1762851375390961        501
  80.743611      56.960844      -0.0000000000000000       0.0000000000000000        401
  84.159120      57.468505      -2.0693427210665281       2.3022351297736110        554
  87.628867      57.962110      -0.0000000000000000       0.0000000000000000        401
  91.153928      58.439609      -0.0000000000000000       0.0000000000000000        401
  94.735034      58.898927      -0.0000000000000000       0.0000000000000000        401
  98.372505      59.337968      -0.0000000000000000       0.0000000000000000        401
  102.066192      59.754633      -0.0000000000000000       0.0000000000000000        401
  105.815409      60.146838      -0.0000000000000000       0.0000000000000000        401
  109.618878      60.512532      -0.0000000000000000       0.0000000000000000        401
  113.474682      60.849720      -0.0000000000000000       0.0000000000000000        401
  117.380220      61.156485      -0.0000000000000000       0.0000000000000000        401
  121.332185      61.431018      -0.0000000000000000       0.0000000000000000        401
  125.326559      61.671644      -0.0000000000000000       0.0000000000000000        401
  21.797359      43.993563      -0.0000000000000000       0.0000000000000000          0
  24.557254      44.441073      -0.0000000000000000       0.0000000000000000        319
  27.333833      44.903737      -0.0000000000000000       0.0000000000000000        302
  30.128422      45.380559      -0.0000000000000000       0.0000000000000000        302
  32.942412      45.870496      -0.0000000000000000       0.0000000000000000        302
  35.777260      46.372456      -1.8214759679266903      -0.1250333230588310        503
  38.634483      46.885297      -1.9692904177288679      -0.0938998376379272        503
  41.515662      47.407828      -2.1133851964861923      -0.0563076048170155        503
  44.422436      47.938804      -2.2533446297174269      -0.0120086977222331        503
  47.356501      48.476930      -2.3887365771944715       0.0392329833152626        503
  50.319598      49.020857      -2.5191110695783996       0.0976381421674420        503
  53.313515      49.569181      -2.6439990252040304       0.1634081405225401        503
  56.340069      50.120445      -0.0000000000000000       0.0000000000000000        302
  59.401102      50.673134      -0.0000000000000000       0.0000000000000000        302
  62.498461      51.225678      -0.0000000000000000       0.0000000000000000        390
  65.633984      51.776450      -0.0000000000000000       0.0000000000000000        465
  68.809480      52.323770      -0.0000000000000000       0.0000000000000000        458
  72.026707      52.865900      -0.0000000000000000       0.0000000000000000        459
  75.287340      53.401051      -3.1333295864777617       0.2884737122710843        501
  78.592945      53.927382      -3.2498176127655745       0.4012453507018267        501
  81.944941      54.443008      -3.3568957858567403       0.5240963308583081        501
  85.344563      54.946001      -0.2412160694611965      -0.3187008353596552          0
  88.792819      55.434398       1.7610196590918497      -1.0335305634344507          0
  92.290442      55.906209       0.6813213549351920      -0.4552165777556390          0
  95.837847      56.359427      -0.0000000000000000       0.0000000000000000        401
  99.435081      56.792040      -0.0000000000000000       0.0000000000000000        401
  103.081771      57.202047      -0.0000000000000000       0.0000000000000000        401
  106.777082      57.587471      -0.0000000000000000       0.0000000000000000        401
  110.519675      57.946377      -0.0000000000000000       0.0000000000000000        401
  114.307670      58.276897      -0.1517984641968355       0.0910463298533610          0
  118.138625      58.577244      -0.0000000000000000       0.0000000000000000        401
  122.009520      58.845742      -0.0000000000000000       0.0000000000000000        401
  125.916762      59.080846      -0.0000000000000000       0.0000000000000000        401
  22.551067      41.445867      -0.0000000000000000       0.0000000000000000          0
  25.343267      41.897698      -0.0000000000000000       0.0000000000000000        338
  28.151168      42.364550      -0.0000000000000000       0.0000000000000000        520
  30.976009      42.845385      -1.2272699561684290       0.1393306284603035        715
  33.819086      43.339119      -0.0000000000000000       0.0000000000000000        551
  36.681752      43.844619      -0.0000000000000000       0.0000000000000000        551
  39.565411      44.360700      -2.0164106719529684       0.1123607753852627        503
  42.471519      44.886131      -2.1600271790056373       0.1491200881369988        503
  45.401580      45.419630      -2.2992017230906776       0.1924544327151110        503
  48.357137      45.959863      -2.4334960082572934       0.2425880280950259        503
  51.339772      46.505447      -2.5624564081130394       0.2997270535982928        503
  54.351093      47.054947      -2.6856130829103373       0.3640556197263661        503
  57.392727      47.606875      -2.8024792869964941       0.4357313929673260        503
  60.466306      48.159694      -0.0000000000000000       0.0000000000000000        390
  63.573457      48.711814      -0.0000000000000000       0.0000000000000000        458
  66.715782      49.261594      -0.0000000000000000       0.0000000000000000        458
  69.894839      49.807344      -0.0000000000000000       0.0000000000000000        459
  73.112122      50.347327      -3.0509623366134391       0.4069492059587142        501
  76.369037      50.879760      -3.1726153990267609       0.5071937397308221        501
  79.666871      51.402818       4.4679305676914165      -1.4139816264566729        580
  83.006764      51.914639       4.1911401882680472      -1.6629673799077573        580
  86.389676      52.413330      -1.0676456148245470       1.3482335826946481        606
  89.816347      52.896971       3.5837577294898590      -2.1307087749668012        580
  93.287265      53.363629       1.4868348526045483      -1.2655547326642511          0
  96.802626      53.811361      -1.2503234362595030       0.4118956751642688          0
  100.362292      54.238233       0.2399264576894197       1.6499724390888835        606
  103.965758      54.642327      -0.0000000000000000       0.0000000000000000        401
  107.612115      55.021761      -0.0000000000000000       0.0000000000000000        401
  111.300019      55.374704      -1.7773081891213123       0.9650026802308986          0
  115.027673      55.699392      -2.1851137685841469       1.3373855404151374          0
  118.792802      55.994151      -1.3331171900769050       0.9085846143357950          0
  122.592658      56.257414      -0.6213849363362854       0.4666644719501952          0
  126.424018      56.487745      -0.1765934940157065       0.1466540013890044          0
  23.247738      38.893624      -1.1732402305055236       0.0760747216617337        715
  26.068978      39.349374      -0.0000000000000000       0.0000000000000000        521
  28.904899      39.820009      -0.0000000000000000       0.0000000000000000        521
  31.756658      40.304453      -0.0000000000000000       0.0000000000000000        521
  34.625463      40.801584      -1.2450790336268018       0.2108299697144131        715
  37.512570      41.310229      -0.0000000000000000       0.0000000000000000        526
  40.419279      41.829167      -0.0000000000000000       0.0000000000000000        551
  43.346934      42.357132      -0.0000000000000000       0.0000000000000000        551
  46.296913      42.892805      -2.3405462824583756       0.3928699406499920        503
  49.270628      43.434823      -2.4737096166967434       0.4413854333643754        503
  52.269517      43.981771      -2.6012523944977737       0.4967270067437094        503
  55.295033      44.532186      -2.7227068763614448       0.5590645581342741        503
  58.348636      45.084560      -2.8375916548426776       0.6285393951626506        503
  61.431784      45.637334      -2.9454116246427948       0.7052596223642254        503
  64.545913      46.188904      -0.0000000000000000       0.0000000000000000        466
  67.692428      46.737619      -0.0000000000000000       0.0000000000000000        459
  70.872682      47.281786      -0.0000000000000000       0.0000000000000000        460
  74.087955      47.819672      -3.0884644532358205       0.6209298722675795        501
  77.339434      48.349501       3.3133935354449937      -0.3836600170165803        590
  80.628187      48.869468      -3.3161829723858425       0.8245337794052589        501
  83.955137      49.377737       4.1099072637493190      -1.4577163442214314        580
  87.321032      49.872446       3.8126669841000123      -1.6865101840215984        580
  90.726418      50.351722      -0.6649857084234861       1.1492178055933111        606
  94.171602      50.813681      -0.3422780184343272       1.2290819230623313        606
  97.656627      51.256442      -0.0145843467786108       1.2916646210664566        606
  101.181237      51.678140      -3.3552918247481323       1.4837391198522267          0
  104.744851      52.076933      -2.6328175171335486       1.2723298406339030          0
  108.346533      52.451023      -3.3564263162873917       1.7628833691196606          0
  111.984974      52.798668      -3.7735882139101973       2.1543980174029169        501
  115.658474      53.118196      -2.5576867573287601       1.5719921947620743          0
  119.364930      53.408028      -1.4427155056447163       0.9725032462538936          0
  123.101841      53.666692      -0.6768158422416464       0.4988690036261962          0
  126.866311      53.892841      -0.1742165702557845       0.1425678348917655          0
  23.896012      36.337529      -1.1786076107084580       0.1141828330004566        715
  26.743550      36.796860      -1.2003880926202224       0.1442680729396615        715
  29.604726      37.270940      -1.2192871515259234       0.1757426783904662        715
  32.480620      37.758656      -1.2352199627463247       0.2086019176780322        715
  35.372359      38.258849      -0.0000000000000000       0.0000000000000000        522
  38.281108      38.770313      -0.0000000000000000       0.0000000000000000        522
  41.208074      39.291793      -0.0000000000000000       0.0000000000000000        526
  44.154494      39.821990      -0.0000000000000000       0.0000000000000000        526
  47.121640      40.359555      -2.3781249541828098       0.5891337976775988        503
  50.110804      40.903095      -2.5101408829391190       0.6355797192948690        503
  53.123297      41.451171      -2.6362755251085659       0.6886554211386339        503
  56.160438      42.002298      -2.7560654505496354       0.7485194602354718        503
  59.223544      42.554946      -2.8690366477497493       0.8153001457133965        503
  62.313920      43.107543      -2.9747048076129126       0.8890910820019333        503
  65.432845      43.658472      -0.0000000000000000       0.0000000000000000        466
  68.581557      44.206079      -0.0000000000000000       0.0000000000000000        466
  71.761239      44.748670      -0.0000000000000000       0.0000000000000000        459
  74.972998      45.284515       3.1919005918668164      -0.5419204660333019        591
  78.217843      45.811854       3.3570636722657792      -0.6305173290354286        591
  81.496670      46.328899      -3.3432336461382439       1.0240424269816406        501
  84.810231      46.833839      -3.4393337196333795       1.1351852358548182        501
  88.159115      47.324849      -3.5247726146811029       1.2548653055422194        501
  91.543717      47.800095      -3.5988903574792022       1.3828116895846121        501
  94.964219      48.257742      -0.2678165967370098       0.9185048066928682        606
  98.420559      48.695965       0.0572969000785062       0.9772337093302601        606
  101.912406      49.112963       0.3855345782596006       1.0183504876882108        606
  105.439141      49.506962       0.7155946279959210       1.0409507984762671        606
  108.999835      49.876239      -3.9951616998030000       2.3392996844379286        607
  112.593230      50.219130      -2.3547571651782917       1.2883258594460532          0
  116.217734      50.534045      -1.8204707448821038       1.0887283958767469          0
  119.871410      50.819485      -1.0667379135534087       0.6856303264643326          0
  123.551983      51.074061      -0.4575153027669078       0.3082908670944835          0
  127.256843      51.296503      -0.0021113186675632      -0.0169462670016242          0
  24.503038      33.778156      -1.1834967132583274       0.1507043540020609        715
  27.374556      34.240783      -1.2048151076831286       0.1791454537616364        715
  30.258655      34.718021      -1.2231813477114521       0.2089515339223975        715
  33.156344      35.208724      -1.2385134679476961       0.2401193194134860        715
  36.068672      35.711700      -0.0000000000000000       0.0000000000000000          0
  38.996722      36.225710      -0.0000000000000000       0.0000000000000000          0
  41.941615      36.749469      -0.0000000000000000       0.0000000000000000          0
  44.904496      37.281648      -0.0000000000000000       0.0000000000000000        505
  47.886536      37.820871      -0.0000000000000000       0.0000000000000000        505
  50.888924      38.365721      -2.5434000601332176       0.8250815805055156        503
  53.912859      38.914734      -2.6681435229270054       0.8754757101181314        503
  56.959542      39.466408      -2.7863101692662307       0.9324395530934913        503
  60.030168      40.019196      -2.8974349256322389       0.9960914837700438        503
  63.125910      40.571514      -3.0010455775464848       1.0665140852524502        503
  66.247915      41.121739      -3.0966636697604466       1.1437497525306553        503
  69.397282      41.668213      -0.0000000000000000       0.0000000000000000        466
  72.575052      42.209243      -0.0000000000000000       0.0000000000000000        466
  75.782188      42.743109      -0.0000000000000000       0.0000000000000000        459
  79.019561      43.268064      -3.2640712520268211       1.1179911821864761        501
  82.287924      43.782339      -3.3672102990480219       1.2159560365622952        501
  85.587900      44.284150      -3.4602326008209436       1.3222409958325918        501
  88.919953      44.771706      -3.5425151112915856       1.4366448852329925        501
  92.284371      45.243210      -3.6134434136395508       1.5588868487546217        501
  95.681243      45.696875      -3.6724186143330906       1.6886021366680020        501
  99.110436      46.130928      -3.7188652433922478       1.8253388192646154        501
  102.571578      46.543623      -3.7522401050408494       1.9685556749521480        501
  106.064038      46.933252      -3.7720419687413571       2.1176215084793490        501
  109.586912      47.298157      -1.1122921397068548       0.4129476966292321          0
  113.139008      47.636743      -1.1616852340677555       0.5344767714530004          0
  116.718842      47.947493      -0.9699372239482402       0.4978897904923223          0
  120.324636      48.228981      -0.5200944232478933       0.2605247801593817          0
  123.954317      48.479885      -0.0855746032824135      -0.0154973172261918          0
  127.605531      48.699004       0.2738143251608569      -0.2781536632539364          0
  25.074801      31.215983      -1.1879803195816603       0.1856746436856514        715
  27.968327      31.681665      -1.2088474416236437       0.2123331053839380        715
  30.873367      32.161819      -1.2266967240430393       0.2403315486063366        715
  33.790866      32.655268      -1.2414493311875008       0.2696688018886336        715
  36.721799      33.160790      -1.2530293750737174       0.3003339561980809        715
  39.667177      33.677115      -0.0000000000000000       0.0000000000000000          0
  42.628039      34.202932      -0.0000000000000000       0.0000000000000000          0
  45.605449      34.736884      -0.0000000000000000       0.0000000000000000          0
  48.600489      35.277570      -0.0000000000000000       0.0000000000000000        505
  51.614254      35.823552      -0.0000000000000000       0.0000000000000000        505
  54.647847      36.373346      -0.0000000000000000       0.0000000000000000        505
  57.702365      36.925434      -0.0000000000000000       0.0000000000000000        505
  60.778897      37.478255      -2.9232811617951677       1.1709291237309247        503
  63.878506      38.030216      -3.0249214957907347       1.2375952087191771        503
  67.002223      38.579690      -3.1183974412557802       1.3108235750218487        503
  70.151034      39.125017      -0.0000000000000000       0.0000000000000000        467
  73.325859      39.664509      -0.0000000000000000       0.0000000000000000        467
  76.527548      40.196456      -0.0000000000000000       0.0000000000000000          0
  79.756855      40.719124      -0.0000000000000000       0.0000000000000000          0
  83.014424      41.230766      -3.3886593781776426       1.4004870715999511        501
  86.300774      41.729625      -3.4788302948809875       1.5015424739682808        501
  89.616275      42.213939      -3.5582057336480606       1.6103232660783371        501
  92.961137      42.681951      -3.6262132570926635       1.7265441345797385        501
  96.335382      43.131916      -3.6822993860262603       1.8498401964211211        501
  99.738834      43.562109      -3.7259369041312986       1.9797646051493425        501
  103.171101      43.970839       2.2543917560524420      -1.6441252367033072        456
  106.631558      44.356453       1.8869604270946780      -1.7771617363545675        456
  110.119339      44.717355       0.0267218213607866      -0.2825018705911979          0
  113.633324      45.052012       0.0185861542292142      -0.2475041265420673          0
  117.172138      45.358970       0.0298737046289327      -0.2223576968357847          0
  120.734147      45.636866       0.1378416462059223      -0.2635918722049032          0
  124.317468      45.884443       0.3666709692567858      -0.4166863920506074          0
  127.919971      46.100556       0.5874827001047678      -0.5894957866513384          0
  25.616360      28.651415      -1.1921179870798202       0.2191143207498873        715
  28.530204      29.119944      -1.2125436397148803       0.2438637566617602        715
  31.454492      29.602806      -1.2298901913623621       0.2699278769999204        715
  34.390105      30.098797      -1.2440821626118364       0.2973082130057749        715
  37.337954      30.606663      -1.2550476297805677       0.3259962690890091        715
  40.298982      31.125109      -0.0000000000000000       0.0000000000000000          0
  43.274155      31.652797      -0.0000000000000000       0.0000000000000000          0
  46.264462      32.188344      -0.0000000000000000       0.0000000000000000          0
  49.270907      32.730331      -0.0000000000000000       0.0000000000000000          0
  52.294502      33.277296      -0.0000000000000000       0.0000000000000000        505
  55.336264      33.827742      -0.0000000000000000       0.0000000000000000        505
  58.397202      34.380133      -0.0000000000000000       0.0000000000000000        505
  61.478312      34.932900      -0.0000000000000000       0.0000000000000000        506
  64.580562      35.484443      -3.0467236417998773       1.4023440134553393        503
  67.704888      36.033131      -0.0000000000000000       0.0000000000000000        301
  70.852177      36.577305      -0.0000000000000000       0.0000000000000000          0
  74.023254      37.115285      -0.0000000000000000       0.0000000000000000          0
  77.218870      37.645369      -0.0000000000000000       0.0000000000000000          0
  80.439690      38.165840      -0.0000000000000000       0.0000000000000000          0
  83.686269      38.674971      -0.0000000000000000       0.0000000000000000          0
  86.959045      39.171031      -3.4955253419768932       1.6732553213918617        501
  90.258320      39.652289      -3.5722076594092766       1.7761084063110588        501
  93.584243      40.117024      -3.6375233130120446       1.8860294925601087        501
  96.936794      40.563531      -0.0000000000000000       0.0000000000000000          0
  100.315773      40.990131      -0.0000000000000000       0.0000000000000000          0
  103.720781      41.395181       2.1965416866891347      -1.3520086214771232        457
  107.151214      41.777082       0.9972788954003746      -0.6660059496118328          0
  110.606252      42.134291       0.7776007177043179      -0.5938740128287893          0
  114.084849      42.465333       0.7761199037213796      -0.6313576922732960          0
  117.585735      42.768810       0.7760347815076102      -0.6698256738062483          0
  121.107415      43.043418       0.7755785131733914      -0.7077341122017076          0
  124.648174      43.287953       0.7886196377031747      -0.7438848736571802          0
  128.206084      43.501324       0.8046781584230072      -0.7777560463593001          0
  26.132036      26.084796      -1.1959589154663435       0.2510322903359844        715
  29.064744      26.555994      -1.2159517754501463       0.2737573175685183        715
  32.006823      27.041388      -1.2328081613505284       0.2977716882629246        715
  34.959095      27.539743      -1.2464561435192147       0.3230801883761850        715
  37.922412      28.049782      -1.2568279257693487       0.3496773146337793        715
  40.897653      28.570182      -0.0000000000000000       0.0000000000000000          0
  43.885720      29.099580      -0.0000000000000000       0.0000000000000000          0
  46.887534      29.636574      -0.0000000000000000       0.0000000000000000          0
  49.904028      30.179722      -0.0000000000000000       0.0000000000000000          0
  52.936144      30.727546      -0.0000000000000000       0.0000000000000000        505
  55.984821      31.278534      -0.0000000000000000       0.0000000000000000        505
  59.050992      31.831137      -0.0000000000000000       0.0000000000000000        505
  62.135572      32.383779      -0.0000000000000000       0.0000000000000000      50601
  65.239451      32.934854      -0.0000000000000000       0.0000000000000000      50601
  68.363481      33.482730      -0.0000000000000000       0.0000000000000000      50601
  71.508468      34.025751      -0.0000000000000000       0.0000000000000000          0
  74.675157      34.562243      -0.0000000000000000       0.0000000000000000          0
  77.864221      35.090516      -0.0000000000000000       0.0000000000000000          0
  81.076250      35.608870      -0.0000000000000000       0.0000000000000000          0
  84.311731      36.115598      -0.0000000000000000       0.0000000000000000          0
  87.571040      36.608994      -3.5106328821545842       1.8374668257768629        501
  90.854426      37.087357      -3.5848061978201473       1.9341231040703948        501
  94.161997      37.549000      -3.6476258149114344       2.0374976264658939        501
  97.493706      37.992258      -0.0000000000000000       0.0000000000000000          0
  100.849342      38.415493      -0.0000000000000000       0.0000000000000000          0
  104.228513      38.817107       1.5171298017432546      -0.6323153058848627          0
  107.630645      39.195550       1.1411406518685783      -0.4558959876037560          0
  111.054966      39.549330       1.0902430346247771      -0.4770642078282742          0
  114.500508      39.877022       1.0348311759118920      -0.5341283552458028          0
  117.966101      40.177282       0.9796057670446101      -0.5885438809797527          0
  121.450378      40.448856       0.9426095615693004      -0.6357162610575817          0
  124.951780      40.690589       0.9279617979153105      -0.6737839656850769          0
  128.468561      40.901438       0.9314628031081542      -0.7049345354783275          0
  26.625558      23.516423      -1.1995441109864935       0.2814281413557964        715
  29.575872      23.990137      -1.2191116654826839       0.3020235119780764        715
  32.534483      24.477910      -1.2354887988793808       0.3238830522482910        715
  35.502157      24.978479      -1.2486073005497920       0.3470153091888279        715
  38.479691      25.490542      -1.2584036410864030       0.3714182987553533        715
  41.467907      26.012752      -0.0000000000000000       0.0000000000000000          0
  44.467648      26.543724      -0.0000000000000000       0.0000000000000000          0
  47.479775      27.082036      -0.0000000000000000       0.0000000000000000          0
  50.505159      27.626227      -0.0000000000000000       0.0000000000000000          0
  53.544676      28.174803      -0.0000000000000000       0.0000000000000000          0
  56.599200      28.726239      -0.0000000000000000       0.0000000000000000        505
  59.669597      29.278978      -0.0000000000000000       0.0000000000000000        505
  62.756714      29.831436      -0.0000000000000000       0.0000000000000000      50601
  65.861372      30.382002      -0.0000000000000000       0.0000000000000000      50601
  68.984354      30.929044      -0.0000000000000000       0.0000000000000000          0
  72.126397      31.470913      -0.0000000000000000       0.0000000000000000          0
  75.288182      32.005942      -0.0000000000000000       0.0000000000000000          0
  78.470318      32.532452      -0.0000000000000000       0.0000000000000000          0
  81.673333      33.048760      -0.0000000000000000       0.0000000000000000          0
  84.897662      33.553179      -0.0000000000000000       0.0000000000000000          0
  88.143634      34.044029      -0.0000000000000000       0.0000000000000000          0
  91.411461      34.519637      -3.5962283100515222       2.0844254747608417        501
  94.701222      34.978350      -3.6567200255628647       2.1810343501060698        501
  98.012857      35.418537      -0.0000000000000000       0.0000000000000000          0
  101.346152      35.838602       1.4624785980762329      -0.2109643365236640        602
  104.700734      36.236989       1.4702349514039672      -0.3747739601677631          0
  108.076061      36.612193       1.4149709577953933      -0.3152394092697682          0
  111.471416      36.962767       1.3817049420902574      -0.3680370631119474          0
  114.885905      37.287336       1.2718906288647720      -0.4429641315359446          0
  118.318457      37.584601       1.1622401324951759      -0.5130453678833071          0
  121.767824      37.853355       1.0947136643449238      -0.5671113673914150          0
  125.232587      38.092489       1.0592623343771801      -0.6084346621174133          0
  128.711167      38.301001       1.0422900932881074      -0.6429953640423960          0
  27.100177      20.946554      -1.2029080390980980       0.3102940572593606        715
  30.067007      21.422653      -1.2220565525557379       0.3286639698623334        715
  33.041056      21.912672      -1.2379637239309096       0.3482732262517157        715
  36.023040      22.415325      -1.2505652135958132       0.3691345968951947        715
  39.013706      22.929284      -1.2598018815774796       0.3912500944775629        715
  42.013822      23.453180      -0.0000000000000000       0.0000000000000000          0
  45.024180      23.985608      -0.0000000000000000       0.0000000000000000          0
  48.045586      24.525126      -0.0000000000000000       0.0000000000000000          0
  51.078855      25.070258      -0.0000000000000000       0.0000000000000000          0
  54.124808      25.619496      -0.0000000000000000       0.0000000000000000          0
  57.184261      26.171301      -0.0000000000000000       0.0000000000000000      50602
  60.258021      26.724109      -0.0000000000000000       0.0000000000000000      50602
  63.346877      27.276331      -0.0000000000000000       0.0000000000000000      50602
  66.451591      27.826354      -0.0000000000000000       0.0000000000000000      50601
  69.572890      28.372547      -0.0000000000000000       0.0000000000000000          0
  72.711454      28.913266      -0.0000000000000000       0.0000000000000000          0
  75.867907      29.446853      -0.0000000000000000       0.0000000000000000          0
  79.042809      29.971642      -0.0000000000000000       0.0000000000000000          0
  82.236642      30.485966      -0.0000000000000000       0.0000000000000000          0
  85.449798      30.988160      -0.0000000000000000       0.0000000000000000          0
  88.682571      31.476566      -0.0000000000000000       0.0000000000000000          0
  91.935148      31.949540      -3.6066566274504361       2.2270246223298997        501
  95.207590      32.405461      -3.6649652192402424       2.3166735417099140        502
  98.499833      32.842732      -0.0000000000000000       0.0000000000000000          0
  101.811671      33.259796       1.5743009211923784      -0.3625973675204525          0
  105.142753      33.655135       1.4345418232037015      -0.2678506422444269          0
  108.492574      34.027286       1.4017737675240449      -0.3121789573106022          0
  111.860476      34.374846       1.3710383483747997      -0.3562267126291382          0
  115.245636      34.696483       1.3391783469568099      -0.4013402148975221          0
  118.647076      34.990943       1.3030786118562294      -0.4485998954854654          0
  122.063660      35.257060       1.2279670313873701      -0.5037398335591050          0
  125.494102      35.493767       1.1704176019731620      -0.5496167015716922          0
  128.936971      35.700100       1.1253832081312214      -0.5897669079703327          0
  27.558758      18.375417      -1.2060798998280235       0.3376163466847519        715
  30.541155      18.853787      -1.2248143974675039       0.3536738983106103        715
  33.529689      19.345939      -1.2402593107260200       0.3709464761589089        715
  36.525031      19.850562      -1.2523543113213442       0.3894514942906125        715
  39.527880      20.366306      -1.2610447605376223       0.4091953926436457        715
  42.538959      20.891782      -1.2662817603131462       0.4301728849547400        715
  45.559011      21.425563      -0.0000000000000000       0.0000000000000000          0
  48.588793      21.966192      -1.7869970533695718       1.1037963886954221        710
  51.629072      22.512175      -2.1496280844865181       1.0687635686798427        710
  54.680620      23.061994      -0.0000000000000000       0.0000000000000000          0
  57.744202      23.614099      -0.0000000000000000       0.0000000000000000      50602
  60.820576      24.166920      -0.0000000000000000       0.0000000000000000      50602
  63.910481      24.718861      -0.0000000000000000       0.0000000000000000      50602
  67.014629      25.268311      -0.0000000000000000       0.0000000000000000          0
  70.133698      25.813642      -0.0000000000000000       0.0000000000000000          0
  73.268323      26.353213      -0.0000000000000000       0.0000000000000000          0
  76.419084      26.885377      -0.0000000000000000       0.0000000000000000          0
  79.586500      27.408481      -0.0000000000000000       0.0000000000000000          0
  82.771014      27.920876      -0.0000000000000000       0.0000000000000000          0
  85.972990      28.420915      -0.0000000000000000       0.0000000000000000          0
  89.192697      28.906966      -0.0000000000000000       0.0000000000000000          0
  92.430302      29.377411      -0.0000000000000000       0.0000000000000000          0
  95.685863      29.830659      -3.6724900794815922       2.4444101505550049        502
  98.959315      30.265148       1.5511862626625776      -0.2692138967321178        603
  102.250467      30.679354       1.4722041821333050      -0.2602850168589140          0
  105.558997      31.071798       1.4251061736656787      -0.2760770850544542          0
  108.884440      31.441057       1.3916902724518210      -0.3074101757557180          0
  112.226193      31.785768       1.3613293214769540      -0.3433892018708885          0
  115.583507      32.104638       1.3298507912993893      -0.3825421167506761          0
  118.955492      32.396454       1.2948997449957349      -0.4243660690274518          0
  122.341117      32.660090       1.2516045158569591      -0.4685127827508446          0
  125.739216      32.894516       1.2013432128801982      -0.5107304511559566          0
  129.148498      33.098803       1.1474371386754061      -0.5519361669109982          0
  28.003858      15.803214      -1.2090846215513111       0.3633766736490989        701
  31.000991      16.283757      -1.2274088802426781       0.3770434206572056        715
  34.003175      16.777944      -1.2423976884100862       0.3919015318712006        715
  37.011040      17.284440      -1.2539948624743307       0.4079734445203604        715
  40.025240      17.801873      -1.2621503706405617       0.4252704115750248        715
  43.046458      18.328834      -0.0000000000000000       0.0000000000000000          0
  46.075391      18.863879      -0.0000000000000000       0.0000000000000000          0
  49.112757      19.405533      -0.0000000000000000       0.0000000000000000          0
  52.159277      19.952291      -0.0000000000000000       0.0000000000000000          0
  55.215680      20.502621      -0.0000000000000000       0.0000000000000000          0
  58.282689      21.054966      -0.0000000000000000       0.0000000000000000          0
  61.361019      21.607748      -0.0000000000000000       0.0000000000000000          0
  64.451366      22.159371      -0.0000000000000000       0.0000000000000000          0
  67.554402      22.708221      -0.0000000000000000       0.0000000000000000          0
  70.670764      23.252676      -0.0000000000000000       0.0000000000000000          0
  73.801050      23.791100      -0.0000000000000000       0.0000000000000000          0
  76.945804      24.321857      -0.0000000000000000       0.0000000000000000          0
  80.105512      24.843308      -0.0000000000000000       0.0000000000000000          0
  83.280593      25.353819      -0.0000000000000000       0.0000000000000000          0
  86.471385      25.851765      -0.0000000000000000       0.0000000000000000          0
  89.678142      26.335537      -0.0000000000000000       0.0000000000000000          0
  92.901023      26.803543      -0.0000000000000000       0.0000000000000000          0
  96.140083      27.254222       1.5676316407104103      -0.2192934929627000        603
  99.395268      27.686042       1.5483068916763330      -0.2620804688767360        603
  102.666405      28.097514       1.4657205050136946      -0.2681633595515188          0
  105.953202      28.487196       1.4155683481462566      -0.2767208562487531          0
  109.255240      28.853700       1.3836323332748011      -0.2990305499001377          0
  112.571970      29.195701       1.3549669567262468      -0.3281453768659284          0
  115.902714      29.511945       1.3246166145471037      -0.3620588323535266          0
  119.246666      29.801256       1.2902049652804706      -0.3996068106107873          0
  122.602894      30.062544       1.2473334318644727      -0.4404825479029101          0
  125.970346      30.294814       1.1985164010324114      -0.4801301574146588          0
  129.347856      30.497170      -7.0594602120667744       0.9553553511840462        801
  28.437778      13.230128      -1.2119436423154424       0.3875530470905934        701
  31.448922      13.712760      -1.2298601824986930       0.3987586507340680        701
  34.464025      14.208896      -1.2443975179156073       0.4111327519230413        715
  37.483677      14.717179      -1.2555037399399913       0.4247031515632539        715
  40.508495      15.236218      -1.2631335270364092       0.4394862586566276        715
  43.539122      15.764583      -0.0000000000000000       0.0000000000000000          0
  46.576219      16.300814      -1.2353955771572835       1.0238671654880505        709
  49.620463      16.843420      -1.2000449773213482       1.0459813386407395        709
  52.672541      17.390884      -1.1612034694901867       1.0686732071941776        709
  55.733142      17.941663      -1.1189455766395335       1.0918310046701467        709
  58.802953      18.494194      -0.0000000000000000       0.0000000000000000          0
  61.882653      19.046892      -0.0000000000000000       0.0000000000000000          0
  64.972903      19.598161      -0.0000000000000000       0.0000000000000000          0
  68.074340      20.146387      -0.0000000000000000       0.0000000000000000          0
  71.187569      20.689952      -0.0000000000000000       0.0000000000000000          0
  74.313157      21.227229      -0.0000000000000000       0.0000000000000000          0
  77.451622      21.756592      -0.0000000000000000       0.0000000000000000          0
  80.603425      22.276415      -0.0000000000000000       0.0000000000000000          0
  83.768964      22.785081      -0.0000000000000000       0.0000000000000000          0
  86.948564      23.280986      -0.0000000000000000       0.0000000000000000          0
  90.142468      23.762543      -0.0000000000000000       0.0000000000000000          0
  93.350832      24.228188      -0.0000000000000000       0.0000000000000000          0
  96.573718      24.676384       1.5653481812545169      -0.2141374426793077        603
  99.811084      25.105634      -0.0000000000000000       0.0000000000000000          0
  103.062782      25.514479       1.4594116062483300      -0.2378613306537158      60401
  106.328553      25.901512       1.4035744337018914      -0.2721232309855521          0
  109.608021      26.265378       1.3774664343020007      -0.2861713765994303          0
  112.900694      26.604790       1.3526205701860843      -0.3095116121801191          0
  116.205964      26.918528       1.3241752380795393      -0.3391556142557680          0
  119.523103      27.205452       1.2892001397716752      -0.3741790291318060          0
  122.851275      27.464506       1.2462153852367470      -0.4121116808993878          0
  126.189530      27.694727      -0.0000000000000000       0.0000000000000000          0
  129.536821      27.895249      -7.0613265605573829       1.0212362060340079        801
  28.862625      10.656325      -1.2146755291554852       0.4101206147142976        701
  31.887143      11.140974      -1.2321856032926901       0.4188025526439956        701
  34.914520      11.638986      -1.2462745989233075       0.4286310536269851        701
  37.945309      12.148984      -1.2568950128337824       0.4396395849976476        712
  40.980094      12.669555      -0.0000000000000000       0.0000000000000000          0
  44.019482      13.199252      -1.2623950539886484       0.9901667620211605        709
  47.064101      13.736600      -1.2299622964317105       1.0092324933711623        709
  50.114595      14.280093      -1.1939847219770681       1.0290489511830139        709
  53.171617      14.828201      -1.1545356629317451       1.0495216841589292        709
  56.235826      15.379375      -1.1116964482080169       1.0705432640019716        709
  59.307877      15.932042      -0.0000000000000000       0.0000000000000000          0
  62.388419      16.484616      -0.0000000000000000       0.0000000000000000          0
  65.478083      17.035497      -0.0000000000000000       0.0000000000000000          0
  68.577480      17.583077      -0.0000000000000000       0.0000000000000000          0
  71.687188      18.125739      -0.0000000000000000       0.0000000000000000          0
  74.807751      18.661867      -0.0000000000000000       0.0000000000000000          0
  77.939665      19.189843      -0.0000000000000000       0.0000000000000000          0
  81.083375      19.708058      -0.0000000000000000       0.0000000000000000          0
  84.239265      20.214912      -0.0000000000000000       0.0000000000000000          0
  87.407650      20.708820      -0.0000000000000000       0.0000000000000000          0
  90.588772      21.188216      -0.0000000000000000       0.0000000000000000          0
  93.782789      21.651563      -0.0000000000000000       0.0000000000000000          0
  96.989773      22.097353       1.5630730104123667      -0.2073864472561504        603
  100.209699      22.524115       1.5063069827133813      -0.1586061261852609      60301
  103.442447      22.930423       1.4528957602403758      -0.1976149367128085        604
  106.687791      23.314902       1.3946255902415927      -0.2361756022653818      60405
  109.945403      23.676232       1.3767024264646095      -0.2641985952745583          0
  113.214846      24.013157       1.3571557438083912      -0.2854259664810207          0
  116.495577      24.324492       1.3296696943547484      -0.3133641646392988          0
  119.786948      24.609131       1.2889577518911448      -0.3478460450727378        612
  123.088208      24.866048      -6.9544005414488250       0.7495067900131566        801
  126.398508      25.094311      -7.0203933599665334       0.9134774368988531        801
  129.716907      25.293083      -7.0630337413156479       1.0826825328799332        801
  29.280344       8.081959      -1.2172964725724864       0.4310522948348686        701
  32.317678       8.568563      -1.2344000467759786       0.4371556238977397        701
  35.356760       9.068389      -1.2480423462298404       0.4443846511041247        712
  38.398111       9.580037      -1.2581804067102915       0.4527787763046186        712
  41.442282      10.102077      -0.0000000000000000       0.0000000000000000          0
  44.489851      10.633045      -1.2576150351290718       0.9749409430165716        709
  47.541415      11.171448      -1.2245604012274032       0.9916039074520132        709
  50.597590      11.715769      -1.1879752169296944       1.0090956822161170        709
  53.659003      12.264469      -1.1479395004486739       1.0273263184958785        709
  56.726283      12.815986      -0.0000000000000000       0.0000000000000000          0
  59.800062      13.368745      -0.0000000000000000       0.0000000000000000          0
  62.880962      13.921156      -0.0000000000000000       0.0000000000000000          0
  65.969593      14.471620      -0.0000000000000000       0.0000000000000000          0
  69.066541      15.018530      -0.0000000000000000       0.0000000000000000          0
  72.172367      15.560275      -0.0000000000000000       0.0000000000000000          0
  75.287596      16.095249      -0.0000000000000000       0.0000000000000000          0
  78.412710      16.621844      -0.0000000000000000       0.0000000000000000          0
  81.548142      17.138466      -0.0000000000000000       0.0000000000000000          0
  84.694268      17.643532      -0.0000000000000000       0.0000000000000000          0
  87.851400      18.135477      -0.0000000000000000       0.0000000000000000          0
  91.019783      18.612758      -0.0000000000000000       0.0000000000000000          0
  94.199581      19.073861      -0.0000000000000000       0.0000000000000000          0
  97.390881      19.517306       1.5608015420382368      -0.1991215946751822        603
  100.593679      19.941650       1.5002106092073584      -0.1207183902544317      60301
  103.807883      20.345499       1.4465638390996669      -0.1560101223256211        604
  107.033307      20.727505       1.3881549800920177      -0.1909599595933821        604
  110.269665      21.086383       1.3251279655964554      -0.2252945102944104      60404
  113.516578      21.420909      -0.0000000000000000       0.0000000000000000          0
  116.773566      21.729929      -0.0000000000000000       0.0000000000000000          0
  120.040055      22.012368      -0.0000000000000000       0.0000000000000000          0
  123.315379      22.267231      -6.9596739312682736       0.8420964602495250        801
  126.598781      22.493614      -7.0236361616809715       0.9884363960747464        801
  129.889421      22.690707      -7.0646036967038741       1.1397193300948114        801
  29.692763       5.507175      -1.2198206837908059       0.4503192712394005        701
  32.742423       5.995682      -1.2365164099566350       0.4537964301384880        712
  35.792706       6.497268      -1.2497121643663547       0.4583796328955752        712
  38.844105       7.010512      -1.2593696611044096       0.4641144421566815        712
  41.897143       7.533966      -1.2829003247558624       0.9435601619865288        709
  44.952368       8.066149      -1.2528321476010800       0.9568140404689767        709
  48.010356       8.605554      -1.2191705031036377       0.9710500406349147        709
  51.071695       9.150652      -1.1819942214336407       0.9861964715936498        709
  54.136990       9.699892      -0.0000000000000000       0.0000000000000000          0
  57.206849      10.251707      -0.0000000000000000       0.0000000000000000          0
  60.281882      10.804517      -0.0000000000000000       0.0000000000000000          0
  63.362692      11.356730      -0.0000000000000000       0.0000000000000000          0
  66.449869      11.906746      -0.0000000000000000       0.0000000000000000          0
  69.543985      12.452962      -0.0000000000000000       0.0000000000000000          0
  72.645586      12.993776      -0.0000000000000000       0.0000000000000000          0
  75.755184      13.527587      -0.0000000000000000       0.0000000000000000          0
  78.873252      14.052803      -0.0000000000000000       0.0000000000000000          0
  82.000217      14.567841      -0.0000000000000000       0.0000000000000000          0
  85.136453      15.071138      -0.0000000000000000       0.0000000000000000          0
  88.282273      15.561147      -0.0000000000000000       0.0000000000000000          0
  91.437927      16.036348      -0.0000000000000000       0.0000000000000000          0
  94.603594      16.495251      -0.0000000000000000       0.0000000000000000          0
  97.779375      16.936402       1.5585285806515516      -0.1894160419736163      60302
  100.965292      17.358387       1.4942464145357468      -0.0816104159220269      60402
  104.161284      17.759839       1.4403844849117551      -0.1131880624947537        604
  107.367202      18.139442       1.3818540105111867      -0.1445342575563508        604
  110.582808      18.495940       1.3935724134475531      -0.2055726060528932        612
  113.807777      18.828140       1.3608822240212810      -0.2335076147144446        612
  117.041691      19.134919      -0.0000000000000000       0.0000000000000000          0
  120.284048      19.415231      -0.0000000000000000       0.0000000000000000          0
  123.534260      19.668110      -6.9646513834324102       0.9303158718240725        801
  126.791658      19.892680      -7.0266781067271502       1.0590019750252073        801
  130.055500      20.088153      -7.0660545854892884       1.1923554125639717        801
  30.101621       2.932109      -1.2222607154350658       0.4678913692769948        701
  33.163177       3.422478      -1.2385458915642527       0.4687020121614767        712
  36.224217       3.925778      -1.2512937417032566       0.4706004025717738        712
  39.285204       4.440572      -1.2604708057473129       0.4736384610283886        713
  42.346638       4.965391      -1.2787034595375431       0.9251185508635488        709
  45.409046       5.498741      -1.2480295551273055       0.9358478228439691        709
  48.472978       6.039100      -0.0000000000000000       0.0000000000000000          0
  51.539006       6.584927      -0.0000000000000000       0.0000000000000000          0
  54.607714       7.134663      -0.0000000000000000       0.0000000000000000          0
  57.679692       7.686734      -0.0000000000000000       0.0000000000000000          0
  60.755535       8.239556      -0.0000000000000000       0.0000000000000000          0
  63.835830       8.791535      -0.0000000000000000       0.0000000000000000          0
  66.921156       9.341074      -0.0000000000000000       0.0000000000000000          0
  70.012072       9.886574      -0.0000000000000000       0.0000000000000000          0
  73.109115      10.426438      -0.0000000000000000       0.0000000000000000          0
  76.212789      10.959077      -0.0000000000000000       0.0000000000000000          0
  79.323564      11.482909      -0.0000000000000000       0.0000000000000000          0
  82.441864      11.996368      -0.0000000000000000       0.0000000000000000          0
  85.568066      12.497907      -0.0000000000000000       0.0000000000000000          0
  88.702489      12.986000      -0.0000000000000000       0.0000000000000000          0
  91.845393      13.459149      -0.0000000000000000       0.0000000000000000          0
  94.996971      13.915887      -0.0000000000000000       0.0000000000000000          0
  98.157347      14.354785       1.5562484116204323      -0.1783364202728143      60302
  101.326569      14.774457      -0.0000000000000000       0.0000000000000000          0
  104.504607      15.173564       1.4343288799149199      -0.0692833472316257      60402
  107.691352      15.550820       1.3756920550573892      -0.0970376036539491        604
  110.886614      15.904997       0.6428085185206156      -9.0063431050517693        669
  114.090119      16.234932      -0.0000000000000000       0.0000000000000000          0
  117.301513      16.539532      -0.0000000000000000       0.0000000000000000          0
  120.520361      16.817778      -6.8872112892406410       0.9083703013829358        801
  123.746151      17.068733      -6.9693730650761321       1.0141129958712753        801
  126.978297      17.291544      -7.0295458552937067       1.1251472740102790        801
  130.216147      17.485449      -7.0674015363450104       1.2405873077792640        801
  30.508600       0.356895      -1.2246277210985455       0.4837373258704775        701
  33.581676       0.849090      -1.2404982375963098       0.4818481799124914        712
  36.653075       1.354067      -1.2527952796434012       0.4810299991760012        712
  39.723239       1.870371      -1.2614903709812537       0.4813412222804337        713
  42.792643       2.396515      -0.0000000000000000       0.0000000000000000          0
  45.861797       2.930988      -0.0000000000000000       0.0000000000000000          0
  48.931233       3.472258      -0.0000000000000000       0.0000000000000000          0
  52.001507       4.018772      -0.0000000000000000       0.0000000000000000          0
  55.073187       4.568963      -0.0000000000000000       0.0000000000000000          0
  58.146851       5.121250      -0.0000000000000000       0.0000000000000000          0
  61.223082       5.674047      -0.0000000000000000       0.0000000000000000          0
  64.302457       6.225759      -0.0000000000000000       0.0000000000000000          0
  67.385546       6.774791      -0.0000000000000000       0.0000000000000000          0
  70.472902       7.319548      -0.0000000000000000       0.0000000000000000          0
  73.565056       7.858443      -0.0000000000000000       0.0000000000000000          0
  76.662511       8.389895      -0.0000000000000000       0.0000000000000000          0
  79.765737       8.912337      -0.0000000000000000       0.0000000000000000          0
  82.875160       9.424216      -0.0000000000000000       0.0000000000000000          0
  85.991163       9.924003      -0.0000000000000000       0.0000000000000000          0
  89.114076      10.410193      -0.0000000000000000       0.0000000000000000          0
  92.244172      10.881307      -0.0000000000000000       0.0000000000000000          0
  95.381663      11.335905      -0.0000000000000000       0.0000000000000000          0
  98.526695      11.772582       1.4850783373109127      -0.0788321449888176        647
  101.679345      12.189978       1.4694290682591102      -0.0976915959994074        647
  104.839619      12.586782       1.4283702078481848      -0.0244249835244626      60402
  108.007446      12.961736       1.3696408303890819      -0.0486040413113363      60402
  111.182684      13.313640      -3.8104696163682541      -6.9737869174753495        667
  114.365111      13.641360      -4.1948385861021782      -7.0109869951233632        670
  117.554432      13.943832       1.3174990138569593      -0.2048288173228886        613
  120.750280      14.220062      -0.0000000000000000       0.0000000000000000          0
  123.952215      14.469141      -6.9738734949845487       1.0934220622340627        801
  127.159731      14.690240      -7.0322621197000110       1.1868337509333755        801
  130.372259      14.882620      -7.0686572258423146       1.2844023238637181        801
  30.915350      -2.218337      -1.2269316653726963       0.4978249615208276        701
  33.999617      -1.724343      -1.2423819350289285       0.4932097031527243        701
  37.081024      -1.217719      -1.2542236682397996       0.4896503089419640        712
  40.159991      -0.699939      -1.2624335434915788       0.4872118610397880        713
  43.236977      -0.172506      -0.0000000000000000       0.0000000000000000          0
  46.312474       0.363054      -0.0000000000000000       0.0000000000000000          0
  49.387002       0.905196      -0.0000000000000000       0.0000000000000000          0
  52.461104       1.452358      -0.0000000000000000       0.0000000000000000          0
  55.535338       2.002964      -0.0000000000000000       0.0000000000000000          0
  58.610273       2.555430      -0.0000000000000000       0.0000000000000000          0
  61.686484       3.108165      -0.0000000000000000       0.0000000000000000          0
  64.764543       3.659576      -0.0000000000000000       0.0000000000000000          0
  67.845016       4.208071      -0.0000000000000000       0.0000000000000000          0
  70.928454       4.752060      -0.0000000000000000       0.0000000000000000          0
  74.015387       5.289964      -0.0000000000000000       0.0000000000000000          0
  77.106320       5.820212      -0.0000000000000000       0.0000000000000000          0
  80.201726       6.341250      -0.0000000000000000       0.0000000000000000          0
  83.302041       6.851543      -0.0000000000000000       0.0000000000000000          0
  86.407656       7.349577      -0.0000000000000000       0.0000000000000000          0
  89.518915       7.833868      -0.0000000000000000       0.0000000000000000          0
  92.636107       8.302960      -0.0000000000000000       0.0000000000000000          0
  95.759466       8.755435       1.4951112574481498      -0.0555290098961718      67352
  98.889164       9.189913       1.4835070227684708      -0.0697755666546204      67301
  102.025308       9.605060       1.4674399521927173      -0.0850283618427234        647
  105.167939       9.999592       1.4469306404973061      -0.1011406583045738      64701
  108.317028      10.372278       1.3636738681245231       0.0006367694360225      60402
  111.472478      10.721947      -6.5414016044456806       0.9182126213055470        774
  114.634122      11.047493       1.3518077332485678      -0.1572898273624674        613
  117.801721      11.347876      -0.0000000000000000       0.0000000000000000          0
  120.974973      11.622132       1.7545171118675242       0.0052537817481220        677
  124.153507      11.869375       2.0583142224885780       0.0078428895527082        677
  127.336893      12.088799      -7.0348463939465500       1.2440139766102245        801
  130.524643      12.279687      -7.0698323253206814       1.3237809697673251        801
  31.323520      -4.793456      -1.2291814928882294       0.5101212583025074        701
  34.418691      -4.297685      -1.2442043619874861       0.5027604041441093        701
  37.509790      -3.789438      -1.2555846162426501       0.4964421751132789        701
  40.597222      -3.270209      -1.2633042750270398       0.4912383872868970        713
  43.681430      -2.741517      -1.2673542710037933       0.4872078269249127        713
  46.762895      -2.204902      -0.0000000000000000       0.0000000000000000          0
  49.842126      -1.661923      -0.0000000000000000       0.0000000000000000          0
  52.919658      -1.114149      -0.0000000000000000       0.0000000000000000          0
  55.996042      -0.563164      -0.0000000000000000       0.0000000000000000          0
  59.071845      -0.010556      -0.0000000000000000       0.0000000000000000          0
  62.147636       0.542082      -0.0000000000000000       0.0000000000000000          0
  65.223988       1.093158      -0.0000000000000000       0.0000000000000000          0
  68.301465       1.641083      -0.0000000000000000       0.0000000000000000          0
  71.380622       2.184275      -0.0000000000000000       0.0000000000000000          0
  74.461992       2.721161      -0.0000000000000000       0.0000000000000000          0
  77.546086       3.250184      -0.0000000000000000       0.0000000000000000          0
  80.633386       3.769802      -0.0000000000000000       0.0000000000000000          0
  83.724338       4.278496      -0.0000000000000000       0.0000000000000000          0
  86.819346       4.774772      -0.0000000000000000       0.0000000000000000          0
  89.918771       5.257162      -0.0000000000000000       0.0000000000000000          0
  93.022924       5.724235      -0.0000000000000000       0.0000000000000000          0
  96.132061       6.174595      -0.0000000000000000       0.0000000000000000          0
  99.246381       6.606887       1.4819003884381585      -0.0597234561802244      67301
  102.366025       7.019803       1.4654287092448748      -0.0713836497347055        647
  105.491069       7.412085       1.4445739418772738      -0.0839252163102617      64701
  108.621527       7.782529      -0.0000000000000000       0.0000000000000000          0
  111.757348       8.129992      -3.5229890399860846      -6.7138505002645896        565
  114.898415       8.453392      -0.0000000000000000       0.0000000000000000          0
  118.044550       8.751719      -0.0000000000000000       0.0000000000000000          0
  121.195511       9.024032      -0.0000000000000000       0.0000000000000000          0
  124.350994       9.269468      -6.9823265231660070       1.2382617983380553        801
  127.510641       9.487248      -7.0373155292414893       1.2966338152350894        801
  130.674041       9.676672      -7.0709358484520521       1.3586988596165643        801
>