>anchorPlateId 301
>reconstructionTime 58
>DeformingMeshPoints.gpml lat_lon_velocity_domain_28_32.gpml
>MeshNode <identity>GPlates-b7a3af0e-8119-4abb-9ae6-39bb7e5702ce</identity> <revision>GPlates-7b04c5e6-7801-49f1-bcc4-23d6f4e5417f</revision>
> reconstructionPlateId 0
> validTime TimePeriod <begin> TimeInstant <timePosition>http://gplates.org/times/distantPast</timePosition></begin> <end> TimeInstant <timePosition>http://gplates.org/times/distantFuture</timePosition></end>
  19.950357      69.503470      -0.0000000000000000       0.0000000000000000        302
  22.461107      69.770789      -0.0000000000000000       0.0000000000000000        302
  24.995838      70.047569      -0.0000000000000000       0.0000000000000000        302
  27.556491      70.333358      -0.0000000000000000       0.0000000000000000        302
  30.145139      70.627678      -0.0000000000000000       0.0000000000000000        302
  32.764003      70.930021      -0.0000000000000000       0.0000000000000000        302
  35.415459      71.239847      -0.0000000000000000       0.0000000000000000        302
  38.102052      71.556585      -0.0000000000000000       0.0000000000000000        302
  40.826506      71.879629      -0.0000000000000000       0.0000000000000000        302
  43.591734      72.208333      -0.0000000000000000       0.0000000000000000        302
  46.400852      72.542014      -0.0000000000000000       0.0000000000000000        302
  49.257183      72.879943      -0.0000000000000000       0.0000000000000000        302
  52.164271      73.221347      -0.0000000000000000       0.0000000000000000        302
  55.125879      73.565401      -0.0000000000000000       0.0000000000000000        373
  58.145999      73.911229      -0.0000000000000000       0.0000000000000000        373
  61.228838      74.257896      -0.0000000000000000       0.0000000000000000        372
  64.378819      74.604405      -0.0000000000000000       0.0000000000000000        372
  67.600554      74.949693      -0.0000000000000000       0.0000000000000000        372
  70.898814      75.292626      -0.0000000000000000       0.0000000000000000        372
  74.278488      75.631999      -0.0000000000000000       0.0000000000000000        404
  77.744516      75.966525      -0.0000000000000000       0.0000000000000000        404
  81.301809      76.294840      -0.0000000000000000       0.0000000000000000        404
  84.955132      76.615494      -0.0000000000000000       0.0000000000000000        404
  88.708972      76.926958      -0.0000000000000000       0.0000000000000000        404
  92.567359      77.227624      -0.0000000000000000       0.0000000000000000        404
  96.533665      77.515807      -0.0000000000000000       0.0000000000000000        404
  100.610364      77.789761      -0.0000000000000000       0.0000000000000000        404
  104.798762      78.047687      -0.0000000000000000       0.0000000000000000        404
  109.098708      78.287757      -0.0000000000000000       0.0000000000000000        401
  113.508305      78.508139      -0.0000000000000000       0.0000000000000000        401
  118.023629      78.707025      -0.0000000000000000       0.0000000000000000          0
  122.638500      78.882674      -0.0000000000000000       0.0000000000000000          0
  127.344323      79.033453      -0.0000000000000000       0.0000000000000000          0
  21.866260      66.994535      -0.0000000000000000       0.0000000000000000        302
  24.470405      67.269259      -0.0000000000000000       0.0000000000000000        302
  27.098309      67.553351      -0.0000000000000000       0.0000000000000000        302
  29.751774      67.846300      -0.0000000000000000       0.0000000000000000        302
  32.432706      68.147563      -0.0000000000000000       0.0000000000000000        302
  35.143124      68.456564      -0.0000000000000000       0.0000000000000000        302
  37.885164      68.772697      -0.0000000000000000       0.0000000000000000        302
  40.661081      69.095318      -0.0000000000000000       0.0000000000000000        302
  43.473256      69.423748      -0.0000000000000000       0.0000000000000000        302
  46.324202      69.757267      -0.0000000000000000       0.0000000000000000        302
  49.216557      70.095116      -0.0000000000000000       0.0000000000000000        302
  52.153092      70.436493      -0.0000000000000000       0.0000000000000000        302
  55.136703      70.780547      -0.0000000000000000       0.0000000000000000        373
  58.170404      71.126383      -0.0000000000000000       0.0000000000000000        372
  61.257320      71.473052      -0.0000000000000000       0.0000000000000000        372
  64.400669      71.819556      -0.0000000000000000       0.0000000000000000        372
  67.603737      72.164836      -0.0000000000000000       0.0000000000000000        372
  70.869854      72.507782      -0.0000000000000000       0.0000000000000000        372
  74.202347      72.847219      -0.0000000000000000       0.0000000000000000        401
  77.604497      73.181916      -0.0000000000000000       0.0000000000000000        401
  81.079472      73.510581      -0.0000000000000000       0.0000000000000000        401
  84.630254      73.831860      -0.0000000000000000       0.0000000000000000        401
  88.259546      74.144345      -0.0000000000000000       0.0000000000000000        404
  91.969671      74.446574      -0.0000000000000000       0.0000000000000000        401
  95.762447      74.737037      -0.0000000000000000       0.0000000000000000        401
  99.639058      75.014187      -0.0000000000000000       0.0000000000000000        401
  103.599908      75.276451      -0.0000000000000000       0.0000000000000000        401
  107.644473      75.522244      -0.0000000000000000       0.0000000000000000        401
  111.771157      75.749989      -0.0000000000000000       0.0000000000000000        401
  115.977154      75.958138      -0.0000000000000000       0.0000000000000000        401
  120.258340      76.145197      -0.0000000000000000       0.0000000000000000          0
  124.609192      76.309753      -0.0000000000000000       0.0000000000000000          0
  129.022761      76.450509      -0.0000000000000000       0.0000000000000000          0
  23.422550      64.466873      -0.0000000000000000       0.0000000000000000        302
  26.098870      64.747368      -0.0000000000000000       0.0000000000000000        302
  28.798163      65.037113      -0.0000000000000000       0.0000000000000000        302
  31.522075      65.335543      -0.0000000000000000       0.0000000000000000        302
  34.272331      65.642062      -0.0000000000000000       0.0000000000000000        302
  37.050739      65.956040      -0.0000000000000000       0.0000000000000000        302
  39.859189      66.276814      -0.0000000000000000       0.0000000000000000        302
  42.699658      66.603684      -0.0000000000000000       0.0000000000000000        302
  45.574207      66.935914      -0.0000000000000000       0.0000000000000000        302
  48.484979      67.272727      -0.0000000000000000       0.0000000000000000        302
  51.434197      67.613307      -0.0000000000000000       0.0000000000000000        302
  54.424157      67.956798      -0.0000000000000000       0.0000000000000000        302
  57.457218      68.302298      -0.0000000000000000       0.0000000000000000        302
  60.535796      68.648861      -0.0000000000000000       0.0000000000000000        302
  63.662340      68.995495      -0.0000000000000000       0.0000000000000000        302
  66.839319      69.341161      -0.0000000000000000       0.0000000000000000        372
  70.069195      69.684772      -0.0000000000000000       0.0000000000000000        372
  73.354391      70.025191      -0.0000000000000000       0.0000000000000000        401
  76.697251      70.361236      -0.0000000000000000       0.0000000000000000        401
  80.100004      70.691673      -0.0000000000000000       0.0000000000000000        401
  83.564699      71.015228      -0.0000000000000000       0.0000000000000000        401
  87.093156      71.330579      -0.0000000000000000       0.0000000000000000        401
  90.686889      71.636369      -0.0000000000000000       0.0000000000000000        401
  94.347037      71.931208      -0.0000000000000000       0.0000000000000000        401
  98.074278      72.213680      -0.0000000000000000       0.0000000000000000        401
  101.868744      72.482356      -0.0000000000000000       0.0000000000000000        401
  105.729935      72.735801      -0.0000000000000000       0.0000000000000000        401
  109.656632      72.972593      -0.0000000000000000       0.0000000000000000        401
  113.646821      73.191336      -0.0000000000000000       0.0000000000000000        401
  117.697627      73.390679      -0.0000000000000000       0.0000000000000000          0
  121.805269      73.569335      -0.0000000000000000       0.0000000000000000          0
  125.965033      73.726106      -0.0000000000000000       0.0000000000000000          0
  130.171286      73.859900      -0.0000000000000000       0.0000000000000000          0
  24.714902      61.925555      -0.0000000000000000       0.0000000000000000        302
  27.448471      62.210674      -0.0000000000000000       0.0000000000000000        302
  30.203950      62.504914      -0.0000000000000000       0.0000000000000000        302
  32.982828      62.807665      -0.0000000000000000       0.0000000000000000        302
  35.786657      63.118288      -0.0000000000000000       0.0000000000000000        302
  38.617047      63.436106      -0.0000000000000000       0.0000000000000000        302
  41.475666      63.760412      -0.0000000000000000       0.0000000000000000        302
  44.364241      64.090459      -0.0000000000000000       0.0000000000000000        302
  47.284553      64.425466      -0.0000000000000000       0.0000000000000000        302
  50.238433      64.764613      -0.0000000000000000       0.0000000000000000        302
  53.227754      65.107042      -0.0000000000000000       0.0000000000000000        302
  56.254426      65.451855      -0.0000000000000000       0.0000000000000000        302
  59.320383      65.798115      -0.0000000000000000       0.0000000000000000        302
  62.427571      66.144843      -0.0000000000000000       0.0000000000000000        302
  65.577928      66.491017      -0.0000000000000000       0.0000000000000000        390
  68.773370      66.835577      -0.0000000000000000       0.0000000000000000        468
  72.015761      67.177420      -0.0000000000000000       0.0000000000000000        401
  75.306887      67.515403      -0.0000000000000000       0.0000000000000000        401
  78.648425      67.848344      -0.0000000000000000       0.0000000000000000        401
  82.041902      68.175023      -0.0000000000000000       0.0000000000000000        401
  85.488655      68.494189      -0.0000000000000000       0.0000000000000000        401
  88.989783      68.804560      -0.0000000000000000       0.0000000000000000        401
  92.546098      69.104829      -0.0000000000000000       0.0000000000000000        401
  96.158067      69.393673      -0.0000000000000000       0.0000000000000000        401
  99.825759      69.669758      -0.0000000000000000       0.0000000000000000        401
  103.548788      69.931750      -0.0000000000000000       0.0000000000000000        401
  107.326258      70.178326      -0.0000000000000000       0.0000000000000000        401
  111.156711      70.408187      -0.0000000000000000       0.0000000000000000        401
  115.038085      70.620071      -0.0000000000000000       0.0000000000000000        401
  118.967682      70.812770      -0.0000000000000000       0.0000000000000000        401
  122.942148      70.985144      -0.0000000000000000       0.0000000000000000        401
  126.957475      71.136139      -0.0000000000000000       0.0000000000000000        401
  131.009013      71.264806      -0.0000000000000000       0.0000000000000000          0
  25.808340      59.373994      -0.0000000000000000       0.0000000000000000        302
  28.588352      59.662904      -0.0000000000000000       0.0000000000000000        302
  31.389083      59.960804      -0.0000000000000000       0.0000000000000000        302
  34.211880      60.267048      -0.0000000000000000       0.0000000000000000        302
  37.058134      60.580958      -0.0000000000000000       0.0000000000000000        302
  39.929280      60.901821      -0.0000000000000000       0.0000000000000000        302
  42.826791      61.228889      -0.0000000000000000       0.0000000000000000        302
  45.752178      61.561381      -0.0000000000000000       0.0000000000000000        302
  48.706985      61.898479      -0.0000000000000000       0.0000000000000000        302
  51.692781      62.239329      -0.0000000000000000       0.0000000000000000        302
  54.711155      62.583041      -0.0000000000000000       0.0000000000000000        302
  57.763708      62.928687      -0.0000000000000000       0.0000000000000000        302
  60.852036      63.275303      -0.0000000000000000       0.0000000000000000        390
  63.977722      63.621888      -0.0000000000000000       0.0000000000000000        390
  67.142319      63.967402      -0.0000000000000000       0.0000000000000000        468
  70.347329      64.310773      -0.0000000000000000       0.0000000000000000        401
  73.594183      64.650892      -0.0000000000000000       0.0000000000000000        401
  76.884216      64.986615      -0.0000000000000000       0.0000000000000000        401
  80.218639      65.316771      -0.0000000000000000       0.0000000000000000        401
  83.598510      65.640159      -0.0000000000000000       0.0000000000000000        401
  87.024697      65.955553      -0.0000000000000000       0.0000000000000000        401
  90.497843      66.261708      -0.0000000000000000       0.0000000000000000        401
  94.018330      66.557367      -0.0000000000000000       0.0000000000000000        401
  97.586238      66.841263      -0.0000000000000000       0.0000000000000000        401
  101.201304      67.112133      -0.0000000000000000       0.0000000000000000        401
  104.862887      67.368722      -0.0000000000000000       0.0000000000000000        401
  108.569930      67.609795      -0.0000000000000000       0.0000000000000000        401
  112.320930      67.834150      -0.0000000000000000       0.0000000000000000        401
  116.113913      68.040628      -0.0000000000000000       0.0000000000000000        401
  119.946420      68.228126      -0.0000000000000000       0.0000000000000000        401
  123.815497      68.395614      -0.0000000000000000       0.0000000000000000        401
  127.717707      68.542144      -0.0000000000000000       0.0000000000000000      43102
  131.649146      68.666865      -0.0000000000000000       0.0000000000000000      43101
  26.748477      56.814568      -0.0000000000000000       0.0000000000000000        302
  29.566902      57.106647      -0.0000000000000000       0.0000000000000000        302
  32.404814      57.407589      -0.0000000000000000       0.0000000000000000        302
  35.263430      57.716716      -0.0000000000000000       0.0000000000000000        302
  38.144000      58.033318      -0.0000000000000000       0.0000000000000000        302
  41.047803      58.356648      -0.0000000000000000       0.0000000000000000        302
  43.976144      58.685930      -0.0000000000000000       0.0000000000000000        302
  46.930350      59.020351      -0.0000000000000000       0.0000000000000000        302
  49.911766      59.359063      -0.0000000000000000       0.0000000000000000        302
  52.921746      59.701187      -0.0000000000000000       0.0000000000000000        302
  55.961647      60.045805      -0.0000000000000000       0.0000000000000000        302
  59.032819      60.391969      -0.0000000000000000       0.0000000000000000        302
  62.136594      60.738696      -0.0000000000000000       0.0000000000000000        390
  65.274274      61.084967      -0.0000000000000000       0.0000000000000000        468
  68.447115      61.429735      -0.0000000000000000       0.0000000000000000        468
  71.656311      61.771919      -0.0000000000000000       0.0000000000000000        401
  74.902973      62.110410      -0.0000000000000000       0.0000000000000000        401
  78.188113      62.444070      -0.0000000000000000       0.0000000000000000        401
  81.512613      62.771740      -0.0000000000000000       0.0000000000000000        401
  84.877206      63.092239      -0.0000000000000000       0.0000000000000000        401
  88.282448      63.404367      -0.0000000000000000       0.0000000000000000        401
  91.728687      63.706916      -0.0000000000000000       0.0000000000000000        401
  95.216039      63.998669      -0.0000000000000000       0.0000000000000000        401
  98.744353      64.278413      -0.0000000000000000       0.0000000000000000        401
  102.313187      64.544942      -0.0000000000000000       0.0000000000000000        401
  105.921783      64.797067      -0.0000000000000000       0.0000000000000000        401
  109.569038      65.033625      -0.0000000000000000       0.0000000000000000        401
  113.253488      65.253491      -0.0000000000000000       0.0000000000000000        401
  116.973294      65.455587      -0.0000000000000000       0.0000000000000000        401
  120.726234      65.638894      -0.0000000000000000       0.0000000000000000        401
  124.509705      65.802462      -0.0000000000000000       0.0000000000000000        401
  128.320730      65.945424      -0.0000000000000000       0.0000000000000000      43102
  132.155979      66.067005      -0.0000000000000000       0.0000000000000000      43101
  27.568193      54.248980      -0.0000000000000000       0.0000000000000000        302
  30.418933      54.543753      -0.0000000000000000       0.0000000000000000        302
  33.287930      54.847268      -0.0000000000000000       0.0000000000000000        302
  36.176286      55.158818      -0.0000000000000000       0.0000000000000000        302
  39.085126      55.477665      -0.0000000000000000       0.0000000000000000        302
  42.015595      55.803037      -0.0000000000000000       0.0000000000000000        302
  44.968853      56.134128      -0.0000000000000000       0.0000000000000000        302
  47.946071      56.470102      -0.0000000000000000       0.0000000000000000        302
  50.948426      56.810088      -0.0000000000000000       0.0000000000000000        302
  53.977094      57.153182      -0.0000000000000000       0.0000000000000000        302
  57.033242      57.498450      -0.0000000000000000       0.0000000000000000        302
  60.118021      57.844925      -0.0000000000000000       0.0000000000000000        390
  63.232551      58.191609      -0.0000000000000000       0.0000000000000000        390
  66.377915      58.537476      -0.0000000000000000       0.0000000000000000        468
  69.555139      58.881469      -0.0000000000000000       0.0000000000000000        468
  72.765183      59.222506      -0.0000000000000000       0.0000000000000000        401
  76.008923      59.559481      -0.0000000000000000       0.0000000000000000        401
  79.287128      59.891266      -0.0000000000000000       0.0000000000000000        401
  82.600450      60.216713      -0.0000000000000000       0.0000000000000000        401
  85.949393      60.534661      -0.0000000000000000       0.0000000000000000        401
  89.334301      60.843937      -0.0000000000000000       0.0000000000000000        401
  92.755327      61.143364      -0.0000000000000000       0.0000000000000000        401
  96.212420      61.431764      -0.0000000000000000       0.0000000000000000        401
  99.705294      61.707968      -0.0000000000000000       0.0000000000000000        401
  103.233416      61.970820      -0.0000000000000000       0.0000000000000000        401
  106.795981      62.219186      -0.0000000000000000       0.0000000000000000        401
  110.391898      62.451964      -0.0000000000000000       0.0000000000000000        401
  114.019780      62.668091      -0.0000000000000000       0.0000000000000000        401
  117.677932      62.866553      -0.0000000000000000       0.0000000000000000        401
  121.364353      63.046398      -0.0000000000000000       0.0000000000000000        401
  125.076736      63.206741      -0.0000000000000000       0.0000000000000000        401
  128.812481      63.346777      -0.0000000000000000       0.0000000000000000        401
  132.568709      63.465791      -0.0000000000000000       0.0000000000000000        401
  28.291765      51.678483      -0.0000000000000000       0.0000000000000000        302
  31.170096      51.975581      -0.0000000000000000       0.0000000000000000        302
  34.065480      52.281305      -0.0000000000000000       0.0000000000000000        302
  36.978919      52.594924      -0.0000000000000000       0.0000000000000000        302
  39.911428      52.915675      -0.0000000000000000       0.0000000000000000        302
  42.864033      53.242763      -0.0000000000000000       0.0000000000000000        302
  45.837771      53.575360      -0.0000000000000000       0.0000000000000000        302
  48.833681      53.912607      -0.0000000000000000       0.0000000000000000        302
  51.852798      54.253615      -0.0000000000000000       0.0000000000000000        302
  54.896151      54.597463      -0.0000000000000000       0.0000000000000000        302
  57.964752      54.943199      -0.0000000000000000       0.0000000000000000        302
  61.059587      55.289844      -0.0000000000000000       0.0000000000000000        390
  64.181609      55.636391      -0.0000000000000000       0.0000000000000000        468
  67.331726      55.981804      -0.0000000000000000       0.0000000000000000        468
  70.510787      56.325025      -0.0000000000000000       0.0000000000000000        468
  73.719573      56.664972      -0.0000000000000000       0.0000000000000000        401
  76.958778      57.000544      -0.0000000000000000       0.0000000000000000        401
  80.228998      57.330621      -0.0000000000000000       0.0000000000000000        401
  83.530711      57.654071      -0.0000000000000000       0.0000000000000000        401
  86.864263      57.969750      -0.0000000000000000       0.0000000000000000        401
  90.229849      58.276511      -0.0000000000000000       0.0000000000000000        401
  93.627497      58.573205      -0.0000000000000000       0.0000000000000000        401
  97.057047      58.858690      -0.0000000000000000       0.0000000000000000        401
  100.518139      59.131833      -0.0000000000000000       0.0000000000000000        401
  104.010196      59.391523      -0.0000000000000000       0.0000000000000000        401
  107.532410      59.636672      -0.0000000000000000       0.0000000000000000        401
  111.083731      59.866228      -0.0000000000000000       0.0000000000000000        401
  114.662860      60.079182      -0.0000000000000000       0.0000000000000000        401
  118.268246      60.274572      -0.0000000000000000       0.0000000000000000        401
  121.898082      60.451500      -0.0000000000000000       0.0000000000000000        401
  125.550315      60.609134      -0.0000000000000000       0.0000000000000000        401
  129.222655      60.746720      -0.0000000000000000       0.0000000000000000        401
  132.912587      60.863587      -0.0000000000000000       0.0000000000000000        401
  28.937501      49.104019      -0.0000000000000000       0.0000000000000000        302
  31.839700      49.403149      -0.0000000000000000       0.0000000000000000        302
  34.757789      49.710796      -0.0000000000000000       0.0000000000000000        302
  37.692677      50.026205      -0.0000000000000000       0.0000000000000000        302
  40.645283      50.348594      -0.0000000000000000       0.0000000000000000        302
  43.616534      50.677146      -0.0000000000000000       0.0000000000000000        302
  46.607358      51.011015      -0.0000000000000000       0.0000000000000000        302
  49.618679      51.349324      -0.0000000000000000       0.0000000000000000        302
  52.651416      51.691166      -0.0000000000000000       0.0000000000000000        302
  55.706473      52.035606      -0.0000000000000000       0.0000000000000000        302
  58.784734      52.381680      -0.0000000000000000       0.0000000000000000        302
  61.887052      52.728398      -0.0000000000000000       0.0000000000000000        390
  65.014244      53.074746      -0.0000000000000000       0.0000000000000000        465
  68.167078      53.419683      -0.0000000000000000       0.0000000000000000        458
  71.346265      53.762150      -0.0000000000000000       0.0000000000000000        468
  74.552445      54.101068      -0.0000000000000000       0.0000000000000000        468
  77.786177      54.435341      -0.5169327917501655       0.1804139820161449          0
  81.047922      54.763859      -1.1230231925642098       0.4538126566760842          0
  84.338035      55.085503      -1.1959859216686652       0.5528751996204976          0
  87.656747      55.399150      -0.9921067183671123       0.5189051080298385          0
  91.004151      55.703672      -0.6265976344142390       0.3672931104481701          0
  94.380188      55.997949      -0.0843209974108596       0.0549967434318986          0
  97.784636      56.280868      -0.0000000000000000       0.0000000000000000        401
  101.217095      56.551331      -0.0000000000000000       0.0000000000000000        401
  104.676974      56.808264      -0.0000000000000000       0.0000000000000000        401
  108.163484      57.050620      -0.0000000000000000       0.0000000000000000        401
  111.675632      57.277390      -0.0000000000000000       0.0000000000000000          0
  115.212209      57.487607       0.0126852534770222      -0.0275882725681813          0
  118.771797      57.680357       0.0236136530719361      -0.0667851748112196          0
  122.352764      57.854785       0.0200126274280710      -0.0821205685401211          0
  125.953275      58.010103       0.0076040201088716      -0.0675383119401452          0
  129.571295      58.145598      -0.0051510601613244      -0.0359133859753523          0
  133.204611      58.260638      -0.0044396845895707       0.0009300048957173          0
  29.519463      46.526309       1.2112237965720936       1.5357334939318716        337
  32.442553      46.827236      -0.0000000000000000       0.0000000000000000        302
  35.380412      47.136575      -0.0000000000000000       0.0000000000000000        302
  38.333870      47.453553      -0.0000000000000000       0.0000000000000000        302
  41.303760      47.777368      -0.0000000000000000       0.0000000000000000        302
  44.290920      48.107187      -0.0000000000000000       0.0000000000000000        302
  47.296184      48.442145      -0.0000000000000000       0.0000000000000000        302
  50.320381      48.781351      -0.0000000000000000       0.0000000000000000        302
  53.364329      49.123883      -0.0000000000000000       0.0000000000000000        302
  56.428827      49.468794      -0.0000000000000000       0.0000000000000000        302
  59.514653      49.815110      -0.0000000000000000       0.0000000000000000        302
  62.622551      50.161833      -0.0000000000000000       0.0000000000000000        465
  65.753226      50.507943      -0.0000000000000000       0.0000000000000000        458
  68.907335      50.852397      -0.0000000000000000       0.0000000000000000        458
  72.085479      51.194136      -0.0000000000000000       0.0000000000000000        459
  75.288188      51.532084      -1.7554448544833505       0.5347201026996752          0
  78.515914      51.865152      -3.0068895558891500       1.0752437454544048          0
  81.769022      52.192239      -3.1384678424602819       1.2993961122511812          0
  85.047771      52.512242      -3.0501338163970861       1.4462312939756850          0
  88.352310      52.824052      -2.6034371639303204       1.3946984981099255          0
  91.682662      53.126565      -1.9676920828506350       1.1775801982768854          0
  95.038714      53.418682      -1.2355711252777586       0.8202858265700279          0
  98.420204      53.699319      -0.4367554195409858       0.3200107742449919          0
  101.826716      53.967408      -0.0000000000000000       0.0000000000000000        401
  105.257666      54.221909      -0.0000000000000000       0.0000000000000000        401
  108.712297      54.461809       0.0053897773922898      -0.0089488626582642          0
  112.189674      54.686136       0.1039767633494963      -0.1929323902466452          0
  115.688682      54.893962       0.1310629198376786      -0.3055172886525194          0
  119.208023      55.084410       0.1177566564474715      -0.3697499181130879          0
  122.746220      55.256663       0.0734659737204171      -0.3903892191994223          0
  126.301624      55.409971      -0.0077403650729251      -0.3522793673542525          0
  129.872421      55.543654      -0.1084120145694480      -0.2553124188454704          0
  133.456646      55.657115      -0.2096103524423393      -0.1222706360993777          0
  30.048636      43.945916       1.3284321571037525       0.7681649968417594        337
  32.990205      44.248448      -0.0000000000000000       0.0000000000000000        302
  35.945468      44.559292      -1.9348745607519002      -0.2784998540020947        503
  38.915180      44.877661      -2.1007665243161924      -0.2285215867483634        503
  41.900102      45.202732      -2.2618215255619507      -0.1717717699308473        503
  44.900992      45.533659      -2.4175506559464877      -0.1081657756543636        503
  47.918604      45.869561      -0.0000000000000000       0.0000000000000000        301
  50.953684      46.209533      -0.0000000000000000       0.0000000000000000        302
  54.006964      46.552643      -0.0000000000000000       0.0000000000000000        302
  57.079156      46.897932      -0.0000000000000000       0.0000000000000000        302
  60.170946      47.244418      -0.0000000000000000       0.0000000000000000        390
  63.282990      47.591097      -0.0000000000000000       0.0000000000000000        466
  66.415901      47.936945      -0.0000000000000000       0.0000000000000000        458
  69.570246      48.280918      -0.0000000000000000       0.0000000000000000        459
  72.746537      48.621957      -1.6987986277919251       0.1603572060903005          0
  75.945218      48.958991      -3.3030850991266467       0.6820039310796915          0
  79.166661      49.290937      -3.2259528317543769       1.1553672354916107        580
  82.411151      49.616705      -3.1420778569101619       1.2972135788068679        580
  85.678883      49.935205      -3.0474215292600917       1.4373106774905262        580
  88.969944      50.245344      -2.9420741046479866       1.5750169570814365        580
  92.284309      50.546037      -2.8261740549204104       1.7096678295522403        580
  95.621830      50.836208      -2.2905053585958992       1.5441800718081828          0
  98.982227      51.114795      -1.3894379896947884       1.0082854972336701          0
  102.365081      51.380761      -0.8279664704622106       0.5323136299102613          0
  105.769825      51.633092      -0.2621944129725352       0.0719223420274133          0
  109.195743      51.870808       0.1874161166915648      -0.3311703662675453          0
  112.641961      52.092968       0.3102799003473318      -0.5489011362182850          0
  116.107449      52.298678       0.2834130942812493      -0.6516771629143029          0
  119.591023      52.487094       0.2186732964158542      -0.7089027424004388          0
  123.091343      52.657431       0.1089305717328685      -0.7029553999430758          0
  126.606921      52.808971      -0.0353796504222499      -0.6295214044957036          0
  130.136133      52.941064      -0.2017407447026879      -0.4859954131673298          0
  133.677224      53.053139      -0.3788193735868056      -0.2805872173983201          0
  30.533732      41.363283      -0.0000000000000000       0.0000000000000000        520
  33.491803      41.667263      -0.0000000000000000       0.0000000000000000        520
  36.462535      41.979461      -0.0000000000000000       0.0000000000000000        526
  39.446618      42.299072      -0.0000000000000000       0.0000000000000000        551
  42.444745      42.625262      -0.0000000000000000       0.0000000000000000        551
  45.457608      42.957168      -2.4457194099692585       0.0899207152625413        503
  48.485890      43.293897      -2.5948601210055977       0.1576041619220558        503
  51.530265      43.634532      -0.0000000000000000       0.0000000000000000        301
  54.591389      43.978130      -0.0000000000000000       0.0000000000000000        301
  57.669902      44.323725      -0.0000000000000000       0.0000000000000000        301
  60.766415      44.670326      -0.0000000000000000       0.0000000000000000        390
  63.881506      45.016926      -0.0000000000000000       0.0000000000000000        466
  67.015714      45.362497      -0.0000000000000000       0.0000000000000000        466
  70.169535      45.705994      -1.3985835406877629       0.1660948015969903          0
  73.343406      46.046362      -3.3418693831038997       0.4723832597596378        501
  76.537705      46.382532      -3.4685713303935799       0.5869672101543281        501
  79.752739      46.713430      -3.5852116208850173       0.7092724682246598        501
  82.988738      47.037977      -3.1260819491478573       1.2785466369864062        580
  86.245842      47.355092      -3.0299804582449541       1.4126852991807510        580
  89.524099      47.663700      -2.9233709791132432       1.5444676832043673        580
  92.823450      47.962731      -2.8064160844211754       1.6732560055393231        580
  96.143728      48.251132      -2.7757977833118055       1.7990827718283686          0
  99.484645      48.527864      -2.5660146148906877       1.5964111484597994          0
  102.845791      48.791911      -2.0417786780525633       1.1451319127849613          0
  106.226623      49.042288      -0.8328814365965761       0.2740880557219574          0
  109.626467      49.278041       0.1679358398180209      -0.5239341110629751          0
  113.044512      49.498260       0.5103047964205987      -0.9215670300641699          0
  116.479810      49.702077       0.4557213763261573      -1.0320285040083166          0
  119.931277      49.888679       0.3289145899994110      -1.0708678285835362          0
  123.397696      50.057310       0.1608789296441812      -1.0450132043961387          0
  126.877725      50.207277      -0.0427806842103978      -0.9395864684660298          0
  130.369899      50.337957      -0.2739952468863550      -0.7444014592278230          0
  133.872646      50.448802      -0.5211870481565284      -0.4612745422130375          0
  30.981756      38.778770      -0.0000000000000000       0.0000000000000000        522
  33.954693      39.084065      -1.2070340283306149       0.1235685359079590        715
  36.939295      39.397489      -0.0000000000000000       0.0000000000000000        525
  39.936199      39.718223      -0.0000000000000000       0.0000000000000000        526
  42.946036      40.045418      -0.0000000000000000       0.0000000000000000        526
  45.969438      40.378197      -0.0000000000000000       0.0000000000000000        526
  49.007025      40.715657      -2.6198060537009251       0.3498320642281160        503
  52.059410      41.056871      -2.7615007372441900       0.4207476985474317        503
  55.127186      41.400887      -2.8960142323291906       0.4981252204912416        503
  58.210927      41.746729      -0.0000000000000000       0.0000000000000000        301
  61.311182      42.093404      -0.0000000000000000       0.0000000000000000        390
  64.428465      42.439898      -0.0000000000000000       0.0000000000000000        467
  67.563255      42.785182      -0.2500353919163356       0.0438713094024573          0
  70.715984      43.128213      -2.6702223944733050       0.4729437475259081          0
  73.887035      43.467937      -3.3641769493810880       0.6692510333143166        501
  77.076730      43.803290      -3.4888991860283483       0.7787677972027576        501
  80.285327      44.133205      -3.6034534350029754       0.8956644846502847        501
  83.513011      44.456613      -3.7072897362141246       1.0197017951139289        501
  86.759886      44.772444      -3.5915248588260962       1.2590837461181010          0
  90.025968      45.079638      -3.4910770698909426       1.4453787150645239          0
  93.311181      45.377143      -3.3578848718350942       1.6218597548931553          0
  96.615346      45.663922      -3.3441272577974535       1.7678615086248766          0
  99.938178      45.938958      -3.4353751211533519       1.8517120699065368          0
  103.279281      46.201258      -3.3119749005591301       1.7249549222997014          0
  106.638141      46.449859      -1.6597711444867596       0.6209964773773460          0
  110.014128      46.683834       0.2965390557589613      -0.8237367522255248          0
  113.406492      46.902296       0.8157014507360842      -1.3843626701709679          0
  116.814359      47.104404       0.6428067464878389      -1.4324605238557466          0
  120.236740      47.289371       0.4478160300781259      -1.4460005204383388          0
  123.672528      47.456465       0.2330395809707229      -1.4171424047545562          0
  127.120508      47.605018      -0.0240798886342081      -1.2938379206823245          0
  130.579358      47.734430      -0.3167830114564350      -1.0564779161142768          0
  134.047663      47.844171      -0.6348452813110941      -0.6786427797999782          0
  31.398414      36.192665      -1.1882013001374112       0.1226068670457491        715
  34.384847      36.499167      -1.2099679008490813       0.1563346996012305        715
  37.381990      36.813712      -2.0157973135562974       0.3319140613917314        503
  40.390425      37.135466      -2.1811051388505280       0.3745821645391444        503
  43.410732      37.463570      -2.3410172005999987       0.4232531770914303        503
  46.443488      37.797136      -0.0000000000000000       0.0000000000000000        505
  49.489261      38.135249      -2.6426969222742356       0.5389120395474910        503
  52.548606      38.476973      -2.7834913230579463       0.6059982970991129        503
  55.622062      38.821347      -2.9169454936963080       0.6792789202468662        503
  58.710151      39.167392      -3.0425830026066407       0.7587354349388231        503
  61.813364      39.514106      -0.0000000000000000       0.0000000000000000        301
  64.932164      39.860475      -0.0000000000000000       0.0000000000000000        467
  68.066978      40.205468      -1.4657442834170267       0.2867250419413202          0
  71.218190      40.548043      -3.2517941963453341       0.7644121905998286        501
  74.386133      40.887148      -3.3843906350477324       0.8612582163177169        501
  77.571089      41.221725      -3.5072711982829556       0.9653357963758362        501
  80.773277      41.550713      -3.6198930895109007       1.0764608029073721        501
  83.992847      41.873053      -3.7217295632435330       1.1943986822222163        501
  87.229877      42.187688      -3.8122735614004259       1.3188626543778623        501
  90.484363      42.493569      -3.8910416666444183       1.4495123781735328        501
  93.756218      42.789661      -3.9186633441449792       1.5977259750304220          0
  97.045259      43.074944      -3.9119980209282730       1.7536808019508743          0
  100.351211      43.348419      -3.9774856112971446       1.8920653093602158          0
  103.673696      43.609115      -4.0797587995356714       2.0252603204907063        501
  107.012232      43.856089      -2.1636677018907138       0.8068643702690785          0
  110.366234      44.088437       0.6007732500289827      -1.2326094868675566          0
  113.735007      44.305296       1.1101859872471964      -1.8201887502153478          0
  117.117751      44.505848       0.8525600161678452      -1.8532899350356988          0
  120.513562      44.689327       0.5698402876643954      -1.8203300916640337          0
  123.921434      44.855026       0.2984646569894931      -1.7791700845580944          0
  127.340263      45.002296       0.0174891593139837      -1.7025798990619050          0
  130.768855      45.130558      -0.3066630996795907      -1.4953742098973857          0
  134.205933      45.239301      -0.7032087516288826      -0.9986185561276733          0
  31.788406      33.605209      -1.1912283199248832       0.1561168072520256        715
  34.787184      33.912825      -0.0000000000000000       0.0000000000000000          0
  37.795749      34.228400      -2.0388725481214598       0.5314629404290461        503
  40.814636      34.551091      -2.2039413849810963       0.5711093347577076        503
  43.844377      34.880025      -2.3634530359525243       0.6164733299235979        503
  46.885501      35.214304      -0.0000000000000000       0.0000000000000000        505
  49.938527      35.553004      -0.0000000000000000       0.0000000000000000        505
  53.003964      35.895181      -0.0000000000000000       0.0000000000000000        505
  56.082303      36.239867      -0.0000000000000000       0.0000000000000000        505
  59.174018      36.586075      -0.0000000000000000       0.0000000000000000        505
  62.279554      36.932803      -0.0000000000000000       0.0000000000000000        301
  65.399331      37.279032      -0.0000000000000000       0.0000000000000000        301
  68.533731      37.623731      -0.0000000000000000       0.0000000000000000        301
  71.683097      37.965860      -3.2718854642247184       0.9569727300267402        501
  74.847726      38.304369      -3.4028567491230999       1.0483740886283801        501
  78.027864      38.638206      -3.5240143908247101       1.1466761428553918        501
  81.223701      38.966317      -3.6348354606525333       1.2517004798537725        501
  84.435363      39.287652      -3.7348149765149588       1.3632199956667033        501
  87.662908      39.601164      -3.8234693464356262       1.4809573656157311        501
  90.906320      39.905819      -3.9003400783797670       1.6045839787010023        501
  94.165506      40.200594      -3.9649977307829452       1.7337193994066411        501
  97.440287      40.484487      -4.0170460671921076       1.8679314183233915        501
  100.730401      40.756516      -4.0561263667957723       2.0067367488672119        501
  104.035491      41.015727      -4.2524068444257033       2.3737379724968326        607
  107.355109      41.261200      -1.7431389209630255       0.4427158001195245          0
  110.688713      41.492050      -0.2974228395718859      -0.6516303992719633          0
  114.035664      41.707435       0.3255311614920239      -1.2648741205062093          0
  117.395228      41.906557       0.2512689674665971      -1.3744573029760976          0
  120.766582      42.088672       0.1539197478666996      -1.4787188594054395          0
  124.148807      42.253092       0.0087236988280219      -1.5399420542003388          0
  127.540905      42.399189      -0.1885556239491276      -1.5311309223126155          0
  130.941793      42.526400      -0.4470573809608712      -1.4009847002859499          0
  134.350318      42.634231      -0.7732974480621302      -1.1318974481527533          0
  32.155653      31.016601      -1.1940283453084719       0.1884781483199597        715
  35.165800      31.325251      -1.2151199860442528       0.2180521249664101        715
  38.184840      31.641782      -0.0000000000000000       0.0000000000000000          0
  41.213265      31.965337      -2.2252904591634524       0.7649304431254782        503
  44.251566      32.295034      -2.3843969292742471       0.8067262565616947        503
  47.300228      32.629964      -2.5373077718926060       0.8540315014785054        503
  50.359728      32.969197      -0.0000000000000000       0.0000000000000000        505
  53.430532      33.311779      -0.0000000000000000       0.0000000000000000        505
  56.513090      33.656736      -0.0000000000000000       0.0000000000000000        505
  59.607835      34.003078      -0.0000000000000000       0.0000000000000000        505
  62.715173      34.349797      -0.0000000000000000       0.0000000000000000        506
  65.835486      34.695875      -0.0000000000000000       0.0000000000000000        506
  68.969120      35.040279      -0.0000000000000000       0.0000000000000000      50601
  72.116385      35.381971      -0.0000000000000000       0.0000000000000000          0
  75.277547      35.719905      -3.4198532915588578       1.2305129277939577        501
  78.452826      36.053034      -3.5393903575880881       1.3227342751459594        501
  81.642387      36.380312      -3.6485235117002794       1.4213588818835217        501
  84.846340      36.700695      -3.7467682484430300       1.5261693880013343        501
  88.064729      37.013149      -3.8336628861279980       1.6369001148742786        501
  91.297533      37.316651      -3.9087720398944610       1.7532362216549275        501
  94.544657      37.610192      -3.9716902915856411       1.8748133764706454        501
  97.805932      37.892785      -4.0220460205654849       2.0012179948685320        501
  101.081108      38.163464      -4.2938082707061263       2.2771480391243610        607
  104.369855      38.421294      -2.3933582390768793       0.7888694007747188          0
  107.671758      38.665372      -1.6250101007889208       0.2711511747108311          0
  110.986318      38.894832      -0.7352279542483743      -0.4011193380977559          0
  114.312948      39.108850      -0.3913220787776647      -0.7319391153712582          0
  117.650978      39.306650      -0.3518251396941672      -0.8552301513552176          0
  120.999657      39.487505      -0.3645133859421053      -0.9577574886104512          0
  124.358151      39.650745      -0.4573244841211017      -0.9675160937861469          0
  127.725551      39.795760      -0.6126237717314479      -0.8766910598510692          0
  131.100879      39.922003      -0.8435665468367357      -0.6076094256209424          0
  134.483092      40.028994      -1.2623432813374298       0.1730736556038500          0
  32.503459      28.427008      -1.1966349193914738       0.2196885828404216        715
  35.524142      28.736626      -1.2174085308792024       0.2470284446322603        715
  38.552850      29.054047      -0.0000000000000000       0.0000000000000000          0
  41.590038      29.378406      -0.0000000000000000       0.0000000000000000          0
  44.636157      29.708808      -2.4040678681607988       0.9937391618237821        503
  47.691653      30.044339      -2.5564289932388014       1.0369354124944121        503
  50.756966      30.384057      -2.7019755562815710       1.0854126089123124        503
  53.832525      30.727003      -0.0000000000000000       0.0000000000000000        505
  56.918745      31.072198      -0.0000000000000000       0.0000000000000000        505
  60.016021      31.418647      -0.0000000000000000       0.0000000000000000        505
  63.124728      31.765341      -0.0000000000000000       0.0000000000000000      50601
  66.245213      32.111258      -0.0000000000000000       0.0000000000000000      50601
  69.377795      32.455367      -0.0000000000000000       0.0000000000000000          0
  72.522755      32.796632      -0.0000000000000000       0.0000000000000000          0
  75.680335      33.134009      -0.0000000000000000       0.0000000000000000          0
  78.850734      33.466459      -3.5536110043208078       1.4934107021631753        501
  82.034101      33.792939      -3.6611533615887484       1.5853634461528978        501
  85.230531      34.112418      -3.7577681131314216       1.6831999210290707        501
  88.440061      34.423869      -3.8430141274446261       1.7866679575102338        501
  91.662669      34.726281      -3.9164775518647068       1.8954682101594422        501
  94.898263      35.018659      -0.0000000000000000       0.0000000000000000          0
  98.146685      35.300029      -0.0000000000000000       0.0000000000000000          0
  101.407704      35.569441      -1.2806249124725104      -0.1494202160201232        602
  104.681015      35.825978      -1.7736245607616379       0.2934006246248516          0
  107.966235      36.068750      -1.4151459967343749       0.0183706032516705          0
  111.262907      36.296912      -1.2309615856833456      -0.0960935037233296          0
  114.570497      36.509656      -1.0653483318078303      -0.2050232688656414          0
  117.888393      36.706224      -0.9062644582506753      -0.3557015618961245          0
  121.215911      36.885906      -0.8352070074493246      -0.4614536701586661          0
  124.552294      37.048050      -0.8761829778785593      -0.4463751613944588          0
  127.896719      37.192060      -0.9767252497899568      -0.3379174706796738          0
  131.248299      37.317404      -1.1444229043495782      -0.0746333456291189          0
  134.606091      37.423616      -0.0000000000000000       0.0000000000000000          0
  32.834640      25.836574      -1.1990759132358157       0.2497375006366181        715
  35.865144      26.147102      -1.2195421197532847       0.2747500208649092        715
  38.902830      26.465358      -0.0000000000000000       0.0000000000000000          0
  41.948116      26.790468      -0.0000000000000000       0.0000000000000000          0
  45.001417      27.121528      -0.0000000000000000       0.0000000000000000          0
  48.063147      27.457613      -2.5744662576251445       1.2160881911778134        503
  51.133711      27.797777      -2.7193387056498999       1.2599267363156159        503
  54.213505      28.141053      -2.8568027999828098       1.3088009060678372        503
  57.302912      28.486458      -0.0000000000000000       0.0000000000000000        505
  60.402297      28.832993      -0.0000000000000000       0.0000000000000000        505
  63.512006      29.179646      -0.0000000000000000       0.0000000000000000      50601
  66.632360      29.525395      -0.0000000000000000       0.0000000000000000      50601
  69.763652      29.869209      -0.0000000000000000       0.0000000000000000          0
  72.906141      30.210054      -0.0000000000000000       0.0000000000000000          0
  76.060050      30.546892      -0.0000000000000000       0.0000000000000000          0
  79.225562      30.878685      -3.5668500121683566       1.6585721518494834        501
  82.402812      31.204402      -3.6728852103542327       1.7436056691381043        501
  85.591888      31.523015      -3.7679600382590244       1.8342268391033678        501
  88.792824      31.833510      -3.8516527255300614       1.9301985963498010        501
  92.005598      32.134887      -0.0000000000000000       0.0000000000000000          0
  95.230127      32.426163      -0.0000000000000000       0.0000000000000000          0
  98.466264      32.706376      -0.0000000000000000       0.0000000000000000          0
  101.713799      32.974593      -1.2831064182133427      -0.1243337405927527        602
  104.972453      33.229909      -1.3059577592172309      -0.0927904096528722          0
  108.241877      33.471454      -1.3258984295334586      -0.0539874312059991          0
  111.521654      33.698396      -1.3401744380860139      -0.0101799254377091          0
  114.811299      33.909944      -1.3516145695937485       0.0351305062159566          0
  118.110255      34.105357      -1.3606798287495920       0.0800190554411614          0
  121.417903      34.283941      -1.2433907298950495      -0.0092503717768596          0
  124.733556      34.445059      -1.2292223039306398      -0.0014595102631593          0
  128.056468      34.588130      -1.2605110029937650       0.0773745817126386          0
  131.385838      34.712635      -1.3298148436805803       0.2382225702094937          0
  134.720812      34.818120      -0.0000000000000000       0.0000000000000000          0
  33.151619      23.245421      -1.2013747171105149       0.2786078404674564        715
  36.191331      23.556809      -1.2215425893287972       0.3012078700332962        715
  39.237400      23.875854      -0.0000000000000000       0.0000000000000000          0
  42.290212      24.201670      -0.0000000000000000       0.0000000000000000          0
  45.350150      24.533345      -0.0000000000000000       0.0000000000000000          0
  48.417597      24.869947      -0.0000000000000000       0.0000000000000000          0
  51.492927      25.210522      -2.7357845203041391       1.4302037204896876        503
  54.576509      25.554099      -2.8724689793841032       1.4739259990649956        503
  57.668696      25.899690      -0.0000000000000000       0.0000000000000000      50602
  60.769830      26.246292      -0.0000000000000000       0.0000000000000000      50602
  63.880229      26.592891      -0.0000000000000000       0.0000000000000000      50602
  67.000193      26.938466      -0.0000000000000000       0.0000000000000000          0
  70.129993      27.281986      -0.0000000000000000       0.0000000000000000          0
  73.269872      27.622419      -0.0000000000000000       0.0000000000000000          0
  76.420037      27.958730      -0.0000000000000000       0.0000000000000000          0
  79.580658      28.289889      -0.0000000000000000       0.0000000000000000          0
  82.751863      28.614869      -3.6838513873643564       1.8959503504782667        501
  85.933735      28.932652      -3.7774637592527140       1.9791373648448656        501
  89.126308      29.242232      -3.8596849838316194       2.0674006688216777        501
  92.329564      29.542620      -0.0000000000000000       0.0000000000000000          0
  95.543430      29.832845      -0.0000000000000000       0.0000000000000000          0
  98.767774      30.111959      -1.1845885797773281      -0.2503712852648112        603
  102.002406      30.379041      -1.3236281880810437      -0.1126921776055685          0
  105.247074      30.633201      -1.3067473544231241      -0.0951184726480781          0
  108.501464      30.873584      -1.3277350694589951      -0.0458009171338394          0
  111.765197      31.099372      -1.3402930725003528       0.0001771745831707          0
  115.037835      31.309792      -1.3495888013101776       0.0448900986139248          0
  118.318875      31.504115      -1.3565763266071222       0.0886164400728620          0
  121.607754      31.681665      -1.3609880231680489       0.1298139251097578          0
  124.903855      31.841817      -1.3588639799707152       0.1709134988815565          0
  128.206502      31.984004      -1.3520379787319114       0.2122863782930735          0
  131.514972      32.107721      -0.0000000000000000       0.0000000000000000          0
  134.828494      32.212523      -0.0000000000000000       0.0000000000000000          0
  33.456509      20.653656      -1.2035511510374624       0.3062775520758180        715
  36.504898      20.965863      -1.2234283384994746       0.3263876742036637        715
  39.558836      21.285656      -1.2398698683340128       0.3474822344954259        715
  42.618679      21.612138      -0.0000000000000000       0.0000000000000000          0
  45.684781      21.944392      -0.0000000000000000       0.0000000000000000          0
  48.757498      22.281478      -0.0000000000000000       0.0000000000000000          0
  51.837176      22.622436      -0.0000000000000000       0.0000000000000000          0
  54.924158      22.966288      -0.0000000000000000       0.0000000000000000          0
  58.018775      23.312043      -0.0000000000000000       0.0000000000000000      50602
  61.121342      23.658696      -0.0000000000000000       0.0000000000000000      50602
  64.232161      24.005231      -0.0000000000000000       0.0000000000000000      50602
  67.351511      24.350625      -0.0000000000000000       0.0000000000000000          0
  70.479646      24.693851      -0.0000000000000000       0.0000000000000000          0
  73.616794      25.033878      -0.0000000000000000       0.0000000000000000          0
  76.763152      25.369676      -0.0000000000000000       0.0000000000000000          0
  79.918880      25.700218      -0.0000000000000000       0.0000000000000000          0
  83.084102      26.024485      -3.6941623674495583       2.0422428112366591        501
  86.258900      26.341467      -3.7863788883423704       2.1177983089234433        501
  89.443309      26.650168      -0.0000000000000000       0.0000000000000000          0
  92.637319      26.949607      -0.0000000000000000       0.0000000000000000          0
  95.840867      27.238826      -0.0000000000000000       0.0000000000000000          0
  99.053840      27.516889      -1.1878124446528702      -0.2200013959872360        603
  102.276069      27.782888      -1.2693906397815775      -0.1584185062022502          0
  105.507329      28.035946      -1.3149038006310709      -0.0886570942976879          0
  108.747338      28.275222      -1.3334350294966528      -0.0359198497620145          0
  111.995758      28.499915      -1.3432897854155277       0.0112010314722817          0
  115.252192      28.709263      -1.3503690989190917       0.0549824458579470          0
  118.516190      28.902554      -1.3557555624957711       0.0967635021663169          0
  121.787245      29.079123      -1.3597384653955413       0.1351131932551712          0
  125.064800      29.238360      -1.3587032942185842       0.1730823332053004          0
  128.348248      29.379712      -1.3532079337875931       0.2114421343434317          0
  131.636937      29.502682      -0.0000000000000000       0.0000000000000000          0
  134.930174      29.606840      -0.0000000000000000       0.0000000000000000          0
  33.751168      18.061374      -1.2056221691163738       0.3327207599253951        715
  36.807775      18.374363      -1.2252150100806865       0.3502710224182534        715
  39.869136      18.694868      -1.2413440416015815       0.3687678667169900        715
  42.935581      19.021985      -0.0000000000000000       0.0000000000000000          0
  46.007437      19.354787      -1.6009403345182558       0.9860369640375311        710
  49.085033      19.692328      -0.0000000000000000       0.0000000000000000          0
  52.168694      20.033642      -0.0000000000000000       0.0000000000000000          0
  55.258739      20.377748      -0.0000000000000000       0.0000000000000000          0
  58.355476      20.723649      -0.0000000000000000       0.0000000000000000          0
  61.459204      21.070338      -0.0000000000000000       0.0000000000000000          0
  64.570205      21.416799      -0.0000000000000000       0.0000000000000000          0
  67.688742      21.762009      -0.0000000000000000       0.0000000000000000          0
  70.815057      22.104940      -0.0000000000000000       0.0000000000000000          0
  73.949367      22.444566      -0.0000000000000000       0.0000000000000000          0
  77.091859      22.779859      -0.0000000000000000       0.0000000000000000          0
  80.242689      23.109800      -0.0000000000000000       0.0000000000000000          0
  83.401978      23.433374      -0.0000000000000000       0.0000000000000000          0
  86.569809      23.749580      -3.7947891484181735       2.2500620516200369        501
  89.746223      24.057431      -3.8742685249788438       2.3223543241269260        502
  92.931218      24.355956      -0.0000000000000000       0.0000000000000000          0
  96.124746      24.644207      -0.0000000000000000       0.0000000000000000          0
  99.326709      24.921260      -1.1908599781489608      -0.1897587691023441        603
  102.536962      25.186220      -1.2754022552715429      -0.1146359894421958      60401
  105.755307      25.438223      -1.3304160770694473      -0.0788509111385986          0
  108.981495      25.676442      -1.3439023718732575      -0.0231106203729566          0
  112.215224      25.900087      -1.3487319933131494       0.0241347519133805          0
  115.456143      26.108413      -1.3531264503075251       0.0664804900524691          0
  118.703847      26.300718      -1.3573986251875325       0.1053730339731406          0
  121.957885      26.476354      -1.3617864544152549       0.1400177512202971          0
  125.217755      26.634721      -0.0000000000000000       0.0000000000000000          0
  128.482915      26.775277      -0.0000000000000000       0.0000000000000000          0
  131.752780      26.897539      -0.0000000000000000       0.0000000000000000          0
  135.026727      27.001083      -0.0000000000000000       0.0000000000000000          0
  34.037253      15.468658      -1.2076024105569749       0.3579086952244565        715
  37.101679      15.782398      -1.2269160213507113       0.3728364006344579        715
  40.170077      16.103585      -1.2427389706611172       0.3886734603190621        715
  43.242749      16.431308      -0.0000000000000000       0.0000000000000000          0
  46.320000      16.764631      -1.6405650417846331       1.3513573670811192        710
  49.402135      17.102603      -2.0284980309339429       1.3332412856037750        710
  52.489457      17.444252      -0.0000000000000000       0.0000000000000000          0
  55.582266      17.788591      -0.0000000000000000       0.0000000000000000          0
  58.680853      18.134622      -0.0000000000000000       0.0000000000000000          0
  61.785497      18.481335      -0.0000000000000000       0.0000000000000000          0
  64.896468      18.827713      -0.0000000000000000       0.0000000000000000          0
  68.014015      19.172733      -0.0000000000000000       0.0000000000000000          0
  71.138370      19.515369      -0.0000000000000000       0.0000000000000000          0
  74.269741      19.854597      -0.0000000000000000       0.0000000000000000          0
  77.408310      20.189394      -0.0000000000000000       0.0000000000000000          0
  80.554230      20.518746      -0.0000000000000000       0.0000000000000000          0
  83.707623      20.841645      -0.0000000000000000       0.0000000000000000          0
  86.868574      21.157096      -0.0000000000000000       0.0000000000000000          0
  90.037132      21.464122      -3.8809559235476874       2.4398412056589720        502
  93.213305      21.761761      -0.0000000000000000       0.0000000000000000          0
  96.397060      22.049077      -0.0000000000000000       0.0000000000000000          0
  99.588318      22.325155      -0.0000000000000000       0.0000000000000000          0
  102.786957      22.589114      -1.2800628682842234      -0.0611944103319712        604
  105.992807      22.840102      -1.3376384684279869      -0.0377031176767372      60405
  109.205649      23.077304      -1.3578543640183596      -0.0036983399159287          0
  112.425221      23.299943      -1.3541066212209052       0.0411052960804239          0
  115.651211      23.507288      -1.3558953172506190       0.0805721860970967          0
  118.883260      23.698650      -1.3620334323496799       0.1133771014982407        612
  122.120968      23.873391      -0.0000000000000000       0.0000000000000000          0
  125.363890      24.030925      -0.0000000000000000       0.0000000000000000          0
  128.611539      24.170721      -0.0000000000000000       0.0000000000000000          0
  131.863396      24.292305      -0.0000000000000000       0.0000000000000000          0
  135.118904      24.395263      -0.0000000000000000       0.0000000000000000          0
  34.316255      12.875584      -1.2095046355477044       0.3818104451459546        715
  37.388157      13.190049      -1.2285429812840136       0.3940599839306536        715
  40.463255      13.511893      -1.2440649463640294       0.4071823345969107        715
  43.541827      13.840196      -0.0000000000000000       0.0000000000000000          0
  46.624158      14.174017      -1.2187811521747141       0.9937513398511959        709
  49.710531      14.512398      -1.1918745430869122       1.0113699857801792        709
  52.801231      14.854362      -1.1614653581973338       1.0293444530378455        709
  55.896539      15.198918      -0.0000000000000000       0.0000000000000000          0
  58.996731      15.545065      -0.0000000000000000       0.0000000000000000          0
  62.102074      15.891790      -0.0000000000000000       0.0000000000000000          0
  65.212822      16.238077      -0.0000000000000000       0.0000000000000000          0
  68.329216      16.582901      -0.0000000000000000       0.0000000000000000          0
  71.451480      16.925241      -0.0000000000000000       0.0000000000000000          0
  74.579816      17.264074      -0.0000000000000000       0.0000000000000000          0
  77.714403      17.598382      -0.0000000000000000       0.0000000000000000          0
  80.855394      17.927155      -0.0000000000000000       0.0000000000000000          0
  84.002911      18.249392      -0.0000000000000000       0.0000000000000000          0
  87.157048      18.564106      -0.0000000000000000       0.0000000000000000          0
  90.317860      18.870328      -0.0000000000000000       0.0000000000000000          0
  93.485369      19.167106      -0.0000000000000000       0.0000000000000000          0
  96.659556      19.453512      -1.1599244120238164      -0.1485857079816436      60302
  99.840363      19.728646      -0.0000000000000000       0.0000000000000000          0
  103.027691      19.991636      -1.2845277949535758      -0.0081503435905893        604
  106.221398      20.241642      -1.3415860098261723       0.0122700810590681        604
  109.421297      20.477861      -1.3945753678694650       0.0346524136244253      60405
  112.627161      20.699531      -0.0000000000000000       0.0000000000000000          0
  115.838718      20.905930      -0.0000000000000000       0.0000000000000000          0
  119.055655      21.096382      -0.0000000000000000       0.0000000000000000          0
  122.277619      21.270263      -0.0000000000000000       0.0000000000000000          0
  125.504215      21.426996      -0.0000000000000000       0.0000000000000000          0
  128.735017      21.566061      -0.0000000000000000       0.0000000000000000          0
  131.969560      21.686994      -0.0000000000000000       0.0000000000000000          0
  135.207352      21.789389      -0.0000000000000000       0.0000000000000000          0
  34.589540      10.282221      -1.2113400737842674       0.4043935553200569        715
  37.668619      10.597388      -1.2301060219553435       0.4139162705129971        715
  40.750123      10.919866      -0.0000000000000000       0.0000000000000000          0
  43.834310      11.248729      -1.2400621860222372       0.9690089899970080        709
  46.921442      11.583028      -1.2163421774123331       0.9835799978022664        709
  50.011787      11.921799      -1.1890616667611600       0.9986308125221692        709
  53.105612      12.264061      -1.1582862876591207       1.0141041108960436        709
  56.203182      12.608819      -0.0000000000000000       0.0000000000000000          0
  59.304760      12.955068      -0.0000000000000000       0.0000000000000000          0
  62.410600      13.301796      -0.0000000000000000       0.0000000000000000          0
  65.520949      13.647983      -0.0000000000000000       0.0000000000000000          0
  68.636038      13.992609      -0.0000000000000000       0.0000000000000000          0
  71.756086      14.334650      -0.0000000000000000       0.0000000000000000          0
  74.881292      14.673089      -0.0000000000000000       0.0000000000000000          0
  78.011833      15.006912      -0.0000000000000000       0.0000000000000000          0
  81.147864      15.335113      -0.0000000000000000       0.0000000000000000          0
  84.289512      15.656699      -0.0000000000000000       0.0000000000000000          0
  87.436877      15.970690      -0.0000000000000000       0.0000000000000000          0
  90.590026      16.276125      -0.0000000000000000       0.0000000000000000          0
  93.748993      16.572061      -0.0000000000000000       0.0000000000000000          0
  96.913777      16.857582      -1.1629825069623407      -0.1160856859308153      60302
  100.084341      17.131796      -1.1991797780652182      -0.1000925660978935        603
  103.260608      17.393843      -1.2888261429468617       0.0444107279635084        604
  106.442464      17.642895      -1.3453832833590023       0.0617198120931222        604
  109.629754      17.878162      -1.3978781920913548       0.0808395213621056        604
  112.822287      18.098891      -1.3478995930959836       0.0797034148970956        612
  116.019828      18.304374      -0.0000000000000000       0.0000000000000000          0
  119.222109      18.493947      -0.0000000000000000       0.0000000000000000          0
  122.428820      18.666995      -0.0000000000000000       0.0000000000000000          0
  125.639620      18.822954      -0.0000000000000000       0.0000000000000000          0
  128.854132      18.961313      -0.0000000000000000       0.0000000000000000          0
  132.071950      19.081618      -7.2292239081467304       1.3771822432046361        684
  135.292639      19.183471      -7.2277028810306714       1.5095526073126870        684
  34.858370       7.688633      -1.2131187062095725       0.4256245122129282        712
  37.944368       8.004483      -1.2316140643008775       0.4323785867124151        712
  41.032023       8.327577      -1.2584788466439587       0.9475711529202859        709
  44.121573       8.656982      -1.2380058868903743       0.9589016735287717        709
  47.213263       8.991742      -1.2139161832209227       0.9708162629059048        709
  50.307342       9.330887      -1.1862700802780664       0.9832731154826577        709
  53.404064       9.673432      -0.0000000000000000       0.0000000000000000          0
  56.503681      10.018378      -0.0000000000000000       0.0000000000000000          0
  59.606443      10.364718      -0.0000000000000000       0.0000000000000000          0
  62.712597      10.711438      -0.0000000000000000       0.0000000000000000          0
  65.822380      11.057518      -0.0000000000000000       0.0000000000000000          0
  68.936019      11.401939      -0.0000000000000000       0.0000000000000000          0
  72.053729      11.743680      -0.0000000000000000       0.0000000000000000          0
  75.175706      12.081725      -0.0000000000000000       0.0000000000000000          0
  78.302131      12.415065      -0.0000000000000000       0.0000000000000000          0
  81.433160      12.742700      -0.0000000000000000       0.0000000000000000          0
  84.568929      13.063644      -0.0000000000000000       0.0000000000000000          0
  87.709544      13.376923      -0.0000000000000000       0.0000000000000000          0
  90.855085      13.681584      -0.0000000000000000       0.0000000000000000          0
  94.005601      13.976695      -0.0000000000000000       0.0000000000000000          0
  97.161108      14.261347      -1.1659357377065638      -0.0838217522286285      60302
  100.321590      14.534662      -1.2652594939349471       0.0248232956580849        647
  103.486996      14.795788      -1.2929836011125031       0.0963999726779298      60402
  106.657238      15.043909      -1.3490533020635478       0.1105643288211808        604
  109.832193      15.278247      -1.4010679522619041       0.1263896731356541        604
  113.011704      15.498060      -1.3485706714223118       0.0917914453488214        612
  116.195575      15.702652      -0.0000000000000000       0.0000000000000000          0
  119.383577      15.891370      -0.0000000000000000       0.0000000000000000          0
  122.575447      16.063610      -0.0000000000000000       0.0000000000000000          0
  125.770890      16.218817      -7.1662172032860418       1.1872548862586378        675
  128.969581      16.356492      -7.2090950115886754       1.2970301565988003        684
  132.171166      16.476187      -7.2295181234211352       1.4094386287636473        801
  135.375267      16.577514      -7.2273632882381724       1.5237591713342189        801
  35.123932       5.094879      -1.2148494953230571       0.4454691248965619        712
  38.216627       5.411397      -0.0000000000000000       0.0000000000000000          0
  41.310211       5.735092      -1.2567844883183557       0.9376720159655811        709
  44.404904       6.065023      -1.2359472540828551       0.9462659631503854        709
  47.500933       6.400229      -1.2114938684041237       0.9555017110254582        709
  50.598534       6.739734      -0.0000000000000000       0.0000000000000000          0
  53.697947       7.082549      -0.0000000000000000       0.0000000000000000          0
  56.799414       7.427671      -0.0000000000000000       0.0000000000000000          0
  59.903175       7.774091      -0.0000000000000000       0.0000000000000000          0
  63.009469       8.120794      -0.0000000000000000       0.0000000000000000          0
  66.118528       8.466760      -0.0000000000000000       0.0000000000000000          0
  69.230575       8.810970      -0.0000000000000000       0.0000000000000000          0
  72.345823       9.152407      -0.0000000000000000       0.0000000000000000          0
  75.464471       9.490056      -0.0000000000000000       0.0000000000000000          0
  78.586700       9.822915      -0.0000000000000000       0.0000000000000000          0
  81.712674      10.149988      -0.0000000000000000       0.0000000000000000          0
  84.842534      10.470294      -0.0000000000000000       0.0000000000000000          0
  87.976399      10.782869      -0.0000000000000000       0.0000000000000000          0
  91.114360      11.086767      -0.0000000000000000       0.0000000000000000          0
  94.256483      11.381064      -0.0000000000000000       0.0000000000000000          0
  97.402803      11.664864      -1.1688006777045077      -0.0518448195724812      60302
  100.553325      11.937294      -1.2672637396933393       0.0494677730054112        647
  103.708021      12.197517      -1.2970231055651713       0.1477259120232745      60402
  106.866834      12.444727      -1.3526165725455486       0.1587192449833676      60402
  110.029672      12.678155      -1.4041626968735830       0.1712256277451900        604
  113.196408      12.897073      -1.3492108608931679       0.1032769035549746        613
  116.366887      13.100794      -1.3580088275532876       0.1194577956107603        613
  119.540919      13.288677      -0.0000000000000000       0.0000000000000000          0
  122.718284      13.460128      -0.0000000000000000       0.0000000000000000          0
  125.898732      13.614602      -7.1683604009793598       1.2513150777169111        801
  129.081987      13.751609      -7.2101938122871738       1.3432160024934077        801
  132.267747      13.870710      -7.2297837018103959       1.4376104388510154        801
  135.455687      13.971525      -7.2270183409019060       1.5338383942539267        801
  35.387357       2.501018      -1.2165405756660546       0.4638928202477908        712
  38.486560       2.818191      -0.0000000000000000       0.0000000000000000          0
  41.585881       3.142474      -1.2550762440767358       0.9252996655519499        709
  44.685522       3.472919      -1.2338785399204837       0.9311388006121315        709
  47.785697       3.808558      -0.0000000000000000       0.0000000000000000          0
  50.886628       4.148411      -0.0000000000000000       0.0000000000000000          0
  53.988545       4.491483      -0.0000000000000000       0.0000000000000000          0
  57.091679       4.836770      -0.0000000000000000       0.0000000000000000          0
  60.196264       5.183261      -0.0000000000000000       0.0000000000000000          0
  63.302532       5.529938      -0.0000000000000000       0.0000000000000000          0
  66.410712       5.875782      -0.0000000000000000       0.0000000000000000          0
  69.521027       6.219776      -0.0000000000000000       0.0000000000000000          0
  72.633688       6.560903      -0.0000000000000000       0.0000000000000000          0
  75.748898       6.898155      -0.0000000000000000       0.0000000000000000          0
  78.866842       7.230531      -0.0000000000000000       0.0000000000000000          0
  81.987691       7.557043      -0.0000000000000000       0.0000000000000000          0
  85.111596       7.876715      -0.0000000000000000       0.0000000000000000          0
  88.238687       8.188591      -0.0000000000000000       0.0000000000000000          0
  91.369070       8.491732      -0.0000000000000000       0.0000000000000000          0
  94.502827       8.785226      -1.2082413163039989       0.0576927632007505      67352
  97.640014       9.068182      -0.0000000000000000       0.0000000000000000          0
  100.780656       9.339740      -1.2692097632291801       0.0735435959638245        647
  103.924753       9.599073      -1.2940621644184747       0.0829804525239051      64701
  107.072273       9.845386      -1.3560915901269839       0.2060981310165748      60402
  110.223156      10.077920      -1.3372066876662410       0.1020254638530491        613
  113.377310      10.295958      -1.3498242778065634       0.1141496884253087        613
  116.534614      10.498825      -0.0000000000000000       0.0000000000000000          0
  119.694918      10.685889      -7.0234447579210357       1.1726351969866176        801
  122.858045      10.856566      -0.0000000000000000       0.0000000000000000          0
  126.023788      11.010323      -7.1704223644239180       1.3113138757927534        801
  129.191919      11.146677      -7.2112415728731181       1.3853180372566802        801
  132.362182      11.265197      -7.2300235146497194       1.4616817114432001        801
  135.534305      11.365511      -7.2266673556735155       1.5398051055193958        801
  35.649742      -0.092896      -1.2181994133512863       0.4808608612823352        712
  38.755293       0.224923      -1.2358834933633813       0.4791251107592064        713
  41.860183       0.549784      -1.2533476341743630       0.9104863838099955        709
  44.964602       0.880732      -0.0000000000000000       0.0000000000000000          0
  48.068750       1.216793      -0.0000000000000000       0.0000000000000000          0
  51.172837       1.556984      -0.0000000000000000       0.0000000000000000          0
  54.277084       1.900303      -0.0000000000000000       0.0000000000000000          0
  57.381714       2.245746      -0.0000000000000000       0.0000000000000000          0
  60.486956       2.592297      -0.0000000000000000       0.0000000000000000          0
  63.593038       2.938939      -0.0000000000000000       0.0000000000000000          0
  66.700188       3.284654      -0.0000000000000000       0.0000000000000000          0
  69.808628       3.628424      -0.0000000000000000       0.0000000000000000          0
  72.918572       3.969237      -0.0000000000000000       0.0000000000000000          0
  76.030227       4.306087      -0.0000000000000000       0.0000000000000000          0
  79.143784       4.637978      -0.0000000000000000       0.0000000000000000          0
  82.259424       4.963928      -0.0000000000000000       0.0000000000000000          0
  85.377308       5.282967      -0.0000000000000000       0.0000000000000000          0
  88.497578       5.594145      -0.0000000000000000       0.0000000000000000          0
  91.620357       5.896535      -0.0000000000000000       0.0000000000000000          0
  94.745744       6.189229      -0.0000000000000000       0.0000000000000000          0
  97.873815       6.471349      -1.2428315508469914       0.0916193738977829      67352
  101.004620       6.742044      -1.2711074222929437       0.0970116010682543        647
  104.138182       7.000497      -1.2956087827975289       0.1033215532828421      64701
  107.274500       7.245922      -0.0000000000000000       0.0000000000000000          0
  110.413541       7.477574      -1.3380836253295194       0.1155849191576525      61404
  113.555250       7.694745      -0.0000000000000000       0.0000000000000000          0
  116.699539       7.896769      -0.0000000000000000       0.0000000000000000          0
  119.846298       8.083027      -7.0279688635411954       1.2636470113204892        801
  122.995389       8.252943      -7.1109121195371854       1.3137959577442020        801
  126.146650       8.405994      -7.1724148861724117       1.3671696064646759        801
  129.299896       8.541705      -7.2122448720466057       1.4232875064559916        801
  132.454921       8.659654      -7.2302399043936640       1.4816362766308147        801
  135.611498       8.759476      -7.2263094960245287       1.5416753613069321        801
  35.912166      -2.686808      -1.2198329414844085       0.4963384947573098        712
  39.023929      -2.368350      -1.2372432870533989       0.4917334204044296        713
  42.134247      -2.042919      -0.0000000000000000       0.0000000000000000          0
  45.243294      -1.711476      -0.0000000000000000       0.0000000000000000          0
  48.351259      -1.375001      -0.0000000000000000       0.0000000000000000          0
  51.458343      -1.034483      -0.0000000000000000       0.0000000000000000          0
  54.564757      -0.690924      -0.0000000000000000       0.0000000000000000          0
  57.670721      -0.345336      -1.1067372419890704       0.9028487535656108        704
  60.776459       0.001266      -0.0000000000000000       0.0000000000000000          0
  63.882198       0.347865      -0.0000000000000000       0.0000000000000000          0
  66.988164       0.693442      -0.0000000000000000       0.0000000000000000          0
  70.094583       1.036982      -0.0000000000000000       0.0000000000000000          0
  73.201672       1.377474      -0.0000000000000000       0.0000000000000000          0
  76.309644       1.713917      -0.0000000000000000       0.0000000000000000          0
  79.418699       2.045319      -0.0000000000000000       0.0000000000000000          0
  82.529027       2.370702      -0.0000000000000000       0.0000000000000000          0
  85.640802       2.689106      -0.0000000000000000       0.0000000000000000          0
  88.754180       2.999588      -0.0000000000000000       0.0000000000000000          0
  91.869301       3.301226      -0.0000000000000000       0.0000000000000000          0
  94.986283       3.593123      -0.0000000000000000       0.0000000000000000          0
  98.105223       3.874411      -0.0000000000000000       0.0000000000000000          0
  101.226194       4.144247      -1.2729657215643937       0.1198308452986724      67301
  104.349246       4.401825      -1.2971205780026414       0.1230130845379753      64701
  107.474405       4.646371      -1.3174349283224425       0.1270024823320425      64701
  110.601671       4.877148      -0.0000000000000000       0.0000000000000000          0
  113.731018       5.093459      -0.0000000000000000       0.0000000000000000          0
  116.862398       5.294650      -1.3547093302797055       0.1433021232701761        614
  119.995736       5.480109      -7.0323868077068203       1.3503623382361889        801
  123.130934       5.649274      -7.1140016889133326       1.3830864799966263        801
  126.267872       5.801627      -7.1743484781692448       1.4187990059050910        801
  129.406408       5.936704      -7.2132094566644591       1.4570751504775818        801
  132.546382       6.054090      -7.2304347626748857       1.4974586291075809        801
  135.687616       6.153425      -7.2259437769585873       1.5394671215935147        801
>