>anchorPlateId 301
>reconstructionTime 110
>DeformingMeshPoints.gpml lat_lon_velocity_domain_28_32.gpml
>MeshNode <identity>GPlates-b7a3af0e-8119-4abb-9ae6-39bb7e5702ce</identity> <revision>GPlates-7b04c5e6-7801-49f1-bcc4-23d6f4e5417f</revision>
> reconstructionPlateId 0
> validTime TimePeriod <begin> TimeInstant <timePosition>http://gplates.org/times/distantPast</timePosition></begin> <end> TimeInstant <timePosition>http://gplates.org/times/distantFuture</timePosition></end>
  51.002473      73.436731      -0.0000000000000000       0.0000000000000000        302
  54.186441      73.353615      -0.0000000000000000       0.0000000000000000        373
  57.354637      73.269633      -0.0000000000000000       0.0000000000000000        372
  60.507168      73.185046      -0.0000000000000000       0.0000000000000000        372
  63.644190      73.100113      -0.0000000000000000       0.0000000000000000        372
  66.765901      73.015087      -0.0000000000000000       0.0000000000000000        372
  69.872545      72.930223      -0.0000000000000000       0.0000000000000000        372
  72.964400      72.845768      -0.0000000000000000       0.0000000000000000        401
  76.041783      72.761965      -0.0000000000000000       0.0000000000000000        401
  79.105041      72.679052      -0.0000000000000000       0.0000000000000000        401
  82.154551      72.597262      -0.0000000000000000       0.0000000000000000        401
  85.190715      72.516821      -0.0000000000000000       0.0000000000000000        401
  88.213959      72.437949      -0.0000000000000000       0.0000000000000000        401
  91.224731      72.360857      -0.0000000000000000       0.0000000000000000        401
  94.223497      72.285752      -0.0000000000000000       0.0000000000000000        401
  97.210738      72.212831      -0.0000000000000000       0.0000000000000000        401
  100.186952      72.142282      -0.0000000000000000       0.0000000000000000        401
  103.152647      72.074289      -0.0000000000000000       0.0000000000000000        401
  106.108344      72.009024      -0.0000000000000000       0.0000000000000000        401
  109.054573      71.946650      -0.0000000000000000       0.0000000000000000        401
  111.991870      71.887325      -0.0000000000000000       0.0000000000000000        401
  114.920780      71.831194      -0.0000000000000000       0.0000000000000000        401
  117.841854      71.778395      -0.0000000000000000       0.0000000000000000        401
  120.755646      71.729057      -0.0000000000000000       0.0000000000000000        401
  123.662715      71.683299      -0.0000000000000000       0.0000000000000000        401
  126.563624      71.641230      -0.0000000000000000       0.0000000000000000        401
  129.458938      71.602951      -0.0000000000000000       0.0000000000000000          0
  132.349223      71.568553      -0.0000000000000000       0.0000000000000000      43101
  135.235048      71.538116      -0.0000000000000000       0.0000000000000000          0
  138.116984      71.511712      -0.0000000000000000       0.0000000000000000          0
  140.995601      71.489402      -0.0000000000000000       0.0000000000000000          0
  143.871472      71.471240      -0.0000000000000000       0.0000000000000000          0
  146.745168      71.457266       0.2501270887637630       0.1779140097159870      42201
  50.284636      70.838854      -0.0000000000000000       0.0000000000000000        302
  53.462955      70.755970      -0.0000000000000000       0.0000000000000000        373
  56.627832      70.672164      -0.0000000000000000       0.0000000000000000        373
  59.779321      70.587694      -0.0000000000000000       0.0000000000000000        372
  62.917520      70.502817      -0.0000000000000000       0.0000000000000000        372
  66.042565      70.417791      -0.0000000000000000       0.0000000000000000        372
  69.154630      70.332867      -0.0000000000000000       0.0000000000000000        372
  72.253924      70.248295      -0.0000000000000000       0.0000000000000000        401
  75.340687      70.164321      -0.0000000000000000       0.0000000000000000        401
  78.415191      70.081186      -0.0000000000000000       0.0000000000000000        401
  81.477732      69.999125      -0.0000000000000000       0.0000000000000000        401
  84.528636      69.918367      -0.0000000000000000       0.0000000000000000        401
  87.568246      69.839138      -0.0000000000000000       0.0000000000000000        401
  90.596932      69.761652      -0.0000000000000000       0.0000000000000000        401
  93.615077      69.686121      -0.0000000000000000       0.0000000000000000        401
  96.623085      69.612748      -0.0000000000000000       0.0000000000000000        401
  99.621374      69.541725      -0.0000000000000000       0.0000000000000000        401
  102.610375      69.473242      -0.0000000000000000       0.0000000000000000        401
  105.590531      69.407475      -0.0000000000000000       0.0000000000000000        401
  108.562298      69.344595      -0.0000000000000000       0.0000000000000000        401
  111.526138      69.284762      -0.0000000000000000       0.0000000000000000        401
  114.482523      69.228129      -0.0000000000000000       0.0000000000000000        401
  117.431933      69.174839      -0.0000000000000000       0.0000000000000000        401
  120.374853      69.125024      -0.0000000000000000       0.0000000000000000        401
  123.311774      69.078809      -0.0000000000000000       0.0000000000000000        401
  126.243192      69.036308      -0.0000000000000000       0.0000000000000000        401
  129.169605      68.997626      -0.0000000000000000       0.0000000000000000      43101
  132.091518      68.962856      -0.0000000000000000       0.0000000000000000      43101
  135.009435      68.932085      -0.0000000000000000       0.0000000000000000      43202
  137.923865      68.905386      -0.0000000000000000       0.0000000000000000      43202
  140.835319      68.882823      -0.0000000000000000       0.0000000000000000      43200
  143.744306      68.864452      -0.0000000000000000       0.0000000000000000      43200
  146.651342      68.850317      -0.0000000000000000       0.0000000000000000      43200
  49.732671      68.238833      -0.0000000000000000       0.0000000000000000        302
  52.905947      68.156137      -0.0000000000000000       0.0000000000000000        302
  56.067567      68.072475      -0.0000000000000000       0.0000000000000000        302
  59.217553      67.988104      -0.0000000000000000       0.0000000000000000        302
  62.355966      67.903281      -0.0000000000000000       0.0000000000000000        302
  65.482902      67.818263      -0.0000000000000000       0.0000000000000000        302
  68.598491      67.733302      -0.0000000000000000       0.0000000000000000        390
  71.702893      67.648649      -0.0000000000000000       0.0000000000000000        401
  74.796297      67.564552      -0.0000000000000000       0.0000000000000000        401
  77.878923      67.481252      -0.0000000000000000       0.0000000000000000        401
  80.951011      67.398987      -0.0000000000000000       0.0000000000000000        401
  84.012828      67.317991      -0.0000000000000000       0.0000000000000000        401
  87.064662      67.238490      -0.0000000000000000       0.0000000000000000        401
  90.106822      67.160704      -0.0000000000000000       0.0000000000000000        401
  93.139633      67.084847      -0.0000000000000000       0.0000000000000000        401
  96.163438      67.011125      -0.0000000000000000       0.0000000000000000        401
  99.178595      66.939737      -0.0000000000000000       0.0000000000000000        401
  102.185477      66.870874      -0.0000000000000000       0.0000000000000000        401
  105.184468      66.804718      -0.0000000000000000       0.0000000000000000        401
  108.175962      66.741444      -0.0000000000000000       0.0000000000000000        401
  111.160366      66.681216      -0.0000000000000000       0.0000000000000000        401
  114.138094      66.624191      -0.0000000000000000       0.0000000000000000        401
  117.109568      66.570516      -0.0000000000000000       0.0000000000000000        401
  120.075216      66.520328      -0.0000000000000000       0.0000000000000000        401
  123.035476      66.473755      -0.0000000000000000       0.0000000000000000        401
  125.990787      66.430914      -0.0000000000000000       0.0000000000000000      43102
  128.941595      66.391915      -0.0000000000000000       0.0000000000000000      43101
  131.888349      66.356854      -0.0000000000000000       0.0000000000000000      43101
  134.831504      66.325819      -0.0000000000000000       0.0000000000000000      43101
  137.771514      66.298887      -0.0000000000000000       0.0000000000000000      43202
  140.708839      66.276125      -0.0000000000000000       0.0000000000000000      43200
  143.643938      66.257590      -0.0000000000000000       0.0000000000000000      43200
  146.577275      66.243327      -0.0000000000000000       0.0000000000000000      43200
  49.293486      65.637356      -0.0000000000000000       0.0000000000000000        302
  52.462317      65.554814      -0.0000000000000000       0.0000000000000000        302
  55.620905      65.471272      -0.0000000000000000       0.0000000000000000        302
  58.769254      65.386986      -0.0000000000000000       0.0000000000000000        302
  61.907403      65.302212      -0.0000000000000000       0.0000000000000000        302
  65.035420      65.217206      -0.0000000000000000       0.0000000000000000        390
  68.153403      65.132222      -0.0000000000000000       0.0000000000000000        468
  71.261480      65.047510      -0.0000000000000000       0.0000000000000000        401
  74.359804      64.963319      -0.0000000000000000       0.0000000000000000        401
  77.448553      64.879892      -0.0000000000000000       0.0000000000000000        401
  80.527929      64.797470      -0.0000000000000000       0.0000000000000000        401
  83.598157      64.716287      -0.0000000000000000       0.0000000000000000        401
  86.659480      64.636572      -0.0000000000000000       0.0000000000000000        401
  89.712162      64.558549      -0.0000000000000000       0.0000000000000000        401
  92.756484      64.482433      -0.0000000000000000       0.0000000000000000        401
  95.792741      64.408434      -0.0000000000000000       0.0000000000000000        401
  98.821245      64.336753      -0.0000000000000000       0.0000000000000000        401
  101.842322      64.267587      -0.0000000000000000       0.0000000000000000        401
  104.856307      64.201119      -0.0000000000000000       0.0000000000000000        401
  107.863550      64.137528      -0.0000000000000000       0.0000000000000000        401
  110.864409      64.076982      -0.0000000000000000       0.0000000000000000        401
  113.859251      64.019642      -0.0000000000000000       0.0000000000000000        401
  116.848452      63.965657      -0.0000000000000000       0.0000000000000000        401
  119.832394      63.915167      -0.0000000000000000       0.0000000000000000        401
  122.811467      63.868305      -0.0000000000000000       0.0000000000000000        401
  125.786067      63.825190      -0.0000000000000000       0.0000000000000000        401
  128.756592      63.785934      -0.0000000000000000       0.0000000000000000        401
  131.723449      63.750636      -0.0000000000000000       0.0000000000000000        401
  134.687045      63.719388      -0.0000000000000000       0.0000000000000000      43101
  137.647792      63.692267      -0.0000000000000000       0.0000000000000000      43101
  140.606105      63.669344      -0.0000000000000000       0.0000000000000000      43101
  143.562400      63.650675      -0.0000000000000000       0.0000000000000000      43101
  146.517096      63.636308      -0.0000000000000000       0.0000000000000000      43202
  48.934411      63.034844      -0.0000000000000000       0.0000000000000000        302
  52.099322      62.952433      -0.0000000000000000       0.0000000000000000        302
  55.255141      62.868993      -0.0000000000000000       0.0000000000000000        302
  58.401862      62.784780      -0.0000000000000000       0.0000000000000000        302
  61.539506      62.700050      -0.0000000000000000       0.0000000000000000        390
  64.668123      62.615059      -0.0000000000000000       0.0000000000000000        390
  67.787790      62.530058      -0.0000000000000000       0.0000000000000000        468
  70.898610      62.445302      -0.0000000000000000       0.0000000000000000        401
  74.000708      62.361037      -0.0000000000000000       0.0000000000000000        401
  77.094235      62.277510      -0.0000000000000000       0.0000000000000000        401
  80.179361      62.194961      -0.0000000000000000       0.0000000000000000        401
  83.256278      62.113628      -0.0000000000000000       0.0000000000000000        401
  86.325197      62.033740      -0.0000000000000000       0.0000000000000000        401
  89.386344      61.955523      -0.0000000000000000       0.0000000000000000        401
  92.439965      61.879195      -0.0000000000000000       0.0000000000000000        401
  95.486319      61.804970      -0.0000000000000000       0.0000000000000000        401
  98.525680      61.733050      -0.0000000000000000       0.0000000000000000        401
  101.558336      61.663634      -0.0000000000000000       0.0000000000000000        401
  104.584584      61.596910      -0.0000000000000000       0.0000000000000000        401
  107.604733      61.533059      -0.0000000000000000       0.0000000000000000        401
  110.619105      61.472251      -0.0000000000000000       0.0000000000000000        401
  113.628026      61.414650      -0.0000000000000000       0.0000000000000000        401
  116.631834      61.360408      -0.0000000000000000       0.0000000000000000        401
  119.630871      61.309670      -0.0000000000000000       0.0000000000000000        401
  122.625490      61.262567      -0.0000000000000000       0.0000000000000000        401
  125.616046      61.219225      -0.0000000000000000       0.0000000000000000        401
  128.602900      61.179756      -0.0000000000000000       0.0000000000000000        401
  131.586419      61.144262      -0.0000000000000000       0.0000000000000000        401
  134.566972      61.112837      -0.0000000000000000       0.0000000000000000        401
  137.544934      61.085559      -0.0000000000000000       0.0000000000000000      43101
  140.520680      61.062501      -0.0000000000000000       0.0000000000000000      43101
  143.494590      61.043722      -0.0000000000000000       0.0000000000000000      43400
  146.467044      61.029269      -0.0000000000000000       0.0000000000000000      43400
  48.634242      60.431572      -0.0000000000000000       0.0000000000000000        302
  51.795680      60.349272      -0.0000000000000000       0.0000000000000000        302
  54.948984      60.265920      -0.0000000000000000       0.0000000000000000        302
  58.094141      60.181772      -0.0000000000000000       0.0000000000000000        302
  61.231162      60.097081      -0.0000000000000000       0.0000000000000000        390
  64.360084      60.012104      -0.0000000000000000       0.0000000000000000        390
  67.480967      59.927094      -0.0000000000000000       0.0000000000000000        468
  70.593896      59.842302      -0.0000000000000000       0.0000000000000000        401
  73.698976      59.757978      -0.0000000000000000       0.0000000000000000        401
  76.796335      59.674369      -0.0000000000000000       0.0000000000000000        401
  79.886120      59.591717      -0.0000000000000000       0.0000000000000000        401
  82.968496      59.510258      -0.0000000000000000       0.0000000000000000        401
  86.043646      59.430226      -0.0000000000000000       0.0000000000000000        401
  89.111771      59.351848      -0.0000000000000000       0.0000000000000000        401
  92.173085      59.275345      -0.0000000000000000       0.0000000000000000        401
  95.227819      59.200930      -0.0000000000000000       0.0000000000000000        401
  98.276215      59.128810      -0.0000000000000000       0.0000000000000000        401
  101.318528      59.059185      -0.0000000000000000       0.0000000000000000        401
  104.355026      58.992246      -0.0000000000000000       0.0000000000000000        401
  107.385984      58.928175      -0.0000000000000000       0.0000000000000000        401
  110.411691      58.867147      -0.0000000000000000       0.0000000000000000        401
  113.432441      58.809326      -0.0000000000000000       0.0000000000000000        401
  116.448537      58.754868      -0.0000000000000000       0.0000000000000000        401
  119.460291      58.703919      -0.0000000000000000       0.0000000000000000        401
  122.468019      58.656615      -0.0000000000000000       0.0000000000000000        401
  125.472044      58.613080      -0.0000000000000000       0.0000000000000000        401
  128.472695      58.573431      -0.0000000000000000       0.0000000000000000        401
  131.470302      58.537771      -0.0000000000000000       0.0000000000000000        401
  134.465205      58.506195      -0.0000000000000000       0.0000000000000000        401
  137.457741      58.478785      -0.0000000000000000       0.0000000000000000      43101
  140.448255      58.455613      -0.0000000000000000       0.0000000000000000      43400
  143.437092      58.436740      -0.0000000000000000       0.0000000000000000          0
  146.424600      58.422214      -0.0000000000000000       0.0000000000000000          0
  48.378619      57.827725      -0.0000000000000000       0.0000000000000000        302
  51.536957      57.745522      -0.0000000000000000       0.0000000000000000        302
  54.687976      57.662247      -0.0000000000000000       0.0000000000000000        302
  57.831656      57.578155      -0.0000000000000000       0.0000000000000000        302
  60.968002      57.493500      -0.0000000000000000       0.0000000000000000        390
  64.097040      57.408537      -0.0000000000000000       0.0000000000000000        390
  67.218820      57.323520      -0.0000000000000000       0.0000000000000000        468
  70.333411      57.238700      -0.0000000000000000       0.0000000000000000        468
  73.440904      57.154328      -0.0000000000000000       0.0000000000000000        401
  76.541408      57.070651      -0.0000000000000000       0.0000000000000000        401
  79.635051      56.987911      -0.0000000000000000       0.0000000000000000        401
  82.721977      56.906347      -0.0000000000000000       0.0000000000000000        401
  85.802348      56.826194      -0.0000000000000000       0.0000000000000000        401
  88.876341      56.747679      -0.0000000000000000       0.0000000000000000        401
  91.944147      56.671026      -0.0000000000000000       0.0000000000000000        401
  95.005971      56.596450      -0.0000000000000000       0.0000000000000000        401
  98.062029      56.524159      -0.0000000000000000       0.0000000000000000        401
  101.112550      56.454356      -0.0000000000000000       0.0000000000000000        401
  104.157774      56.387232      -0.0000000000000000       0.0000000000000000        401
  107.197950      56.322974      -0.0000000000000000       0.0000000000000000        401
  110.233337      56.261757      -0.0000000000000000       0.0000000000000000        401
  113.264203      56.203748      -0.0000000000000000       0.0000000000000000        401
  116.290821      56.149105      -0.0000000000000000       0.0000000000000000        401
  119.313473      56.097975      -0.0000000000000000       0.0000000000000000        401
  122.332448      56.050496      -0.0000000000000000       0.0000000000000000        401
  125.348039      56.006796      -0.0000000000000000       0.0000000000000000        401
  128.360544      55.966992      -0.0000000000000000       0.0000000000000000        401
  131.370267      55.931190      -0.0000000000000000       0.0000000000000000        401
  134.377515      55.899484      -0.0000000000000000       0.0000000000000000        401
  137.382599      55.871960      -0.0000000000000000       0.0000000000000000        401
  140.385832      55.848690      -0.0000000000000000       0.0000000000000000        301
  143.387529      55.829735      -0.0000000000000000       0.0000000000000000          0
  146.388010      55.815146      -0.0000000000000000       0.0000000000000000          0
  48.157467      55.223433      -0.0000000000000000       0.0000000000000000        302
  51.313019      55.141315      -0.0000000000000000       0.0000000000000000        302
  54.461954      55.058109      -0.0000000000000000       0.0000000000000000        302
  57.604248      54.974067      -0.0000000000000000       0.0000000000000000        302
  60.739901      54.889445      -0.0000000000000000       0.0000000000000000        390
  63.868933      54.804496      -0.0000000000000000       0.0000000000000000        468
  66.991384      54.719474      -0.0000000000000000       0.0000000000000000        468
  70.107313      54.634631      -0.0000000000000000       0.0000000000000000        468
  73.216798      54.550218      -0.0000000000000000       0.0000000000000000        468
  76.319934      54.466483      -0.0000000000000000       0.0000000000000000        401
  79.416832      54.383668      -0.0000000000000000       0.0000000000000000        401
  82.507621      54.302014      -0.0000000000000000       0.0000000000000000        401
  85.592443      54.221757      -0.0000000000000000       0.0000000000000000        401
  88.671457      54.143125      -0.0000000000000000       0.0000000000000000        401
  91.744833      54.066342      -0.0000000000000000       0.0000000000000000        401
  94.812755      53.991626      -0.0000000000000000       0.0000000000000000        401
  97.875416      53.919188      -0.0000000000000000       0.0000000000000000        401
  100.933025      53.849229      -0.0000000000000000       0.0000000000000000        401
  103.985796      53.781946      -0.0000000000000000       0.0000000000000000        401
  107.033955      53.717525      -0.0000000000000000       0.0000000000000000        401
  110.077738      53.656143      -0.0000000000000000       0.0000000000000000        401
  113.117385      53.597971      -0.0000000000000000       0.0000000000000000        401
  116.153148      53.543166      -0.0000000000000000       0.0000000000000000        401
  119.185281      53.491878      -0.0000000000000000       0.0000000000000000        401
  122.214048      53.444248      -0.0000000000000000       0.0000000000000000        430
  125.239716      53.400404      -0.0000000000000000       0.0000000000000000        430
  128.262558      53.360465      -0.0000000000000000       0.0000000000000000        430
  131.282851      53.324537      -0.0000000000000000       0.0000000000000000        430
  134.300876      53.292719      -0.0000000000000000       0.0000000000000000        430
  137.316917      53.265095      -0.0000000000000000       0.0000000000000000        454
  140.331261      53.241739      -0.0000000000000000       0.0000000000000000        622
  143.344197      53.222714      -0.0000000000000000       0.0000000000000000          0
  146.356017      53.208070      -0.0000000000000000       0.0000000000000000          0
  47.963507      52.618791      -0.0000000000000000       0.0000000000000000        302
  51.116536      52.536748      -0.0000000000000000       0.0000000000000000        302
  54.263561      52.453603      -0.0000000000000000       0.0000000000000000        302
  57.404556      52.369607      -0.0000000000000000       0.0000000000000000        302
  60.539519      52.285013      -0.0000000000000000       0.0000000000000000        390
  63.668464      52.200078      -0.0000000000000000       0.0000000000000000        465
  66.791424      52.115053      -0.0000000000000000       0.0000000000000000        458
  69.908449      52.030191      -0.0000000000000000       0.0000000000000000        459
  73.019607      51.945744      -0.0000000000000000       0.0000000000000000        460
  76.124981      51.861958      -0.0000000000000000       0.0000000000000000        462
  79.224671      51.779079      -0.0000000000000000       0.0000000000000000        401
  82.318789      51.697347      -0.0000000000000000       0.0000000000000000        401
  85.407465      51.616998      -0.0000000000000000       0.0000000000000000        401
  88.490838      51.538263      -0.0000000000000000       0.0000000000000000        401
  91.569063      51.461367      -0.0000000000000000       0.0000000000000000        401
  94.642304      51.386529      -0.0000000000000000       0.0000000000000000        401
  97.710738      51.313961      -0.0000000000000000       0.0000000000000000        401
  100.774551      51.243866      -0.0000000000000000       0.0000000000000000        401
  103.833938      51.176443      -0.0000000000000000       0.0000000000000000        401
  106.889105      51.111878      -0.0000000000000000       0.0000000000000000        401
  109.940266      51.050352      -0.0000000000000000       0.0000000000000000        401
  112.987639      50.992034      -0.0000000000000000       0.0000000000000000        430
  116.031453      50.937087      -0.0000000000000000       0.0000000000000000        430
  119.071942      50.885661      -0.0000000000000000       0.0000000000000000        430
  122.109345      50.837897      -0.0000000000000000       0.0000000000000000        430
  125.143906      50.793925      -0.0000000000000000       0.0000000000000000        430
  128.175876      50.753866      -0.0000000000000000       0.0000000000000000        430
  131.205508      50.717829      -0.0000000000000000       0.0000000000000000        455
  134.233058      50.685910      -0.0000000000000000       0.0000000000000000        455
  137.258788      50.658198      -0.0000000000000000       0.0000000000000000        454
  140.282960      50.634766      -0.0000000000000000       0.0000000000000000        619
  143.305841      50.615678      -0.0000000000000000       0.0000000000000000          0
  146.327697      50.600985      -0.0000000000000000       0.0000000000000000          0
  47.791346      50.013867      -0.0000000000000000       0.0000000000000000        302
  50.942074      49.931893      -0.0000000000000000       0.0000000000000000        302
  54.087339      49.848802      -0.0000000000000000       0.0000000000000000        302
  57.227118      49.764847      -0.0000000000000000       0.0000000000000000        302
  60.361403      49.680281      -0.0000000000000000       0.0000000000000000        390
  63.490205      49.595358      -0.0000000000000000       0.0000000000000000        465
  66.613554      49.510331      -0.0000000000000000       0.0000000000000000        458
  69.731491      49.425454      -0.0000000000000000       0.0000000000000000        459
  72.844075      49.340976      -0.0000000000000000       0.0000000000000000        461
  75.951382      49.257147      -0.0000000000000000       0.0000000000000000        463
  79.053499      49.174211      -0.0000000000000000       0.0000000000000000        462
  82.150527      49.092409      -0.0000000000000000       0.0000000000000000        401
  85.242581      49.011980      -0.0000000000000000       0.0000000000000000        401
  88.329789      48.933154      -0.0000000000000000       0.0000000000000000        401
  91.412288      48.856158      -0.0000000000000000       0.0000000000000000        401
  94.490228      48.781211      -0.0000000000000000       0.0000000000000000        430
  97.563769      48.708528      -0.0000000000000000       0.0000000000000000        430
  100.633079      48.638312      -0.0000000000000000       0.0000000000000000        430
  103.698337      48.570764      -0.0000000000000000       0.0000000000000000        430
  106.759729      48.506071      -0.0000000000000000       0.0000000000000000        430
  109.817449      48.444416      -0.0000000000000000       0.0000000000000000        430
  112.871698      48.385970      -0.0000000000000000       0.0000000000000000        430
  115.922684      48.330895      -0.0000000000000000       0.0000000000000000        430
  118.970620      48.279345      -0.0000000000000000       0.0000000000000000        430
  122.015726      48.231461      -0.0000000000000000       0.0000000000000000        455
  125.058225      48.187376      -0.0000000000000000       0.0000000000000000        455
  128.098345      48.147210      -0.0000000000000000       0.0000000000000000        455
  131.136320      48.111074      -0.0000000000000000       0.0000000000000000        454
  134.172384      48.079067      -0.0000000000000000       0.0000000000000000        454
  137.206777      48.051275      -0.0000000000000000       0.0000000000000000        619
  140.239740      48.027775      -0.0000000000000000       0.0000000000000000        625
  143.271516      48.008631      -0.0000000000000000       0.0000000000000000          0
  146.302351      47.993895      -0.0000000000000000       0.0000000000000000          0
  47.636904      47.408715      -0.0000000000000000       0.0000000000000000        302
  50.785517      47.326802      -0.0000000000000000       0.0000000000000000        302
  53.929153      47.243761      -0.0000000000000000       0.0000000000000000        302
  57.067787      47.159844      -0.0000000000000000       0.0000000000000000        302
  60.201411      47.075303      -0.0000000000000000       0.0000000000000000        390
  63.330035      46.990392      -0.0000000000000000       0.0000000000000000        466
  66.453681      46.905364      -0.0000000000000000       0.0000000000000000        458
  69.572386      46.820473      -0.0000000000000000       0.0000000000000000        459
  72.686204      46.735969      -0.0000000000000000       0.0000000000000000        461
  75.795200      46.652101      -0.0000000000000000       0.0000000000000000        463
  78.899453      46.569115      -0.0000000000000000       0.0000000000000000        464
  81.999053      46.487252      -0.0000000000000000       0.0000000000000000        464
  85.094106      46.406751      -0.0000000000000000       0.0000000000000000        450
  88.184724      46.327843      -0.0000000000000000       0.0000000000000000        450
  91.271034      46.250757      -0.0000000000000000       0.0000000000000000        401
  94.353171      46.175713      -0.0000000000000000       0.0000000000000000        401
  97.431280      46.102926      -0.0000000000000000       0.0000000000000000        430
  100.505514      46.032602      -0.0000000000000000       0.0000000000000000        430
  103.576035      45.964941      -0.0000000000000000       0.0000000000000000        430
  106.643015      45.900133      -0.0000000000000000       0.0000000000000000        430
  109.706628      45.838362      -0.0000000000000000       0.0000000000000000        430
  112.767060      45.779800      -0.0000000000000000       0.0000000000000000        455
  115.824499      45.724611      -0.0000000000000000       0.0000000000000000        455
  118.879142      45.672949      -0.0000000000000000       0.0000000000000000        455
  121.931188      45.624957      -0.0000000000000000       0.0000000000000000        453
  124.980842      45.580769      -0.0000000000000000       0.0000000000000000        453
  128.028314      45.540507      -0.0000000000000000       0.0000000000000000        453
  131.073817      45.504282      -0.0000000000000000       0.0000000000000000        454
  134.117566      45.472194      -0.0000000000000000       0.0000000000000000        454
  137.159781      45.444331      -0.0000000000000000       0.0000000000000000        619
  140.200683      45.420770      -0.0000000000000000       0.0000000000000000        625
  143.240496      45.401575      -0.0000000000000000       0.0000000000000000          0
  146.279446      45.386799      -0.0000000000000000       0.0000000000000000          0
  47.497029      44.803375      -0.0000000000000000       0.0000000000000000        301
  50.643687      44.721519      -0.0000000000000000       0.0000000000000000        301
  53.785805      44.638524      -0.0000000000000000       0.0000000000000000        301
  56.923360      44.554641      -0.0000000000000000       0.0000000000000000        302
  60.056343      44.470123      -0.0000000000000000       0.0000000000000000        390
  63.184762      44.385224      -0.0000000000000000       0.0000000000000000        466
  66.308635      44.300196      -0.0000000000000000       0.0000000000000000        466
  69.427997      44.215293      -0.0000000000000000       0.0000000000000000        466
  72.542893      44.130765      -0.0000000000000000       0.0000000000000000        459
  75.653382      44.046863      -0.0000000000000000       0.0000000000000000        460
  78.759535      43.963831      -0.0000000000000000       0.0000000000000000        460
  81.861435      43.881913      -0.0000000000000000       0.0000000000000000        461
  84.959176      43.801347      -0.0000000000000000       0.0000000000000000        459
  88.052859      43.722366      -0.0000000000000000       0.0000000000000000        451
  91.142601      43.645198      -0.0000000000000000       0.0000000000000000        451
  94.228523      43.570066      -0.0000000000000000       0.0000000000000000        451
  97.310757      43.497185      -0.0000000000000000       0.0000000000000000        451
  100.389444      43.426763      -0.0000000000000000       0.0000000000000000        451
  103.464730      43.358999      -0.0000000000000000       0.0000000000000000        451
  106.536772      43.294088      -0.0000000000000000       0.0000000000000000        430
  109.605730      43.232211      -0.0000000000000000       0.0000000000000000        453
  112.671773      43.173543      -0.0000000000000000       0.0000000000000000        453
  115.735073      43.118250      -0.0000000000000000       0.0000000000000000        601
  118.795810      43.066486      -0.0000000000000000       0.0000000000000000        601
  121.854166      43.018396      -0.0000000000000000       0.0000000000000000        601
  124.910330      42.974115      -0.0000000000000000       0.0000000000000000        601
  127.964493      42.933765      -0.0000000000000000       0.0000000000000000        601
  131.016850      42.897459      -0.0000000000000000       0.0000000000000000        601
  134.067598      42.865297      -0.0000000000000000       0.0000000000000000        619
  137.116940      42.837369      -0.0000000000000000       0.0000000000000000          0
  140.165077      42.813752      -0.0000000000000000       0.0000000000000000        626
  143.212215      42.794511      -0.0000000000000000       0.0000000000000000          0
  146.258561      42.779699      -0.0000000000000000       0.0000000000000000          0
  47.369251      42.197880      -0.0000000000000000       0.0000000000000000        301
  50.514088      42.116075      -0.0000000000000000       0.0000000000000000        301
  53.654785      42.033122      -0.0000000000000000       0.0000000000000000        301
  56.791319      41.949271      -0.0000000000000000       0.0000000000000000        301
  59.923681      41.864775      -0.0000000000000000       0.0000000000000000        301
  63.051877      41.779887      -0.0000000000000000       0.0000000000000000        467
  66.175924      41.694859      -0.0000000000000000       0.0000000000000000        467
  69.295850      41.609946      -0.0000000000000000       0.0000000000000000        466
  72.411699      41.525397      -0.0000000000000000       0.0000000000000000        466
  75.523522      41.441464      -0.0000000000000000       0.0000000000000000        466
  78.631383      41.358391      -0.0000000000000000       0.0000000000000000        467
  81.735357      41.276422      -0.0000000000000000       0.0000000000000000        580
  84.835530      41.195797      -0.0000000000000000       0.0000000000000000        580
  87.931994      41.116749      -0.0000000000000000       0.0000000000000000        580
  91.024853      41.039508      -0.0000000000000000       0.0000000000000000        580
  94.114219      40.964295      -0.0000000000000000       0.0000000000000000        451
  97.200213      40.891328      -0.0000000000000000       0.0000000000000000        451
  100.282961      40.820816      -0.0000000000000000       0.0000000000000000        451
  103.362598      40.752959      -0.0000000000000000       0.0000000000000000        451
  106.439267      40.687952      -0.0000000000000000       0.0000000000000000        451
  109.513113      40.625978      -0.0000000000000000       0.0000000000000000        601
  112.584291      40.567214      -0.0000000000000000       0.0000000000000000        601
  115.652959      40.511825      -0.0000000000000000       0.0000000000000000        601
  118.719280      40.459968      -0.0000000000000000       0.0000000000000000        601
  121.783422      40.411788      -0.0000000000000000       0.0000000000000000        601
  124.845557      40.367421      -0.0000000000000000       0.0000000000000000        601
  127.905859      40.326990      -0.0000000000000000       0.0000000000000000        601
  130.964507      40.290610      -0.0000000000000000       0.0000000000000000          0
  134.021682      40.258381      -0.0000000000000000       0.0000000000000000          0
  137.077569      40.230393      -0.0000000000000000       0.0000000000000000          0
  140.132353      40.206724      -0.0000000000000000       0.0000000000000000        626
  143.186222      40.187441      -0.0000000000000000       0.0000000000000000        625
  146.239365      40.172596      -0.0000000000000000       0.0000000000000000          0
  47.251599      39.592253      -0.0000000000000000       0.0000000000000000        526
  50.394732      39.510497      -0.0000000000000000       0.0000000000000000        301
  53.534090      39.427583      -0.0000000000000000       0.0000000000000000        301
  56.669654      39.343762      -0.0000000000000000       0.0000000000000000        301
  59.801414      39.259287      -0.0000000000000000       0.0000000000000000        301
  62.929375      39.174409      -0.0000000000000000       0.0000000000000000        301
  66.053552      39.089382      -0.0000000000000000       0.0000000000000000        467
  69.173970      39.004459      -0.0000000000000000       0.0000000000000000        467
  72.290668      38.919892      -0.0000000000000000       0.0000000000000000        590
  75.403693      38.835930      -0.0000000000000000       0.0000000000000000        590
  78.513103      38.752819      -0.0000000000000000       0.0000000000000000        580
  81.618965      38.670805      -0.0000000000000000       0.0000000000000000        580
  84.721357      38.590125      -0.0000000000000000       0.0000000000000000        580
  87.820363      38.511016      -0.0000000000000000       0.0000000000000000        580
  90.916079      38.433706      -0.0000000000000000       0.0000000000000000        456
  94.008605      38.358420      -0.0000000000000000       0.0000000000000000        456
  97.098052      38.285374      -0.0000000000000000       0.0000000000000000        456
  100.184534      38.214778      -0.0000000000000000       0.0000000000000000        456
  103.268176      38.146835      -0.0000000000000000       0.0000000000000000        451
  106.349106      38.081740      -0.0000000000000000       0.0000000000000000        601
  109.427458      38.019677      -0.0000000000000000       0.0000000000000000        601
  112.503373      37.960823      -0.0000000000000000       0.0000000000000000        601
  115.576994      37.905346      -0.0000000000000000       0.0000000000000000        601
  118.648472      37.853403      -0.0000000000000000       0.0000000000000000        601
  121.717958      37.805140      -0.0000000000000000       0.0000000000000000        601
  124.785610      37.760693      -0.0000000000000000       0.0000000000000000        601
  127.851588      37.720188      -0.0000000000000000       0.0000000000000000        601
  130.916055      37.683739      -0.0000000000000000       0.0000000000000000          0
  133.979176      37.651447      -0.0000000000000000       0.0000000000000000          0
  137.041119      37.623404      -0.0000000000000000       0.0000000000000000          0
  140.102055      37.599688      -0.0000000000000000       0.0000000000000000          0
  143.162154      37.580365      -0.0000000000000000       0.0000000000000000        625
  146.221590      37.565490      -0.0000000000000000       0.0000000000000000          0
  47.142482      36.986517      -0.0000000000000000       0.0000000000000000        505
  50.284010      36.904805      -0.0000000000000000       0.0000000000000000        505
  53.422102      36.821928      -0.0000000000000000       0.0000000000000000        505
  56.556740      36.738136      -0.0000000000000000       0.0000000000000000        505
  59.687917      36.653679      -0.0000000000000000       0.0000000000000000        301
  62.815634      36.568812      -0.0000000000000000       0.0000000000000000        301
  65.939905      36.483786      -0.0000000000000000       0.0000000000000000        301
  69.060755      36.398855      -0.0000000000000000       0.0000000000000000        301
  72.178217      36.314270      -0.0000000000000000       0.0000000000000000      50601
  75.292334      36.230282      -0.0000000000000000       0.0000000000000000        591
  78.403159      36.147137      -0.0000000000000000       0.0000000000000000        457
  81.510753      36.065080      -0.0000000000000000       0.0000000000000000        457
  84.615186      35.984351      -0.0000000000000000       0.0000000000000000        457
  87.716536      35.905184      -0.0000000000000000       0.0000000000000000        457
  90.814888      35.827811      -0.0000000000000000       0.0000000000000000        457
  93.910335      35.752456      -0.0000000000000000       0.0000000000000000        457
  97.002976      35.679337      -0.0000000000000000       0.0000000000000000        457
  100.092918      35.608664      -0.0000000000000000       0.0000000000000000        456
  103.180272      35.540641      -0.0000000000000000       0.0000000000000000        456
  106.265155      35.475464      -0.0000000000000000       0.0000000000000000        456
  109.347690      35.413318      -0.0000000000000000       0.0000000000000000        601
  112.428005      35.354381      -0.0000000000000000       0.0000000000000000        601
  115.506230      35.298822      -0.0000000000000000       0.0000000000000000        601
  118.582502      35.246798      -0.0000000000000000       0.0000000000000000        601
  121.656960      35.198458      -0.0000000000000000       0.0000000000000000        601
  124.729747      35.153937      -0.0000000000000000       0.0000000000000000        601
  127.801009      35.113363      -0.0000000000000000       0.0000000000000000        601
  130.870895      35.076849      -0.0000000000000000       0.0000000000000000          0
  133.939554      35.044500      -0.0000000000000000       0.0000000000000000          0
  137.007141      35.016405      -0.0000000000000000       0.0000000000000000          0
  140.073809      34.992645      -0.0000000000000000       0.0000000000000000        629
  143.139716      34.973285      -0.0000000000000000       0.0000000000000000          0
  146.205018      34.958381      -0.0000000000000000       0.0000000000000000          0
  47.040598      34.380687      -0.0000000000000000       0.0000000000000000          0
  50.180606      34.299018      -0.0000000000000000       0.0000000000000000        505
  53.317494      34.216175      -0.0000000000000000       0.0000000000000000        505
  56.451246      34.132409      -0.0000000000000000       0.0000000000000000        505
  59.581854      34.047971      -0.0000000000000000       0.0000000000000000        505
  62.709321      33.963114      -0.0000000000000000       0.0000000000000000        506
  65.833659      33.878089      -0.0000000000000000       0.0000000000000000      50601
  68.954890      33.793151      -0.0000000000000000       0.0000000000000000      50601
  72.073045      33.708550      -0.0000000000000000       0.0000000000000000        501
  75.188162      33.624538      -2.4346312674057602       0.8380589684158292        606
  78.300290      33.541361      -0.0000000000000000       0.0000000000000000          0
  81.409484      33.459265      -0.0000000000000000       0.0000000000000000          0
  84.515808      33.378488      -0.0000000000000000       0.0000000000000000          0
  87.619333      33.299269      -2.1257934364428830       1.1059170220719181        606
  90.720136      33.221837      -0.0000000000000000       0.0000000000000000          0
  93.818301      33.146418      -0.0000000000000000       0.0000000000000000          0
  96.913919      33.073230      -0.0000000000000000       0.0000000000000000          0
  100.007087      33.002485      -0.0000000000000000       0.0000000000000000        602
  103.097905      32.934387      -0.0000000000000000       0.0000000000000000        602
  106.186480      32.869133      -0.0000000000000000       0.0000000000000000        602
  109.272924      32.806910      -0.0000000000000000       0.0000000000000000        602
  112.357352      32.747895      -0.0000000000000000       0.0000000000000000        601
  115.439885      32.692259      -0.0000000000000000       0.0000000000000000        601
  118.520645      32.640160      -0.0000000000000000       0.0000000000000000        601
  121.599758      32.591747      -0.0000000000000000       0.0000000000000000        601
  124.677356      32.547157      -0.0000000000000000       0.0000000000000000        601
  127.753569      32.506518      -0.0000000000000000       0.0000000000000000        601
  130.828533      32.469944      -0.0000000000000000       0.0000000000000000          0
  133.902385      32.437540      -0.0000000000000000       0.0000000000000000          0
  136.975263      32.409397      -0.0000000000000000       0.0000000000000000          0
  140.047309      32.385595      -0.0000000000000000       0.0000000000000000          0
  143.118663      32.366201      -0.0000000000000000       0.0000000000000000          0
  146.189469      32.351271      -0.0000000000000000       0.0000000000000000          0
  46.944868      31.774778      -2.6671800184000487       0.8010059121572359        503
  50.083429      31.693149      -0.0000000000000000       0.0000000000000000          0
  53.219166      31.610339      -0.0000000000000000       0.0000000000000000        505
  56.352065      31.526598      -0.0000000000000000       0.0000000000000000        505
  59.482120      31.442178      -0.0000000000000000       0.0000000000000000        505
  62.609332      31.357329      -0.0000000000000000       0.0000000000000000      50601
  65.733713      31.272306      -0.0000000000000000       0.0000000000000000      50601
  68.855284      31.187361      -0.0000000000000000       0.0000000000000000        501
  71.974071      31.102746      -0.0000000000000000       0.0000000000000000        501
  75.090110      31.018712      -0.0000000000000000       0.0000000000000000        501
  78.203446      30.935505      -2.3697411078620165       0.8623933337937437        606
  81.314129      30.853371      -2.2959237546490541       0.9259366948212526        606
  84.422217      30.772552      -2.2154106255095525       0.9869979068899447        606
  87.527773      30.693282      -2.1284533367167926       1.0454279513323623        606
  90.630869      30.615795      -2.0353207004271159       1.1010880748013046        606
  93.731580      30.540316      -1.9362978328357721       1.1538497820584028        606
  96.829989      30.467063      -0.0000000000000000       0.0000000000000000          0
  99.926184      30.396251      -0.0000000000000000       0.0000000000000000        602
  103.020255      30.328083      -0.0000000000000000       0.0000000000000000        602
  106.112301      30.262756      -0.0000000000000000       0.0000000000000000        602
  109.202421      30.200460      -0.0000000000000000       0.0000000000000000        602
  112.290720      30.141372      -0.0000000000000000       0.0000000000000000        602
  115.377307      30.085664      -0.0000000000000000       0.0000000000000000        602
  118.462293      30.033494      -0.0000000000000000       0.0000000000000000        602
  121.545792      29.985012      -0.0000000000000000       0.0000000000000000        602
  124.627923      29.940357      -0.0000000000000000       0.0000000000000000        602
  127.708804      29.899656      -0.0000000000000000       0.0000000000000000        602
  130.788557      29.863026      -0.0000000000000000       0.0000000000000000          0
  133.867306      29.830570      -0.0000000000000000       0.0000000000000000          0
  136.945177      29.802381      -0.0000000000000000       0.0000000000000000          0
  140.022296      29.778540      -0.0000000000000000       0.0000000000000000          0
  143.098791      29.759114      -0.0000000000000000       0.0000000000000000          0
  146.174792      29.744158      -0.0000000000000000       0.0000000000000000          0
  46.854387      29.168801      -2.6623946950171682       0.9826395347834278        503
  49.991564      29.087210      -2.8243553980370200       1.0614067431093317        503
  53.126197      29.004432      -0.0000000000000000       0.0000000000000000          0
  56.258273      28.920715      -0.0000000000000000       0.0000000000000000        505
  59.387786      28.836311      -0.0000000000000000       0.0000000000000000        505
  62.514740      28.751472      -0.0000000000000000       0.0000000000000000      50601
  65.639144      28.666451      -0.0000000000000000       0.0000000000000000      50601
  68.761018      28.581500      -0.0000000000000000       0.0000000000000000        501
  71.880386      28.496871      -0.0000000000000000       0.0000000000000000        501
  74.997282      28.412815      -0.0000000000000000       0.0000000000000000        501
  78.111746      28.329580      -0.0000000000000000       0.0000000000000000        501
  81.223822      28.247412      -0.0000000000000000       0.0000000000000000        501
  84.333564      28.166551      -2.2177985813607366       0.9293198077047054        606
  87.441030      28.087235      -2.1309682760522812       0.9831232889733194        606
  90.546284      28.009695      -2.0379397222508917       1.0343531991057728        606
  93.649395      27.934159      -0.0000000000000000       0.0000000000000000        501
  96.750437      27.860846      -1.8344395074723177       1.1286367483113660        606
  99.849489      27.789969      -0.0000000000000000       0.0000000000000000        602
  102.946635      27.721734      -0.0000000000000000       0.0000000000000000        602
  106.041960      27.656340      -0.0000000000000000       0.0000000000000000        602
  109.135557      27.593974      -0.0000000000000000       0.0000000000000000        602
  112.227519      27.534817      -0.0000000000000000       0.0000000000000000        602
  115.317945      27.479040      -0.0000000000000000       0.0000000000000000        602
  118.406933      27.426803      -0.0000000000000000       0.0000000000000000        602
  121.494589      27.378256      -0.0000000000000000       0.0000000000000000        602
  124.581016      27.333539      -0.0000000000000000       0.0000000000000000        602
  127.666322      27.292780      -0.0000000000000000       0.0000000000000000          0
  130.750617      27.256096      -0.0000000000000000       0.0000000000000000          0
  133.834013      27.223591      -0.0000000000000000       0.0000000000000000          0
  136.916620      27.195359      -0.0000000000000000       0.0000000000000000          0
  139.998553      27.171481      -0.0000000000000000       0.0000000000000000          0
  143.079928      27.152024      -0.0000000000000000       0.0000000000000000          0
  146.160858      27.137044      -0.0000000000000000       0.0000000000000000          0
  46.768390      26.562767      -2.6578403338928620       1.1626752621784553        503
  49.904236      26.481212      -2.8199593485629748       1.2351922454509967        503
  53.037804      26.398463      -2.9735248945992869       1.3111924214194710        503
  56.169081      26.314770      -0.0000000000000000       0.0000000000000000          0
  59.298064      26.230382      -0.0000000000000000       0.0000000000000000      50602
  62.424756      26.145552      -0.0000000000000000       0.0000000000000000      50602
  65.549167      26.060532      -0.0000000000000000       0.0000000000000000      50602
  68.671314      25.975576      -0.0000000000000000       0.0000000000000000        501
  71.791220      25.890934      -0.0000000000000000       0.0000000000000000        501
  74.908916      25.806859      -0.0000000000000000       0.0000000000000000        501
  78.024437      25.723598      -0.0000000000000000       0.0000000000000000        501
  81.137826      25.641396      -0.0000000000000000       0.0000000000000000        501
  84.249130      25.560496      -0.0000000000000000       0.0000000000000000        501
  87.358402      25.481135      -0.0000000000000000       0.0000000000000000        501
  90.465699      25.403546      -0.0000000000000000       0.0000000000000000        501
  93.571084      25.327956      -0.0000000000000000       0.0000000000000000        607
  96.674623      25.254585       0.0741185935516242      -0.1150504145508421        603
  99.776389      25.183647       0.0676660449036655      -0.1165904980090709        603
  102.876454      25.115349      -0.0000000000000000       0.0000000000000000        602
  105.974898      25.049889      -0.0000000000000000       0.0000000000000000        602
  109.071801      24.987458      -0.0000000000000000       0.0000000000000000        602
  112.167249      24.928235      -0.0000000000000000       0.0000000000000000        602
  115.261329      24.872392      -0.0000000000000000       0.0000000000000000        602
  118.354130      24.820091      -0.0000000000000000       0.0000000000000000        602
  121.445744      24.771482      -0.0000000000000000       0.0000000000000000        602
  124.536266      24.726706      -0.0000000000000000       0.0000000000000000          0
  127.625791      24.685892      -0.0000000000000000       0.0000000000000000          0
  130.714417      24.649156      -0.0000000000000000       0.0000000000000000          0
  133.802243      24.616605      -0.0000000000000000       0.0000000000000000          0
  136.889369      24.588332      -0.0000000000000000       0.0000000000000000          0
  139.975895      24.564418      -0.0000000000000000       0.0000000000000000          0
  143.061925      24.544931      -0.0000000000000000       0.0000000000000000          0
  146.147561      24.529929      -0.0000000000000000       0.0000000000000000          0
  46.686219      23.956683      -2.6534830412791273       1.3407089478917000        503
  49.820781      23.875163      -2.8157521123839300       1.4068561128248060        503
  52.953317      23.792443      -2.9694990962102681       1.4761342589907283        503
  56.083817      23.708772      -0.0000000000000000       0.0000000000000000          0
  59.212279      23.624400      -0.0000000000000000       0.0000000000000000      50602
  62.338706      23.539579      -0.0000000000000000       0.0000000000000000      50602
  65.463108      23.454561      -0.0000000000000000       0.0000000000000000          0
  68.585502      23.369599      -0.0000000000000000       0.0000000000000000        501
  71.705908      23.284946      -0.0000000000000000       0.0000000000000000        501
  74.824355      23.200851      -0.0000000000000000       0.0000000000000000        501
  77.940876      23.117565      -0.0000000000000000       0.0000000000000000        501
  81.055508      23.035332      -0.0000000000000000       0.0000000000000000        501
  84.168294      22.954395      -0.0000000000000000       0.0000000000000000        501
  87.279282      22.874991      -0.0000000000000000       0.0000000000000000        501
  90.388524      22.797355      -0.0000000000000000       0.0000000000000000        501
  93.496076      22.721713      -0.0000000000000000       0.0000000000000000        607
  96.601997      22.648287       0.0742671475862225      -0.1114683331343459        603
  99.706351      22.577291       0.0678140019017428      -0.1128467191025456        603
  102.809206      22.508932       0.0046976716903164      -0.0672462659396408      60401
  105.910629      22.443410      -0.0000000000000000       0.0000000000000000        602
  109.010694      22.380915      -0.0000000000000000       0.0000000000000000        602
  112.109477      22.321629      -0.0000000000000000       0.0000000000000000        602
  115.207053      22.265724      -0.0000000000000000       0.0000000000000000        602
  118.303504      22.213361      -0.0000000000000000       0.0000000000000000        602
  121.398910      22.164693      -0.0000000000000000       0.0000000000000000          0
  124.493354      22.119861      -0.0000000000000000       0.0000000000000000          0
  127.586922      22.078993      -0.0000000000000000       0.0000000000000000          0
  130.679699      22.042208      -0.0000000000000000       0.0000000000000000          0
  133.771772      22.009612      -0.0000000000000000       0.0000000000000000          0
  136.863230      21.981299      -0.0000000000000000       0.0000000000000000          0
  139.954161      21.957351      -0.0000000000000000       0.0000000000000000          0
  143.044656      21.937837      -0.0000000000000000       0.0000000000000000          0
  146.134805      21.922812      -0.0000000000000000       0.0000000000000000          0
  46.607307      21.350557      -2.6492933615153618       1.5163458274509547        503
  49.740622      21.269070      -2.8117054239200883       1.5760149770102034        503
  52.872154      21.186379      -2.9656256138154946       1.6384545286536811        503
  56.001894      21.102729      -0.0000000000000000       0.0000000000000000          0
  59.129842      21.018372      -0.0000000000000000       0.0000000000000000          0
  62.256002      20.933560      -0.0000000000000000       0.0000000000000000          0
  65.380382      20.848544      -0.0000000000000000       0.0000000000000000          0
  68.503000      20.763577      -0.0000000000000000       0.0000000000000000          0
  71.623874      20.678912      -0.0000000000000000       0.0000000000000000        501
  74.743031      20.594800      -0.0000000000000000       0.0000000000000000        501
  77.860500      20.511490      -0.0000000000000000       0.0000000000000000        501
  80.976315      20.429227      -0.0000000000000000       0.0000000000000000        501
  84.090515      20.348254      -0.0000000000000000       0.0000000000000000        501
  87.203144      20.268810      -0.0000000000000000       0.0000000000000000        501
  90.314246      20.191128      -0.0000000000000000       0.0000000000000000          0
  93.423873      20.115436      -0.0000000000000000       0.0000000000000000        607
  96.532078      20.041957       0.0744100510244420      -0.1076646280046524        603
  99.638916      19.970905       0.0400643140943504      -0.0373312592450424      60301
  102.744447      19.902488       0.0054206030388589      -0.0369560908956596        604
  105.848733      19.836906      -0.0292251366746560      -0.0359738675106035      60406
  108.951836      19.774351      -0.0000000000000000       0.0000000000000000      60201
  112.053824      19.715004      -0.0000000000000000       0.0000000000000000        602
  115.154764      19.659038      -0.0000000000000000       0.0000000000000000        612
  118.254726      19.606616      -0.0000000000000000       0.0000000000000000          0
  121.353781      19.557891      -0.0000000000000000       0.0000000000000000          0
  124.452002      19.513004      -0.0000000000000000       0.0000000000000000          0
  127.549462      19.472085      -0.0000000000000000       0.0000000000000000          0
  130.646237      19.435253      -0.0000000000000000       0.0000000000000000          0
  133.742402      19.402614      -0.0000000000000000       0.0000000000000000          0
  136.838034      19.374263      -0.0000000000000000       0.0000000000000000          0
  139.933210      19.350282      -0.0000000000000000       0.0000000000000000          0
  143.028009      19.330740      -0.0000000000000000       0.0000000000000000          0
  146.122508      19.315695      -0.0000000000000000       0.0000000000000000          0
  46.531153      18.744396      -2.6452454016200644       1.6892004729179784        503
  49.663254      18.662942      -2.8077944170752938       1.7422953320410093        503
  52.793805      18.580277      -2.9618807895318371       1.7977925196947708        503
  55.922800      18.496648      -3.1070571851599920       1.8554791580949765        503
  59.050239      18.412306      -0.0000000000000000       0.0000000000000000          0
  62.176128      18.327502      -0.0000000000000000       0.0000000000000000          0
  65.300476      18.242488      -0.0000000000000000       0.0000000000000000          0
  68.423297      18.157517      -0.0000000000000000       0.0000000000000000          0
  71.544612      18.072842      -0.0000000000000000       0.0000000000000000        501
  74.664442      17.988713      -0.0000000000000000       0.0000000000000000        501
  77.782815      17.905379      -0.0000000000000000       0.0000000000000000        501
  80.899763      17.823087      -0.0000000000000000       0.0000000000000000        501
  84.015319      17.742080      -0.0000000000000000       0.0000000000000000        501
  87.129523      17.662597      -0.0000000000000000       0.0000000000000000          0
  90.242415      17.584871      -0.0000000000000000       0.0000000000000000          0
  93.354039      17.509132      -0.0000000000000000       0.0000000000000000          0
  96.464443      17.435601      -0.0000000000000000       0.0000000000000000       7250
  99.573676      17.364495       0.0407911954714997      -0.0070077998634997      60301
  102.681789      17.296022       0.0061200846312985      -0.0065894995239910        604
  105.788837      17.230382      -0.0285571449573384      -0.0056441297522093        604
  108.894874      17.167768      -0.0631391946748845      -0.0041810900516434      60405
  111.999959      17.108362      -0.0000000000000000       0.0000000000000000          0
  115.104149      17.052338      -0.0000000000000000       0.0000000000000000        612
  118.207505      16.999859      -0.0000000000000000       0.0000000000000000          0
  121.310089      16.951079      -0.0000000000000000       0.0000000000000000          0
  124.411963      16.906139      -0.0000000000000000       0.0000000000000000          0
  127.513190      16.865170      -0.0000000000000000       0.0000000000000000          0
  130.613834      16.828292      -0.0000000000000000       0.0000000000000000          0
  133.713960      16.795611      -0.0000000000000000       0.0000000000000000          0
  136.813633      16.767223      -0.0000000000000000       0.0000000000000000          0
  139.912919      16.743210      -0.0000000000000000       0.0000000000000000          0
  143.011885      16.723643      -0.0000000000000000       0.0000000000000000          0
  146.110597      16.708576      -0.0000000000000000       0.0000000000000000          0
  46.457316      16.138204      -2.6413161288861180       1.8588969189245159        503
  49.588229      16.056782      -2.8039969548241923       1.9053335923601820        503
  52.717817      15.974144      -2.9582435439389210       1.9537978944421597        503
  55.846078      15.890536      -3.1036065892512239       2.0040984469861649        503
  58.973012      15.806208      -0.0000000000000000       0.0000000000000000          0
  62.098627      15.721412      -0.0000000000000000       0.0000000000000000          0
  65.222931      15.636401      -0.0000000000000000       0.0000000000000000          0
  68.345939      15.551426      -0.0000000000000000       0.0000000000000000          0
  71.467669      15.466740      -0.0000000000000000       0.0000000000000000          0
  74.588142      15.382594      -0.0000000000000000       0.0000000000000000        501
  77.707382      15.299238      -0.0000000000000000       0.0000000000000000        501
  80.825419      15.216919      -0.0000000000000000       0.0000000000000000          0
  83.942282      15.135878      -0.0000000000000000       0.0000000000000000          0
  87.058006      15.056357      -0.0000000000000000       0.0000000000000000          0
  90.172626      14.978589      -0.0000000000000000       0.0000000000000000          0
  93.286182      14.902803      -0.0000000000000000       0.0000000000000000          0
  96.398715      14.829223      -0.0000000000000000       0.0000000000000000          0
  99.510267      14.758064       0.0682277008413311      -0.1002937673819381        603
  102.620883      14.689536       0.0068000055833753       0.0237905397210872        604
  105.730609      14.623840      -0.0279077227820400       0.0247004923624965        604
  108.839492      14.561169      -0.0625239018317643       0.0260468950608853        604
  111.947582      14.501706      -0.0000000000000000       0.0000000000000000        612
  115.054928      14.445625      -0.0000000000000000       0.0000000000000000          0
  118.161581      14.393091      -0.0000000000000000       0.0000000000000000          0
  121.267593      14.344257      -0.0000000000000000       0.0000000000000000          0
  124.373017      14.299266      -0.0000000000000000       0.0000000000000000          0
  127.477905      14.258249      -0.0000000000000000       0.0000000000000000          0
  130.582310      14.221326      -0.0000000000000000       0.0000000000000000          0
  133.686288      14.188605      -0.0000000000000000       0.0000000000000000          0
  136.789892      14.160181      -0.0000000000000000       0.0000000000000000          0
  139.893177      14.136137      -0.0000000000000000       0.0000000000000000          0
  142.996197      14.116544      -0.0000000000000000       0.0000000000000000          0
  146.099008      14.101458      -0.0000000000000000       0.0000000000000000          0
  46.385399      13.531988      -2.6374847988554064       2.0250689160337778        503
  49.515144      13.450597      -2.8002930826638956       2.0647762867589989        503
  52.643784      13.367984      -0.0000000000000000       0.0000000000000000          0
  55.771319      13.284397      -0.0000000000000000       0.0000000000000000          0
  58.897751      13.200084      -0.0000000000000000       0.0000000000000000          0
  62.023087      13.115296      -0.0000000000000000       0.0000000000000000          0
  65.147337      13.030286      -0.0000000000000000       0.0000000000000000          0
  68.270516      12.945308      -0.0000000000000000       0.0000000000000000          0
  71.392640      12.860612      -0.0000000000000000       0.0000000000000000          0
  74.513729      12.776450      -0.0000000000000000       0.0000000000000000        501
  77.633805      12.693073      -0.0000000000000000       0.0000000000000000        501
  80.752893      12.610726      -0.0000000000000000       0.0000000000000000          0
  83.871021      12.529654      -0.0000000000000000       0.0000000000000000          0
  86.988219      12.450095      -0.0000000000000000       0.0000000000000000          0
  90.104517      12.372286      -0.0000000000000000       0.0000000000000000          0
  93.219950      12.296455      -0.0000000000000000       0.0000000000000000          0
  96.334552      12.222826      -0.0000000000000000       0.0000000000000000          0
  99.448361      12.151616       0.0683581449353846      -0.0956967026782696      60302
  102.561413      12.083035       0.0074638822577014       0.0541210410184369      60402
  105.673747      12.017284      -0.0272735198809773       0.0549969652755282        604
  108.785404      11.954558      -0.0619229348092121       0.0562268874693385        604
  111.896424      11.895039      -0.0000000000000000       0.0000000000000000          0
  115.006848      11.838903      -0.0000000000000000       0.0000000000000000        613
  118.116717      11.786314      -0.0000000000000000       0.0000000000000000        613
  121.226075      11.737428      -0.0000000000000000       0.0000000000000000          0
  124.334964      11.692386      -0.0000000000000000       0.0000000000000000          0
  127.443427      11.651322      -0.0000000000000000       0.0000000000000000          0
  130.551507      11.614356      -0.0000000000000000       0.0000000000000000          0
  133.659247      11.581595      -0.0000000000000000       0.0000000000000000          0
  136.766690      11.553136      -0.0000000000000000       0.0000000000000000          0
  139.873882      11.529062      -0.0000000000000000       0.0000000000000000          0
  142.980864      11.509444      -0.0000000000000000       0.0000000000000000          0
  146.087680      11.494338      -0.0000000000000000       0.0000000000000000          0
  46.315040      10.925752      -0.0000000000000000       0.0000000000000000          0
  49.443634      10.844392      -0.0000000000000000       0.0000000000000000          0
  52.571336      10.761804      -0.0000000000000000       0.0000000000000000          0
  55.698149      10.678236      -0.0000000000000000       0.0000000000000000          0
  58.824079      10.593937      -0.0000000000000000       0.0000000000000000          0
  61.949132      10.509158      -0.0000000000000000       0.0000000000000000          0
  65.073320      10.424151      -0.0000000000000000       0.0000000000000000          0
  68.196655      10.339168      -0.0000000000000000       0.0000000000000000          0
  71.319155      10.254463      -0.0000000000000000       0.0000000000000000          0
  74.440836      10.170286      -0.0000000000000000       0.0000000000000000          0
  77.561721      10.086888      -0.0000000000000000       0.0000000000000000        501
  80.681830      10.004515      -0.0000000000000000       0.0000000000000000        502
  83.801188       9.923411      -0.0000000000000000       0.0000000000000000          0
  86.919820       9.843816      -0.0000000000000000       0.0000000000000000          0
  90.037755       9.765966      -0.0000000000000000       0.0000000000000000          0
  93.155019       9.690091      -0.0000000000000000       0.0000000000000000          0
  96.271643       9.616415      -0.0000000000000000       0.0000000000000000          0
  99.387656       9.545155       0.0007750040192971      -0.0008014990100120        647
  102.503091       9.476522       0.0081149366502750       0.0843391283950639      60402
  105.617978       9.410717      -0.0266514648774749       0.0851823874852520      60402
  108.732349       9.347936      -0.0613333890071999       0.0862961425740338        604
  111.846238       9.288362      -0.0000000000000000       0.0000000000000000        613
  114.959676       9.232172      -0.0000000000000000       0.0000000000000000        613
  118.072698       9.179531      -0.0000000000000000       0.0000000000000000        738
  121.185335       9.130593      -0.0000000000000000       0.0000000000000000          0
  124.297622       9.085502      -0.0000000000000000       0.0000000000000000          0
  127.409590       9.044392      -0.0000000000000000       0.0000000000000000          0
  130.521274       9.007383      -0.0000000000000000       0.0000000000000000          0
  133.632705       8.974583      -0.0000000000000000       0.0000000000000000          0
  136.743917       8.946089      -0.0000000000000000       0.0000000000000000          0
  139.854942       8.921986      -0.0000000000000000       0.0000000000000000          0
  142.965812       8.902343      -0.0000000000000000       0.0000000000000000          0
  146.076561       8.887218      -0.0000000000000000       0.0000000000000000          0
  46.245908       8.319500      -1.1579084855884429       0.8744574450198488        709
  49.373359       8.238170      -1.1569430693365721       0.8837128567562251        709
  52.500131       8.155607      -0.0000000000000000       0.0000000000000000          0
  55.626225       8.072059      -0.0000000000000000       0.0000000000000000          0
  58.751651       7.987774      -0.0000000000000000       0.0000000000000000          0
  61.876416       7.903003      -0.0000000000000000       0.0000000000000000          0
  65.000531       7.817999      -0.0000000000000000       0.0000000000000000          0
  68.124011       7.733013      -0.0000000000000000       0.0000000000000000          0
  71.246870       7.648298      -0.0000000000000000       0.0000000000000000          0
  74.369125       7.564106      -0.0000000000000000       0.0000000000000000          0
  77.490795       7.480687      -0.0000000000000000       0.0000000000000000        501
  80.611899       7.398288      -0.0000000000000000       0.0000000000000000        502
  83.732458       7.317153      -0.0000000000000000       0.0000000000000000          0
  86.852494       7.237523      -0.0000000000000000       0.0000000000000000          0
  89.972030       7.159634      -0.0000000000000000       0.0000000000000000          0
  93.091090       7.083715      -0.0000000000000000       0.0000000000000000          0
  96.209696       7.009993      -0.0000000000000000       0.0000000000000000          0
  99.327874       6.938683       0.0007827552636502      -0.0004641050929985        647
  102.445648       6.869999       0.0003775732306384      -0.0004589789609441      64701
  105.563043       6.804142      -0.0260387020781993       0.1151941147444276      60402
  108.680083       6.741307      -0.0000000000000000       0.0000000000000000          0
  111.796794       6.681679      -0.0000000000000000       0.0000000000000000        613
  114.913198       6.625436      -0.0000000000000000       0.0000000000000000          0
  118.029322       6.572742      -0.0000000000000000       0.0000000000000000          0
  121.145188       6.523753      -0.0000000000000000       0.0000000000000000          0
  124.260820       6.478614      -0.0000000000000000       0.0000000000000000          0
  127.376241       6.437458      -12.9874521402939570      -4.4244884435411054        678
  130.491474       6.400407      -0.0000000000000000       0.0000000000000000          0
  133.606542       6.367569      -0.0000000000000000       0.0000000000000000          0
  136.721467       6.339042      -0.0000000000000000       0.0000000000000000          0
  139.836271       6.314909      -0.0000000000000000       0.0000000000000000          0
  142.950974       6.295241      -0.0000000000000000       0.0000000000000000          0
  146.065598       6.280098      -0.0000000000000000       0.0000000000000000          0
  46.177689       5.713237      -1.1578910980572752       0.8798697950838026        709
  49.304005       5.631936      -0.0000000000000000       0.0000000000000000          0
  52.429848       5.549398      -0.0000000000000000       0.0000000000000000          0
  55.555224       5.465870      -0.0000000000000000       0.0000000000000000          0
  58.680142       5.381599      -0.0000000000000000       0.0000000000000000          0
  61.804612       5.296836      -0.0000000000000000       0.0000000000000000          0
  64.928647       5.211834      -0.0000000000000000       0.0000000000000000          0
  68.052259       5.126845      -0.0000000000000000       0.0000000000000000          0
  71.175463       5.042121      -0.0000000000000000       0.0000000000000000          0
  74.298275       4.957915      -0.0000000000000000       0.0000000000000000          0
  77.420711       4.874475      -0.0000000000000000       0.0000000000000000          0
  80.542789       4.792051      -0.0000000000000000       0.0000000000000000          0
  83.664527       4.710886      -0.0000000000000000       0.0000000000000000          0
  86.785942       4.631221      -0.0000000000000000       0.0000000000000000          0
  89.907053       4.553292      -0.0000000000000000       0.0000000000000000          0
  93.027879       4.477331      -0.0000000000000000       0.0000000000000000          0
  96.148439       4.403562       0.0011935561746081      -0.0001309395099876      67352
  99.268751       4.332204       0.0007904202581730      -0.0001258233747532      67301
  102.388833       4.263469       0.0003849705763115      -0.0001192783712083      64701
  105.508702       4.197560      -0.0000215927725957      -0.0001114079447802      64701
  108.628377       4.134672      -0.0000000000000000       0.0000000000000000          0
  111.747874       4.074991      -0.0000000000000000       0.0000000000000000          0
  114.867209       4.018695      -0.0000000000000000       0.0000000000000000          0
  117.986398       3.965949      -0.0000000000000000       0.0000000000000000          0
  121.105456       3.916911      -0.0000000000000000       0.0000000000000000          0
  124.224396       3.871724      -0.0000000000000000       0.0000000000000000          0
  127.343232       3.830523      -0.0000000000000000       0.0000000000000000          0
  130.461978       3.793430      -11.5965181334500450      -5.5823048406983053        678
  133.580644       3.760554      -0.0000000000000000       0.0000000000000000          0
  136.699244       3.731993      -0.0000000000000000       0.0000000000000000          0
  139.817787       3.707831      -0.0000000000000000       0.0000000000000000          0
  142.936284       3.688140      -0.0000000000000000       0.0000000000000000          0
  146.054745       3.672978      -0.0000000000000000       0.0000000000000000          0
  46.110089       3.106965      -1.1578722489804278       0.8835873232454021        709
  49.235271       3.025694      -0.0000000000000000       0.0000000000000000          0
  52.360185       2.943181      -0.0000000000000000       0.0000000000000000          0
  55.484839       2.859672      -0.0000000000000000       0.0000000000000000          0
  58.609244       2.775415      -0.0000000000000000       0.0000000000000000          0
  61.733413       2.690661      -0.0000000000000000       0.0000000000000000          0
  64.857357       2.605661      -0.0000000000000000       0.0000000000000000          0
  67.981091       2.520669      -0.0000000000000000       0.0000000000000000          0
  71.104628       2.435936      -0.0000000000000000       0.0000000000000000          0
  74.227982       2.351716      -0.0000000000000000       0.0000000000000000          0
  77.351170       2.268256      -0.0000000000000000       0.0000000000000000          0
  80.474205       2.185807      -0.0000000000000000       0.0000000000000000          0
  83.597103       2.104612      -0.0000000000000000       0.0000000000000000          0
  86.719878       2.024912      -0.0000000000000000       0.0000000000000000          0
  89.842545       1.946945      -0.0000000000000000       0.0000000000000000          0
  92.965118       1.870941      -0.0000000000000000       0.0000000000000000          0
  96.087610       1.797127      -0.0000000000000000       0.0000000000000000          0
  99.210034       1.725721       0.0007980317339468       0.0002126457360414      67301
  102.332401       1.656935       0.0003923175072440       0.0002206354152997      64701
  105.454723       1.590974      -0.0000145556188530       0.0002289477469416      64701
  108.577010       1.528034      -0.0000000000000000       0.0000000000000000        614
  111.699271       1.468300      -0.0000000000000000       0.0000000000000000          0
  114.821514       1.411952      -0.0000000000000000       0.0000000000000000          0
  117.943745       1.359155      -0.0000000000000000       0.0000000000000000      61405
  121.065971       1.310066      -0.0000000000000000       0.0000000000000000          0
  124.188196       1.264832      -0.0000000000000000       0.0000000000000000          0
  127.310424       1.223586      -0.0000000000000000       0.0000000000000000          0
  130.432659       1.186451      -0.0000000000000000       0.0000000000000000          0
  133.554901       1.153538      -0.0000000000000000       0.0000000000000000          0
  136.677152       1.124943      -0.0000000000000000       0.0000000000000000          0
  139.799412       1.100753      -0.0000000000000000       0.0000000000000000          0
  142.921680       1.081038      -0.0000000000000000       0.0000000000000000          0
  146.043956       1.065857      -0.0000000000000000       0.0000000000000000          0
  46.042822       0.500689      -0.0000000000000000       0.0000000000000000          0
  49.166867       0.419448      -0.0000000000000000       0.0000000000000000          0
  52.290846       0.336960      -0.0000000000000000       0.0000000000000000          0
  55.414772       0.253470      -0.0000000000000000       0.0000000000000000          0
  58.538658       0.169227      -0.0000000000000000       0.0000000000000000          0
  61.662517       0.084481      -0.0000000000000000       0.0000000000000000          0
  64.786362      -0.000515      -0.0000000000000000       0.0000000000000000          0
  67.910207      -0.085511      -0.0000000000000000       0.0000000000000000          0
  71.034066      -0.170252      -0.0000000000000000       0.0000000000000000          0
  74.157952      -0.254487      -0.0000000000000000       0.0000000000000000          0
  77.281879      -0.337966      -0.0000000000000000       0.0000000000000000          0
  80.405859      -0.420440      -0.0000000000000000       0.0000000000000000          0
  83.529905      -0.501665      -0.0000000000000000       0.0000000000000000          0
  86.654027      -0.581399      -0.0000000000000000       0.0000000000000000          0
  89.778237      -0.659405      -0.0000000000000000       0.0000000000000000          0
  92.902543      -0.735451      -0.0000000000000000       0.0000000000000000          0
  96.026955      -0.809311      -0.0000000000000000       0.0000000000000000          0
  99.151478      -0.880764      -0.0000000000000000       0.0000000000000000          0
  102.276118      -0.949600       0.0003996447345814       0.0005600579634937        673
  105.400881      -1.015612      -0.0000075362260070       0.0005688312904018      64701
  108.525768      -1.078605      -0.0004147110044088       0.0005768166648602      64701
  111.650781      -1.138391      -0.0000000000000000       0.0000000000000000        614
  114.775920      -1.194793      -0.0000000000000000       0.0000000000000000        614
  117.901183      -1.247641      -0.0000000000000000       0.0000000000000000          0
  121.026568      -1.296779      -0.0000000000000000       0.0000000000000000          0
  124.152069      -1.342061      -0.0000000000000000       0.0000000000000000          0
  127.277680      -1.383351      -0.0000000000000000       0.0000000000000000          0
  130.403395      -1.420527      -0.0000000000000000       0.0000000000000000          0
  133.529205      -1.453479      -0.0000000000000000       0.0000000000000000          0
  136.655099      -1.482106      -0.0000000000000000       0.0000000000000000          0
  139.781069      -1.506326      -0.0000000000000000       0.0000000000000000          0
  142.907101      -1.526064      -0.0000000000000000       0.0000000000000000          0
  146.033184      -1.541264      -0.0000000000000000       0.0000000000000000          0
>