>anchorPlateId 301
>reconstructionTime 100
>DeformingMeshPoints.gpml lat_lon_velocity_domain_28_32.gpml
>MeshNode <identity>GPlates-b7a3af0e-8119-4abb-9ae6-39bb7e5702ce</identity> <revision>GPlates-7b04c5e6-7801-49f1-bcc4-23d6f4e5417f</revision>
> reconstructionPlateId 0
> validTime TimePeriod <begin> TimeInstant <timePosition>http://gplates.org/times/distantPast</timePosition></begin> <end> TimeInstant <timePosition>http://gplates.org/times/distantFuture</timePosition></end>
  44.000000      73.000000      -0.0000000000000000       0.0000000000000000        302
  47.125000      73.000000      -0.0000000000000000       0.0000000000000000        302
  50.250000      73.000000      -0.0000000000000000       0.0000000000000000        302
  53.375000      73.000000      -0.0000000000000000       0.0000000000000000        373
  56.500000      73.000000      -0.0000000000000000       0.0000000000000000        373
  59.625000      73.000000      -0.0000000000000000       0.0000000000000000        372
  62.750000      73.000000      -0.0000000000000000       0.0000000000000000        372
  65.875000      73.000000      -0.0000000000000000       0.0000000000000000        372
  69.000000      73.000000      -0.0000000000000000       0.0000000000000000        372
  72.125000      73.000000      -0.0000000000000000       0.0000000000000000        372
  75.250000      73.000000      -0.0000000000000000       0.0000000000000000        401
  78.375000      73.000000      -0.0000000000000000       0.0000000000000000        401
  81.500000      73.000000      -0.0000000000000000       0.0000000000000000        401
  84.625000      73.000000      -0.0000000000000000       0.0000000000000000        401
  87.750000      73.000000      -0.0000000000000000       0.0000000000000000        401
  90.875000      73.000000      -0.0000000000000000       0.0000000000000000        401
  94.000000      73.000000      -0.0000000000000000       0.0000000000000000        401
  97.125000      73.000000      -0.0000000000000000       0.0000000000000000        401
  100.250000      73.000000      -0.0000000000000000       0.0000000000000000        401
  103.375000      73.000000      -0.0000000000000000       0.0000000000000000        401
  106.500000      73.000000      -0.0000000000000000       0.0000000000000000        401
  109.625000      73.000000      -0.0000000000000000       0.0000000000000000        401
  112.750000      73.000000      -0.0000000000000000       0.0000000000000000        401
  115.875000      73.000000      -0.0000000000000000       0.0000000000000000        401
  119.000000      73.000000      -0.0000000000000000       0.0000000000000000          0
  122.125000      73.000000      -0.0000000000000000       0.0000000000000000          0
  125.250000      73.000000      -0.0000000000000000       0.0000000000000000          0
  128.375000      73.000000      -0.0000000000000000       0.0000000000000000          0
  131.500000      73.000000      -0.0000000000000000       0.0000000000000000          0
  134.625000      73.000000      -0.0000000000000000       0.0000000000000000          0
  137.750000      73.000000      -0.0000000000000000       0.0000000000000000          0
  140.875000      73.000000      -0.0000000000000000       0.0000000000000000          0
  144.000000      73.000000       0.2005395303511648       0.2813541580694720      42201
  44.000000      70.392857      -0.0000000000000000       0.0000000000000000        302
  47.125000      70.392857      -0.0000000000000000       0.0000000000000000        302
  50.250000      70.392857      -0.0000000000000000       0.0000000000000000        302
  53.375000      70.392857      -0.0000000000000000       0.0000000000000000        302
  56.500000      70.392857      -0.0000000000000000       0.0000000000000000        302
  59.625000      70.392857      -0.0000000000000000       0.0000000000000000        302
  62.750000      70.392857      -0.0000000000000000       0.0000000000000000        372
  65.875000      70.392857      -0.0000000000000000       0.0000000000000000        372
  69.000000      70.392857      -0.0000000000000000       0.0000000000000000        372
  72.125000      70.392857      -0.0000000000000000       0.0000000000000000        401
  75.250000      70.392857      -0.0000000000000000       0.0000000000000000        401
  78.375000      70.392857      -0.0000000000000000       0.0000000000000000        401
  81.500000      70.392857      -0.0000000000000000       0.0000000000000000        401
  84.625000      70.392857      -0.0000000000000000       0.0000000000000000        401
  87.750000      70.392857      -0.0000000000000000       0.0000000000000000        401
  90.875000      70.392857      -0.0000000000000000       0.0000000000000000        401
  94.000000      70.392857      -0.0000000000000000       0.0000000000000000        401
  97.125000      70.392857      -0.0000000000000000       0.0000000000000000        401
  100.250000      70.392857      -0.0000000000000000       0.0000000000000000        401
  103.375000      70.392857      -0.0000000000000000       0.0000000000000000        401
  106.500000      70.392857      -0.0000000000000000       0.0000000000000000        401
  109.625000      70.392857      -0.0000000000000000       0.0000000000000000        401
  112.750000      70.392857      -0.0000000000000000       0.0000000000000000        401
  115.875000      70.392857      -0.0000000000000000       0.0000000000000000        401
  119.000000      70.392857      -0.0000000000000000       0.0000000000000000        401
  122.125000      70.392857      -0.0000000000000000       0.0000000000000000        401
  125.250000      70.392857      -0.0000000000000000       0.0000000000000000        401
  128.375000      70.392857      -0.0000000000000000       0.0000000000000000      43102
  131.500000      70.392857      -0.0000000000000000       0.0000000000000000      43101
  134.625000      70.392857      -0.0000000000000000       0.0000000000000000      43101
  137.750000      70.392857       0.0872401220904199       0.1775119186818638      43202
  140.875000      70.392857       0.1441041901957134       0.1715673273127116      43202
  144.000000      70.392857       0.2005396863696288       0.1627114060505215      43202
  44.000000      67.785714      -0.0000000000000000       0.0000000000000000        302
  47.125000      67.785714      -0.0000000000000000       0.0000000000000000        302
  50.250000      67.785714      -0.0000000000000000       0.0000000000000000        302
  53.375000      67.785714      -0.0000000000000000       0.0000000000000000        302
  56.500000      67.785714      -0.0000000000000000       0.0000000000000000        302
  59.625000      67.785714      -0.0000000000000000       0.0000000000000000        302
  62.750000      67.785714      -0.0000000000000000       0.0000000000000000        302
  65.875000      67.785714      -0.0000000000000000       0.0000000000000000        302
  69.000000      67.785714      -0.0000000000000000       0.0000000000000000        390
  72.125000      67.785714      -0.0000000000000000       0.0000000000000000        401
  75.250000      67.785714      -0.0000000000000000       0.0000000000000000        401
  78.375000      67.785714      -0.0000000000000000       0.0000000000000000        401
  81.500000      67.785714      -0.0000000000000000       0.0000000000000000        401
  84.625000      67.785714      -0.0000000000000000       0.0000000000000000        401
  87.750000      67.785714      -0.0000000000000000       0.0000000000000000        401
  90.875000      67.785714      -0.0000000000000000       0.0000000000000000        401
  94.000000      67.785714      -0.0000000000000000       0.0000000000000000        401
  97.125000      67.785714      -0.0000000000000000       0.0000000000000000        401
  100.250000      67.785714      -0.0000000000000000       0.0000000000000000        401
  103.375000      67.785714      -0.0000000000000000       0.0000000000000000        401
  106.500000      67.785714      -0.0000000000000000       0.0000000000000000        401
  109.625000      67.785714      -0.0000000000000000       0.0000000000000000        401
  112.750000      67.785714      -0.0000000000000000       0.0000000000000000        401
  115.875000      67.785714      -0.0000000000000000       0.0000000000000000        401
  119.000000      67.785714      -0.0000000000000000       0.0000000000000000        401
  122.125000      67.785714      -0.0000000000000000       0.0000000000000000        401
  125.250000      67.785714      -0.0000000000000000       0.0000000000000000        401
  128.375000      67.785714      -0.0000000000000000       0.0000000000000000      43101
  131.500000      67.785714      -0.0000000000000000       0.0000000000000000      43101
  134.625000      67.785714      -0.0000000000000000       0.0000000000000000      43101
  137.750000      67.785714       0.0872401220904200       0.0582769608231930      43202
  140.875000      67.785714       0.1441041901957135       0.0524348474481434      43200
  144.000000      67.785714       0.2005396863696288       0.0437315921962006      43205
  44.000000      65.178571      -0.0000000000000000       0.0000000000000000        302
  47.125000      65.178571      -0.0000000000000000       0.0000000000000000        302
  50.250000      65.178571      -0.0000000000000000       0.0000000000000000        302
  53.375000      65.178571      -0.0000000000000000       0.0000000000000000        302
  56.500000      65.178571      -0.0000000000000000       0.0000000000000000        302
  59.625000      65.178571      -0.0000000000000000       0.0000000000000000        302
  62.750000      65.178571      -0.0000000000000000       0.0000000000000000        390
  65.875000      65.178571      -0.0000000000000000       0.0000000000000000        468
  69.000000      65.178571      -0.0000000000000000       0.0000000000000000        468
  72.125000      65.178571      -0.0000000000000000       0.0000000000000000        401
  75.250000      65.178571      -0.0000000000000000       0.0000000000000000        401
  78.375000      65.178571      -0.0000000000000000       0.0000000000000000        401
  81.500000      65.178571      -0.0000000000000000       0.0000000000000000        401
  84.625000      65.178571      -0.0000000000000000       0.0000000000000000        401
  87.750000      65.178571      -0.0000000000000000       0.0000000000000000        401
  90.875000      65.178571      -0.0000000000000000       0.0000000000000000        401
  94.000000      65.178571      -0.0000000000000000       0.0000000000000000        401
  97.125000      65.178571      -0.0000000000000000       0.0000000000000000        401
  100.250000      65.178571      -0.0000000000000000       0.0000000000000000        401
  103.375000      65.178571      -0.0000000000000000       0.0000000000000000        401
  106.500000      65.178571      -0.0000000000000000       0.0000000000000000        401
  109.625000      65.178571      -0.0000000000000000       0.0000000000000000        401
  112.750000      65.178571      -0.0000000000000000       0.0000000000000000        401
  115.875000      65.178571      -0.0000000000000000       0.0000000000000000        401
  119.000000      65.178571      -0.0000000000000000       0.0000000000000000        401
  122.125000      65.178571      -0.0000000000000000       0.0000000000000000        401
  125.250000      65.178571      -0.0000000000000000       0.0000000000000000        401
  128.375000      65.178571      -0.0000000000000000       0.0000000000000000      43102
  131.500000      65.178571      -0.0000000000000000       0.0000000000000000      43101
  134.625000      65.178571      -0.0000000000000000       0.0000000000000000      43101
  137.750000      65.178571      -0.0000000000000000       0.0000000000000000      43101
  140.875000      65.178571       0.1441041901957133      -0.0668061823256967      43202
  144.000000      65.178571       0.2005396863696287      -0.0753387542065353      43202
  44.000000      62.571429      -0.0000000000000000       0.0000000000000000        302
  47.125000      62.571429      -0.0000000000000000       0.0000000000000000        302
  50.250000      62.571429      -0.0000000000000000       0.0000000000000000        302
  53.375000      62.571429      -0.0000000000000000       0.0000000000000000        302
  56.500000      62.571429      -0.0000000000000000       0.0000000000000000        302
  59.625000      62.571429      -0.0000000000000000       0.0000000000000000        302
  62.750000      62.571429      -0.0000000000000000       0.0000000000000000        390
  65.875000      62.571429      -0.0000000000000000       0.0000000000000000        468
  69.000000      62.571429      -0.0000000000000000       0.0000000000000000        468
  72.125000      62.571429      -0.0000000000000000       0.0000000000000000        401
  75.250000      62.571429      -0.0000000000000000       0.0000000000000000        401
  78.375000      62.571429      -0.0000000000000000       0.0000000000000000        401
  81.500000      62.571429      -0.0000000000000000       0.0000000000000000        401
  84.625000      62.571429      -0.0000000000000000       0.0000000000000000        401
  87.750000      62.571429      -0.0000000000000000       0.0000000000000000        401
  90.875000      62.571429      -0.0000000000000000       0.0000000000000000        401
  94.000000      62.571429      -0.0000000000000000       0.0000000000000000        401
  97.125000      62.571429      -0.0000000000000000       0.0000000000000000        401
  100.250000      62.571429      -0.0000000000000000       0.0000000000000000        401
  103.375000      62.571429      -0.0000000000000000       0.0000000000000000        401
  106.500000      62.571429      -0.0000000000000000       0.0000000000000000        401
  109.625000      62.571429      -0.0000000000000000       0.0000000000000000        401
  112.750000      62.571429      -0.0000000000000000       0.0000000000000000        401
  115.875000      62.571429      -0.0000000000000000       0.0000000000000000        401
  119.000000      62.571429      -0.0000000000000000       0.0000000000000000        401
  122.125000      62.571429      -0.0000000000000000       0.0000000000000000        401
  125.250000      62.571429      -0.0000000000000000       0.0000000000000000        401
  128.375000      62.571429      -0.0000000000000000       0.0000000000000000        401
  131.500000      62.571429      -0.0000000000000000       0.0000000000000000        401
  134.625000      62.571429      -0.0000000000000000       0.0000000000000000        401
  137.750000      62.571429      -0.0000000000000000       0.0000000000000000      43101
  140.875000      62.571429      -0.0000000000000000       0.0000000000000000      43101
  144.000000      62.571429      -0.0000000000000000       0.0000000000000000      43101
  44.000000      59.964286      -0.0000000000000000       0.0000000000000000        302
  47.125000      59.964286      -0.0000000000000000       0.0000000000000000        302
  50.250000      59.964286      -0.0000000000000000       0.0000000000000000        302
  53.375000      59.964286      -0.0000000000000000       0.0000000000000000        302
  56.500000      59.964286      -0.0000000000000000       0.0000000000000000        302
  59.625000      59.964286      -0.0000000000000000       0.0000000000000000        302
  62.750000      59.964286      -0.0000000000000000       0.0000000000000000        390
  65.875000      59.964286      -0.0000000000000000       0.0000000000000000        468
  69.000000      59.964286      -0.0000000000000000       0.0000000000000000        468
  72.125000      59.964286      -0.0000000000000000       0.0000000000000000        401
  75.250000      59.964286      -0.0000000000000000       0.0000000000000000        401
  78.375000      59.964286      -0.0000000000000000       0.0000000000000000        401
  81.500000      59.964286      -0.0000000000000000       0.0000000000000000        401
  84.625000      59.964286      -0.0000000000000000       0.0000000000000000        401
  87.750000      59.964286      -0.0000000000000000       0.0000000000000000        401
  90.875000      59.964286      -0.0000000000000000       0.0000000000000000        401
  94.000000      59.964286      -0.0000000000000000       0.0000000000000000        401
  97.125000      59.964286      -0.0000000000000000       0.0000000000000000        401
  100.250000      59.964286      -0.0000000000000000       0.0000000000000000        401
  103.375000      59.964286      -0.0000000000000000       0.0000000000000000        401
  106.500000      59.964286      -0.0000000000000000       0.0000000000000000        401
  109.625000      59.964286      -0.0000000000000000       0.0000000000000000        401
  112.750000      59.964286      -0.0000000000000000       0.0000000000000000        401
  115.875000      59.964286      -0.0000000000000000       0.0000000000000000        401
  119.000000      59.964286      -0.0000000000000000       0.0000000000000000        401
  122.125000      59.964286      -0.0000000000000000       0.0000000000000000        401
  125.250000      59.964286      -0.0000000000000000       0.0000000000000000        401
  128.375000      59.964286      -0.0000000000000000       0.0000000000000000        401
  131.500000      59.964286      -0.0000000000000000       0.0000000000000000        401
  134.625000      59.964286      -0.0000000000000000       0.0000000000000000        401
  137.750000      59.964286      -0.0000000000000000       0.0000000000000000      43101
  140.875000      59.964286      -0.0000000000000000       0.0000000000000000      43400
  144.000000      59.964286      -0.0000000000000000       0.0000000000000000      43400
  44.000000      57.357143      -0.0000000000000000       0.0000000000000000        302
  47.125000      57.357143      -0.0000000000000000       0.0000000000000000        302
  50.250000      57.357143      -0.0000000000000000       0.0000000000000000        302
  53.375000      57.357143      -0.0000000000000000       0.0000000000000000        302
  56.500000      57.357143      -0.0000000000000000       0.0000000000000000        302
  59.625000      57.357143      -0.0000000000000000       0.0000000000000000        302
  62.750000      57.357143      -0.0000000000000000       0.0000000000000000        390
  65.875000      57.357143      -0.0000000000000000       0.0000000000000000        468
  69.000000      57.357143      -0.0000000000000000       0.0000000000000000        468
  72.125000      57.357143      -0.0000000000000000       0.0000000000000000        468
  75.250000      57.357143      -0.0000000000000000       0.0000000000000000        401
  78.375000      57.357143      -0.0000000000000000       0.0000000000000000        401
  81.500000      57.357143      -0.0000000000000000       0.0000000000000000        401
  84.625000      57.357143      -0.0000000000000000       0.0000000000000000        401
  87.750000      57.357143      -0.0000000000000000       0.0000000000000000        401
  90.875000      57.357143      -0.0000000000000000       0.0000000000000000        401
  94.000000      57.357143      -0.0000000000000000       0.0000000000000000        401
  97.125000      57.357143      -0.0000000000000000       0.0000000000000000        401
  100.250000      57.357143      -0.0000000000000000       0.0000000000000000        401
  103.375000      57.357143      -0.0000000000000000       0.0000000000000000        401
  106.500000      57.357143      -0.0000000000000000       0.0000000000000000        401
  109.625000      57.357143      -0.0000000000000000       0.0000000000000000        401
  112.750000      57.357143      -0.0000000000000000       0.0000000000000000          0
  115.875000      57.357143      -0.0000000000000000       0.0000000000000000          0
  119.000000      57.357143      -0.0000000000000000       0.0000000000000000          0
  122.125000      57.357143      -0.0000000000000000       0.0000000000000000          0
  125.250000      57.357143      -0.0000000000000000       0.0000000000000000          0
  128.375000      57.357143      -0.0000000000000000       0.0000000000000000          0
  131.500000      57.357143      -0.0000000000000000       0.0000000000000000          0
  134.625000      57.357143      -0.0000000000000000       0.0000000000000000          0
  137.750000      57.357143      -0.0000000000000000       0.0000000000000000          0
  140.875000      57.357143      -0.0000000000000000       0.0000000000000000          0
  144.000000      57.357143      -0.0000000000000000       0.0000000000000000          0
  44.000000      54.750000      -0.0000000000000000       0.0000000000000000        302
  47.125000      54.750000      -0.0000000000000000       0.0000000000000000        302
  50.250000      54.750000      -0.0000000000000000       0.0000000000000000        302
  53.375000      54.750000      -0.0000000000000000       0.0000000000000000        302
  56.500000      54.750000      -0.0000000000000000       0.0000000000000000        302
  59.625000      54.750000      -0.0000000000000000       0.0000000000000000        302
  62.750000      54.750000      -0.0000000000000000       0.0000000000000000        390
  65.875000      54.750000      -0.0000000000000000       0.0000000000000000        468
  69.000000      54.750000      -0.0000000000000000       0.0000000000000000        468
  72.125000      54.750000      -0.0000000000000000       0.0000000000000000        468
  75.250000      54.750000      -0.0000000000000000       0.0000000000000000        468
  78.375000      54.750000      -0.0000000000000000       0.0000000000000000          0
  81.500000      54.750000      -0.0000000000000000       0.0000000000000000          0
  84.625000      54.750000      -0.0000000000000000       0.0000000000000000          0
  87.750000      54.750000      -0.0000000000000000       0.0000000000000000          0
  90.875000      54.750000      -0.0000000000000000       0.0000000000000000          0
  94.000000      54.750000      -0.0000000000000000       0.0000000000000000          0
  97.125000      54.750000      -0.0000000000000000       0.0000000000000000          0
  100.250000      54.750000      -0.0000000000000000       0.0000000000000000        401
  103.375000      54.750000      -0.0000000000000000       0.0000000000000000        401
  106.500000      54.750000      -0.0000000000000000       0.0000000000000000        401
  109.625000      54.750000      -0.0000000000000000       0.0000000000000000          0
  112.750000      54.750000      -0.0000000000000000       0.0000000000000000          0
  115.875000      54.750000      -0.0000000000000000       0.0000000000000000          0
  119.000000      54.750000      -0.0000000000000000       0.0000000000000000          0
  122.125000      54.750000      -0.0000000000000000       0.0000000000000000          0
  125.250000      54.750000      -0.0000000000000000       0.0000000000000000          0
  128.375000      54.750000      -0.0000000000000000       0.0000000000000000          0
  131.500000      54.750000      -0.0000000000000000       0.0000000000000000          0
  134.625000      54.750000      -0.0000000000000000       0.0000000000000000          0
  137.750000      54.750000      -0.0000000000000000       0.0000000000000000          0
  140.875000      54.750000      -0.0000000000000000       0.0000000000000000          0
  144.000000      54.750000      -0.0000000000000000       0.0000000000000000          0
  44.000000      52.142857      -0.0000000000000000       0.0000000000000000        302
  47.125000      52.142857      -0.0000000000000000       0.0000000000000000        302
  50.250000      52.142857      -0.0000000000000000       0.0000000000000000        302
  53.375000      52.142857      -0.0000000000000000       0.0000000000000000        302
  56.500000      52.142857      -0.0000000000000000       0.0000000000000000        302
  59.625000      52.142857      -0.0000000000000000       0.0000000000000000        390
  62.750000      52.142857      -0.0000000000000000       0.0000000000000000        390
  65.875000      52.142857      -0.0000000000000000       0.0000000000000000        465
  69.000000      52.142857      -0.0000000000000000       0.0000000000000000        458
  72.125000      52.142857      -0.0000000000000000       0.0000000000000000        459
  75.250000      52.142857      -0.0000000000000000       0.0000000000000000          0
  78.375000      52.142857      -0.0000000000000000       0.0000000000000000          0
  81.500000      52.142857      -0.0000000000000000       0.0000000000000000          0
  84.625000      52.142857      -0.0000000000000000       0.0000000000000000          0
  87.750000      52.142857      -0.0000000000000000       0.0000000000000000          0
  90.875000      52.142857      -0.0000000000000000       0.0000000000000000          0
  94.000000      52.142857      -0.0000000000000000       0.0000000000000000          0
  97.125000      52.142857      -0.0000000000000000       0.0000000000000000          0
  100.250000      52.142857      -0.0000000000000000       0.0000000000000000          0
  103.375000      52.142857      -0.0000000000000000       0.0000000000000000          0
  106.500000      52.142857      -0.0000000000000000       0.0000000000000000          0
  109.625000      52.142857      -0.0000000000000000       0.0000000000000000          0
  112.750000      52.142857      -0.0000000000000000       0.0000000000000000          0
  115.875000      52.142857      -0.0000000000000000       0.0000000000000000          0
  119.000000      52.142857      -0.0000000000000000       0.0000000000000000          0
  122.125000      52.142857      -0.0000000000000000       0.0000000000000000          0
  125.250000      52.142857      -0.0000000000000000       0.0000000000000000          0
  128.375000      52.142857      -0.0000000000000000       0.0000000000000000          0
  131.500000      52.142857      -0.0000000000000000       0.0000000000000000          0
  134.625000      52.142857      -0.0000000000000000       0.0000000000000000          0
  137.750000      52.142857      -0.0000000000000000       0.0000000000000000          0
  140.875000      52.142857      -0.0000000000000000       0.0000000000000000          0
  144.000000      52.142857      -0.0000000000000000       0.0000000000000000          0
  44.000000      49.535714      -0.0000000000000000       0.0000000000000000        302
  47.125000      49.535714      -0.0000000000000000       0.0000000000000000        302
  50.250000      49.535714      -0.0000000000000000       0.0000000000000000        302
  53.375000      49.535714      -0.0000000000000000       0.0000000000000000        302
  56.500000      49.535714      -0.0000000000000000       0.0000000000000000        302
  59.625000      49.535714      -0.0000000000000000       0.0000000000000000        302
  62.750000      49.535714      -0.0000000000000000       0.0000000000000000        466
  65.875000      49.535714      -0.0000000000000000       0.0000000000000000        458
  69.000000      49.535714      -0.0000000000000000       0.0000000000000000        459
  72.125000      49.535714      -0.0000000000000000       0.0000000000000000          0
  75.250000      49.535714      -0.0000000000000000       0.0000000000000000          0
  78.375000      49.535714      -0.0000000000000000       0.0000000000000000          0
  81.500000      49.535714      -0.0000000000000000       0.0000000000000000          0
  84.625000      49.535714      -0.0000000000000000       0.0000000000000000          0
  87.750000      49.535714      -0.0000000000000000       0.0000000000000000          0
  90.875000      49.535714      -0.0000000000000000       0.0000000000000000          0
  94.000000      49.535714      -0.0000000000000000       0.0000000000000000          0
  97.125000      49.535714      -0.0000000000000000       0.0000000000000000          0
  100.250000      49.535714      -0.0000000000000000       0.0000000000000000          0
  103.375000      49.535714      -0.0000000000000000       0.0000000000000000          0
  106.500000      49.535714      -0.0000000000000000       0.0000000000000000          0
  109.625000      49.535714      -0.0000000000000000       0.0000000000000000          0
  112.750000      49.535714      -0.0000000000000000       0.0000000000000000          0
  115.875000      49.535714      -0.0000000000000000       0.0000000000000000          0
  119.000000      49.535714      -0.0000000000000000       0.0000000000000000          0
  122.125000      49.535714      -0.0000000000000000       0.0000000000000000          0
  125.250000      49.535714      -0.0000000000000000       0.0000000000000000          0
  128.375000      49.535714      -0.0000000000000000       0.0000000000000000          0
  131.500000      49.535714      -0.0000000000000000       0.0000000000000000          0
  134.625000      49.535714      -0.0000000000000000       0.0000000000000000          0
  137.750000      49.535714      -0.0000000000000000       0.0000000000000000          0
  140.875000      49.535714      -0.0000000000000000       0.0000000000000000        619
  144.000000      49.535714      -0.0000000000000000       0.0000000000000000          0
  44.000000      46.928571      -0.0000000000000000       0.0000000000000000        301
  47.125000      46.928571      -0.0000000000000000       0.0000000000000000        302
  50.250000      46.928571      -0.0000000000000000       0.0000000000000000        302
  53.375000      46.928571      -0.0000000000000000       0.0000000000000000        302
  56.500000      46.928571      -0.0000000000000000       0.0000000000000000        302
  59.625000      46.928571      -0.0000000000000000       0.0000000000000000        390
  62.750000      46.928571      -0.0000000000000000       0.0000000000000000        466
  65.875000      46.928571      -0.0000000000000000       0.0000000000000000        458
  69.000000      46.928571      -0.0000000000000000       0.0000000000000000        459
  72.125000      46.928571      -0.0000000000000000       0.0000000000000000          0
  75.250000      46.928571      -0.0000000000000000       0.0000000000000000          0
  78.375000      46.928571      -0.0000000000000000       0.0000000000000000          0
  81.500000      46.928571      -0.0000000000000000       0.0000000000000000          0
  84.625000      46.928571      -0.0000000000000000       0.0000000000000000          0
  87.750000      46.928571      -0.0000000000000000       0.0000000000000000          0
  90.875000      46.928571      -0.0000000000000000       0.0000000000000000          0
  94.000000      46.928571      -0.0000000000000000       0.0000000000000000          0
  97.125000      46.928571      -0.0000000000000000       0.0000000000000000          0
  100.250000      46.928571      -0.0000000000000000       0.0000000000000000          0
  103.375000      46.928571      -0.0000000000000000       0.0000000000000000          0
  106.500000      46.928571      -0.0000000000000000       0.0000000000000000          0
  109.625000      46.928571      -0.0000000000000000       0.0000000000000000          0
  112.750000      46.928571      -0.0000000000000000       0.0000000000000000          0
  115.875000      46.928571      -0.0000000000000000       0.0000000000000000          0
  119.000000      46.928571      -0.0000000000000000       0.0000000000000000          0
  122.125000      46.928571      -0.0000000000000000       0.0000000000000000          0
  125.250000      46.928571      -0.0000000000000000       0.0000000000000000          0
  128.375000      46.928571      -0.0000000000000000       0.0000000000000000          0
  131.500000      46.928571      -0.0000000000000000       0.0000000000000000          0
  134.625000      46.928571      -0.0000000000000000       0.0000000000000000          0
  137.750000      46.928571      -0.0000000000000000       0.0000000000000000        619
  140.875000      46.928571       0.6329389142330892       0.2787274692997239        625
  144.000000      46.928571      -0.0000000000000000       0.0000000000000000          0
  44.000000      44.321429      -0.0000000000000000       0.0000000000000000        301
  47.125000      44.321429      -0.0000000000000000       0.0000000000000000        301
  50.250000      44.321429      -0.0000000000000000       0.0000000000000000        301
  53.375000      44.321429      -0.0000000000000000       0.0000000000000000        301
  56.500000      44.321429      -0.0000000000000000       0.0000000000000000        301
  59.625000      44.321429      -0.0000000000000000       0.0000000000000000        390
  62.750000      44.321429      -0.0000000000000000       0.0000000000000000        467
  65.875000      44.321429      -0.0000000000000000       0.0000000000000000        466
  69.000000      44.321429      -0.0000000000000000       0.0000000000000000          0
  72.125000      44.321429      -0.0000000000000000       0.0000000000000000          0
  75.250000      44.321429      -0.0000000000000000       0.0000000000000000          0
  78.375000      44.321429      -0.0000000000000000       0.0000000000000000          0
  81.500000      44.321429      -0.0000000000000000       0.0000000000000000          0
  84.625000      44.321429      -0.0000000000000000       0.0000000000000000          0
  87.750000      44.321429      -0.0000000000000000       0.0000000000000000          0
  90.875000      44.321429      -0.0000000000000000       0.0000000000000000          0
  94.000000      44.321429      -0.0000000000000000       0.0000000000000000          0
  97.125000      44.321429      -0.0000000000000000       0.0000000000000000          0
  100.250000      44.321429      -0.0000000000000000       0.0000000000000000          0
  103.375000      44.321429      -0.0000000000000000       0.0000000000000000          0
  106.500000      44.321429      -0.0000000000000000       0.0000000000000000          0
  109.625000      44.321429      -0.0000000000000000       0.0000000000000000          0
  112.750000      44.321429      -0.0000000000000000       0.0000000000000000          0
  115.875000      44.321429      -0.0000000000000000       0.0000000000000000          0
  119.000000      44.321429      -0.0000000000000000       0.0000000000000000          0
  122.125000      44.321429      -0.0000000000000000       0.0000000000000000          0
  125.250000      44.321429      -0.0000000000000000       0.0000000000000000          0
  128.375000      44.321429      -0.0000000000000000       0.0000000000000000          0
  131.500000      44.321429      -0.0000000000000000       0.0000000000000000          0
  134.625000      44.321429      -0.0000000000000000       0.0000000000000000          0
  137.750000      44.321429      -0.0000000000000000       0.0000000000000000          0
  140.875000      44.321429       0.6329389142330888       0.5099874053188104        625
  144.000000      44.321429      -0.0000000000000000       0.0000000000000000          0
  44.000000      41.714286      -0.0000000000000000       0.0000000000000000        526
  47.125000      41.714286      -0.0000000000000000       0.0000000000000000        301
  50.250000      41.714286      -0.0000000000000000       0.0000000000000000        301
  53.375000      41.714286      -0.0000000000000000       0.0000000000000000        301
  56.500000      41.714286      -0.0000000000000000       0.0000000000000000        301
  59.625000      41.714286      -0.0000000000000000       0.0000000000000000        301
  62.750000      41.714286      -0.0000000000000000       0.0000000000000000        467
  65.875000      41.714286      -0.0000000000000000       0.0000000000000000        467
  69.000000      41.714286      -0.0000000000000000       0.0000000000000000          0
  72.125000      41.714286      -0.0015209094501693       0.0003309712158485          0
  75.250000      41.714286      -0.0000000000000000       0.0000000000000000          0
  78.375000      41.714286      -0.0000000000000000       0.0000000000000000          0
  81.500000      41.714286      -0.0000000000000000       0.0000000000000000        580
  84.625000      41.714286      -0.0000000000000000       0.0000000000000000        580
  87.750000      41.714286      -0.0000000000000000       0.0000000000000000        580
  90.875000      41.714286      -0.0000000000000000       0.0000000000000000          0
  94.000000      41.714286      -0.0000000000000000       0.0000000000000000          0
  97.125000      41.714286      -0.0000447100816617       0.0000215863813494          0
  100.250000      41.714286      -0.0000000000000000       0.0000000000000000          0
  103.375000      41.714286      -0.0000000000000000       0.0000000000000000          0
  106.500000      41.714286      -0.0000000000000000       0.0000000000000000          0
  109.625000      41.714286      -0.0000000000000000       0.0000000000000000          0
  112.750000      41.714286      -0.0000000000000000       0.0000000000000000          0
  115.875000      41.714286      -0.0000000000000000       0.0000000000000000          0
  119.000000      41.714286      -0.0000000000000000       0.0000000000000000          0
  122.125000      41.714286      -0.0000000000000000       0.0000000000000000          0
  125.250000      41.714286      -0.0000000000000000       0.0000000000000000          0
  128.375000      41.714286      -0.0000000000000000       0.0000000000000000          0
  131.500000      41.714286      -0.0000000000000000       0.0000000000000000          0
  134.625000      41.714286      -0.0000000000000000       0.0000000000000000          0
  137.750000      41.714286      -0.0000000000000000       0.0000000000000000          0
  140.875000      41.714286       0.6329389142330891       0.7401915723355860        625
  144.000000      41.714286      -0.0000000000000000       0.0000000000000000          0
  44.000000      39.107143      -0.0000000000000000       0.0000000000000000        526
  47.125000      39.107143      -0.0000000000000000       0.0000000000000000        526
  50.250000      39.107143      -0.0000000000000000       0.0000000000000000        301
  53.375000      39.107143      -0.0000000000000000       0.0000000000000000        301
  56.500000      39.107143      -0.0000000000000000       0.0000000000000000        301
  59.625000      39.107143      -0.0000000000000000       0.0000000000000000        301
  62.750000      39.107143      -0.0000000000000000       0.0000000000000000        301
  65.875000      39.107143      -0.0000000000000000       0.0000000000000000        301
  69.000000      39.107143      -0.4445869684214772       0.0817514186350535          0
  72.125000      39.107143      -0.5144731502543707       0.1114499362111610          0
  75.250000      39.107143      -0.0765532004576355       0.0191044102679326          0
  78.375000      39.107143      -0.0000000000000000       0.0000000000000000        580
  81.500000      39.107143      -0.0000000000000000       0.0000000000000000        580
  84.625000      39.107143      -0.0000000000000000       0.0000000000000000        580
  87.750000      39.107143      -0.0000000000000000       0.0000000000000000        580
  90.875000      39.107143      -0.0000000000000000       0.0000000000000000        580
  94.000000      39.107143      -0.2149036026322034       0.0954406893389852          0
  97.125000      39.107143      -0.1931426410481367       0.0923030236761392          0
  100.250000      39.107143      -0.0999005973997128       0.0511339202276641          0
  103.375000      39.107143      -0.0092309840779686       0.0050402584091972          0
  106.500000      39.107143      -0.0000000000000000       0.0000000000000000          0
  109.625000      39.107143      -0.0000000000000000       0.0000000000000000          0
  112.750000      39.107143      -0.0000000000000000       0.0000000000000000          0
  115.875000      39.107143      -0.0000000000000000       0.0000000000000000          0
  119.000000      39.107143      -0.0000000000000000       0.0000000000000000          0
  122.125000      39.107143      -0.0000000000000000       0.0000000000000000          0
  125.250000      39.107143      -0.0000000000000000       0.0000000000000000          0
  128.375000      39.107143      -0.0000000000000000       0.0000000000000000          0
  131.500000      39.107143      -0.0000000000000000       0.0000000000000000          0
  134.625000      39.107143      -0.0000000000000000       0.0000000000000000          0
  137.750000      39.107143      -0.0000000000000000       0.0000000000000000          0
  140.875000      39.107143       0.6329389142330888       0.9688634048090145        626
  144.000000      39.107143      -0.0000000000000000       0.0000000000000000          0
  44.000000      36.500000      -2.5374210839507882       0.0943929029663555        503
  47.125000      36.500000      -0.0000000000000000       0.0000000000000000        505
  50.250000      36.500000      -0.0000000000000000       0.0000000000000000        505
  53.375000      36.500000      -0.0000000000000000       0.0000000000000000        505
  56.500000      36.500000      -0.0000000000000000       0.0000000000000000        505
  59.625000      36.500000      -0.0000000000000000       0.0000000000000000        301
  62.750000      36.500000      -0.0000000000000000       0.0000000000000000        301
  65.875000      36.500000      -0.0000000000000000       0.0000000000000000        301
  69.000000      36.500000      -1.7574288394466788       0.3515142126448497          0
  72.125000      36.500000      -2.1529767249543039       0.4650832048088712          0
  75.250000      36.500000      -1.3323747549754279       0.3315176266879639          0
  78.375000      36.500000      -0.3763691681026737       0.1143622534960070          0
  81.500000      36.500000      -0.0000000000000000       0.0000000000000000        580
  84.625000      36.500000      -0.2061052245447343       0.0822548656475786          0
  87.750000      36.500000      -0.5866533718306047       0.2408489637428193          0
  90.875000      36.500000      -0.8894841106362115       0.3732118061377268          0
  94.000000      36.500000      -0.8999854666096325       0.3992221416152565          0
  97.125000      36.500000      -0.7161221001686645       0.3394982704064402          0
  100.250000      36.500000      -0.4101428598664952       0.2080099416596332          0
  103.375000      36.500000      -0.1077848690178420       0.0582366756551889          0
  106.500000      36.500000      -0.0000000000000000       0.0000000000000000          0
  109.625000      36.500000      -0.0000000000000000       0.0000000000000000          0
  112.750000      36.500000      -0.0000000000000000       0.0000000000000000          0
  115.875000      36.500000      -0.0000000000000000       0.0000000000000000          0
  119.000000      36.500000      -0.0000000000000000       0.0000000000000000          0
  122.125000      36.500000      -0.0000000000000000       0.0000000000000000          0
  125.250000      36.500000      -0.0000000000000000       0.0000000000000000          0
  128.375000      36.500000      -0.0000000000000000       0.0000000000000000          0
  131.500000      36.500000      -0.0000000000000000       0.0000000000000000          0
  134.625000      36.500000      -0.0000000000000000       0.0000000000000000          0
  137.750000      36.500000      -0.0000000000000000       0.0000000000000000          0
  140.875000      36.500000       0.6329389142330891       1.1955295094162206        627
  144.000000      36.500000      -0.0000000000000000       0.0000000000000000          0
  44.000000      33.892857      -2.5374210839507887       0.2830065339309972        503
  47.125000      33.892857      -2.7123881307223447       0.3628618406252610        503
  50.250000      33.892857      -0.0000000000000000       0.0000000000000000        505
  53.375000      33.892857      -0.0000000000000000       0.0000000000000000        505
  56.500000      33.892857      -0.0000000000000000       0.0000000000000000        505
  59.625000      33.892857      -0.0000000000000000       0.0000000000000000        505
  62.750000      33.892857      -0.0000000000000000       0.0000000000000000        506
  65.875000      33.892857      -0.0000000000000000       0.0000000000000000      50601
  69.000000      33.892857      -2.9749898478290620       0.6776918903736360          0
  72.125000      33.892857      -3.6595226812548098       0.8539005075192178        501
  75.250000      33.892857      -3.2631654806616082       0.8620532580880329          0
  78.375000      33.892857      -2.1936623384654879       0.6877809106808401          0
  81.500000      33.892857      -1.4889777195066598       0.5376156017667189          0
  84.625000      33.892857      -1.4276517118687309       0.5641552803094182          0
  87.750000      33.892857      -1.6476173069214350       0.6774513462145390          0
  90.875000      33.892857      -1.8891185688279066       0.8015002420309153          0
  94.000000      33.892857      -1.7877995289288513       0.7963479529189810          0
  97.125000      33.892857      -1.4376627787431135       0.6781651857249454          0
  100.250000      33.892857      -0.8419084042326486       0.4240003410567614          0
  103.375000      33.892857      -0.2325688417365603       0.1246258605825121          0
  106.500000      33.892857      -0.0000000000000000       0.0000000000000000          0
  109.625000      33.892857      -0.0000000000000000       0.0000000000000000          0
  112.750000      33.892857      -0.0000000000000000       0.0000000000000000          0
  115.875000      33.892857      -0.0000000000000000       0.0000000000000000          0
  119.000000      33.892857      -0.0000000000000000       0.0000000000000000          0
  122.125000      33.892857      -0.0000000000000000       0.0000000000000000          0
  125.250000      33.892857      -0.0000000000000000       0.0000000000000000          0
  128.375000      33.892857      -0.0000000000000000       0.0000000000000000          0
  131.500000      33.892857      -0.0000000000000000       0.0000000000000000          0
  134.625000      33.892857      -0.0000000000000000       0.0000000000000000          0
  137.750000      33.892857      -0.0000000000000000       0.0000000000000000          0
  140.875000      33.892857      -0.0000000000000000       0.0000000000000000          0
  144.000000      33.892857      -0.0000000000000000       0.0000000000000000          0
  44.000000      31.285714      -2.5374210839507891       0.4710342886115206        503
  47.125000      31.285714      -2.7123881307223452       0.5453998699296139        503
  50.250000      31.285714      -2.8792884209460605       0.6246081345167045        503
  53.375000      31.285714      -0.0000000000000000       0.0000000000000000        505
  56.500000      31.285714      -0.0000000000000000       0.0000000000000000        505
  59.625000      31.285714      -0.0000000000000000       0.0000000000000000        505
  62.750000      31.285714      -0.0000000000000000       0.0000000000000000      50601
  65.875000      31.285714      -0.0000000000000000       0.0000000000000000      50601
  69.000000      31.285714      -3.5084024574591779       0.9240120851117292        501
  72.125000      31.285714      -3.6595226812548094       1.0255485215778735        501
  75.250000      31.285714      -3.7997593304555606       1.1312121410225622        501
  78.375000      31.285714      -3.6013374448125584       1.1656173642108349          0
  81.500000      31.285714      -2.8784151894981194       1.0479655937080770          0
  84.625000      31.285714      -2.6434657087731774       1.0430752044159197          0
  87.750000      31.285714      -2.7095294021587675       1.1217627310377973          0
  90.875000      31.285714      -2.9226128254025019       1.2507872089163641          0
  94.000000      31.285714      -2.9202704263315349       1.3010141068063319          0
  97.125000      31.285714      -2.4043544457731745       1.1295565366038984          0
  100.250000      31.285714      -1.3337921367777374       0.6672551281536427          0
  103.375000      31.285714      -0.2328838213940105       0.1240249485779089          0
  106.500000      31.285714      -0.0016110291830683      -0.0049100310012387          0
  109.625000      31.285714      -0.0021947156909494      -0.0047648481408411          0
  112.750000      31.285714      -0.0013055718216684      -0.0022635121734032          0
  115.875000      31.285714      -0.0000115933756531      -0.0000129155375307          0
  119.000000      31.285714      -0.0000000000000000       0.0000000000000000          0
  122.125000      31.285714      -0.0000000000000000       0.0000000000000000          0
  125.250000      31.285714      -0.0000000000000000       0.0000000000000000          0
  128.375000      31.285714      -0.0000000000000000       0.0000000000000000          0
  131.500000      31.285714      -0.0000000000000000       0.0000000000000000          0
  134.625000      31.285714      -0.0000000000000000       0.0000000000000000          0
  137.750000      31.285714      -0.0000000000000000       0.0000000000000000          0
  140.875000      31.285714      -0.0000000000000000       0.0000000000000000          0
  144.000000      31.285714      -0.0000000000000000       0.0000000000000000          0
  44.000000      28.678571      -2.5374210839507891       0.6580869145030680        503
  47.125000      28.678571      -2.7123881307223456       0.7268088198282194        503
  50.250000      28.678571      -2.8792884209460614       0.8000058924987084        503
  53.375000      28.678571      -3.0376255861288897       0.8774604413373149        503
  56.500000      28.678571      -0.0000000000000000       0.0000000000000000        505
  59.625000      28.678571      -0.0000000000000000       0.0000000000000000        505
  62.750000      28.678571      -0.0000000000000000       0.0000000000000000      50601
  65.875000      28.678571      -0.0000000000000000       0.0000000000000000      50601
  69.000000      28.678571      -3.5084024574591779       1.1012427210514841        501
  72.125000      28.678571      -3.6595226812548107       1.1950734590111971        501
  75.250000      28.678571      -3.7997593304555606       1.2927181640358314        501
  78.375000      28.678571      -3.9286953353598744       1.3938864366598049        501
  81.500000      28.678571      -4.0459472348583194       1.4982773981790767        501
  84.625000      28.678571      -3.8169392512291056       1.5099835913133721          0
  87.750000      28.678571      -3.7011043592662052       1.5494045902102385          0
  90.875000      28.678571      -3.8288173086594530       1.6627935080968448          0
  94.000000      28.678571      -4.1459154513848890       1.8527422488663121          0
  97.125000      28.678571      -3.5065470479963348       1.6372933026971705          0
  100.250000      28.678571      -1.4230838568201090       0.6904688283376925          0
  103.375000      28.678571      -0.0266545789621833      -0.0097664717283021          0
  106.500000      28.678571      -0.0046992098424341      -0.0180322157587739          0
  109.625000      28.678571      -0.0052090934425230      -0.0116159264949934          0
  112.750000      28.678571      -0.0034369454356290      -0.0059971017127215          0
  115.875000      28.678571      -0.0011478245384925      -0.0015776685144024          0
  119.000000      28.678571      -0.0000000000000000       0.0000000000000000          0
  122.125000      28.678571      -0.0000000000000000       0.0000000000000000          0
  125.250000      28.678571      -0.0000000000000000       0.0000000000000000          0
  128.375000      28.678571      -0.0000000000000000       0.0000000000000000          0
  131.500000      28.678571      -0.0000000000000000       0.0000000000000000          0
  134.625000      28.678571      -0.0000000000000000       0.0000000000000000          0
  137.750000      28.678571      -0.0000000000000000       0.0000000000000000          0
  140.875000      28.678571      -0.0000000000000000       0.0000000000000000          0
  144.000000      28.678571      -0.0000000000000000       0.0000000000000000          0
  44.000000      26.071429      -2.5374210839507891       0.8437771777991641        503
  47.125000      26.071429      -2.7123881307223456       0.9067131399760186        503
  50.250000      26.071429      -2.8792884209460610       0.9737474891438713        503
  53.375000      26.071429      -3.0376255861288892       1.0446808623247772        503
  56.500000      26.071429      -3.1869287248723430       1.1193023006791507        503
  59.625000      26.071429      -0.0000000000000000       0.0000000000000000      50602
  62.750000      26.071429      -0.0000000000000000       0.0000000000000000      50602
  65.875000      26.071429      -0.0000000000000000       0.0000000000000000      50602
  69.000000      26.071429      -3.5084024574591783       1.2761935792618695        501
  72.125000      26.071429      -3.6595226812548094       1.3621243715953801        501
  75.250000      26.071429      -3.7997593304555601       1.4515480194573578        501
  78.375000      26.071429      -3.9286953353598739       1.5441985731524945        501
  81.500000      26.071429      -4.0459472348583176       1.6398004860316151        501
  84.625000      26.071429      -4.1511663168630788       1.7380694339790201        501
  87.750000      26.071429      -4.2440396553923971       1.8387131610043788        501
  90.875000      26.071429      -4.3242910412256164       1.9414323484243556        501
  94.000000      26.071429      -4.5665419223148263       2.2967096595922816        607
  97.125000      26.071429       0.0742634092572614      -0.1156886197040786        603
  100.250000      26.071429      -0.3347936366520443       0.0981553220450447          0
  103.375000      26.071429       0.0018320890075076      -0.0497330764529479          0
  106.500000      26.071429      -0.0087879711378766      -0.0308395792957807          0
  109.625000      26.071429      -0.0087257150125412      -0.0182663984085367          0
  112.750000      26.071429      -0.0055970324124715      -0.0092584216263697          0
  115.875000      26.071429      -0.0020741050959768      -0.0028084068335700          0
  119.000000      26.071429      -0.0000000000000000       0.0000000000000000          0
  122.125000      26.071429      -0.0000000000000000       0.0000000000000000          0
  125.250000      26.071429      -0.0000000000000000       0.0000000000000000          0
  128.375000      26.071429      -0.0000000000000000       0.0000000000000000          0
  131.500000      26.071429      -0.0000000000000000       0.0000000000000000          0
  134.625000      26.071429      -0.0000000000000000       0.0000000000000000          0
  137.750000      26.071429      -0.0000000000000000       0.0000000000000000          0
  140.875000      26.071429      -0.0000000000000000       0.0000000000000000          0
  144.000000      26.071429      -0.0000000000000000       0.0000000000000000          0
  44.000000      23.464286      -2.5374210839507887       1.0277206650378790        503
  47.125000      23.464286      -2.7123881307223456       1.0847403948920293        503
  50.250000      23.464286      -2.8792884209460610       1.1454732469577349        503
  53.375000      23.464286      -3.0376255861288897       1.2097385991748553        503
  56.500000      23.464286      -3.1869287248723430       1.2773453236790098        503
  59.625000      23.464286      -0.0000000000000000       0.0000000000000000      50602
  62.750000      23.464286      -0.0000000000000000       0.0000000000000000      50602
  65.875000      23.464286      -0.0000000000000000       0.0000000000000000          0
  69.000000      23.464286      -3.5084024574591779       1.4485024788515526        501
  72.125000      23.464286      -3.6595226812548094       1.5263554327992688        501
  75.250000      23.464286      -3.7997593304555606       1.6073728998769048        501
  78.375000      23.464286      -3.9286953353598744       1.6913139307248770        501
  81.500000      23.464286      -4.0459472348583176       1.7779288811818073        501
  84.625000      23.464286      -4.1511663168630779       1.8669601547367745        501
  87.750000      23.464286      -4.2440396553923954       1.9581429686321858        501
  90.875000      23.464286      -4.3242910412256155       2.0512061413388536        501
  94.000000      23.464286      -4.5665419223148254       2.3305802744431565        607
  97.125000      23.464286       0.0742634092572614      -0.1121922159280057        603
  100.250000      23.464286       0.0332534735681843      -0.0779788897511092      60301
  103.375000      23.464286      -0.0013948489790777      -0.0692990178154197          0
  106.500000      23.464286      -0.0162543126054397      -0.0409768350446973          0
  109.625000      23.464286      -0.0133107771436431      -0.0230163423165750          0
  112.750000      23.464286      -0.0073654359484767      -0.0107728562874754          0
  115.875000      23.464286      -0.0021511174419310      -0.0026215353119964          0
  119.000000      23.464286      -0.0000000000000000       0.0000000000000000          0
  122.125000      23.464286      -0.0000000000000000       0.0000000000000000          0
  125.250000      23.464286      -0.0000000000000000       0.0000000000000000          0
  128.375000      23.464286      -0.0000000000000000       0.0000000000000000          0
  131.500000      23.464286      -0.0000000000000000       0.0000000000000000          0
  134.625000      23.464286      -0.0000000000000000       0.0000000000000000          0
  137.750000      23.464286      -0.0000000000000000       0.0000000000000000          0
  140.875000      23.464286      -0.0000000000000000       0.0000000000000000          0
  144.000000      23.464286      -0.0000000000000000       0.0000000000000000          0
  44.000000      20.857143      -2.5374210839507887       1.2095365789093615        503
  47.125000      20.857143      -2.7123881307223456       1.2605220349702304        503
  50.250000      20.857143      -2.8792884209460610       1.3148276616080223        503
  53.375000      20.857143      -3.0376255861288901       1.3722919516017373        503
  56.500000      20.857143      -3.1869287248723435       1.4327440037325123        503
  59.625000      20.857143      -0.0000000000000000       0.0000000000000000          0
  62.750000      20.857143      -0.0000000000000000       0.0000000000000000          0
  65.875000      20.857143      -0.0000000000000000       0.0000000000000000          0
  69.000000      20.857143      -0.0000000000000000       0.0000000000000000          0
  72.125000      20.857143      -3.6595226812548103       1.6874266537097511        501
  75.250000      20.857143      -3.7997593304555606       1.7598702187426876        501
  78.375000      20.857143      -3.9286953353598735       1.8349279531611151        501
  81.500000      20.857143      -4.0459472348583176       1.9123766321014040        501
  84.625000      20.857143      -4.1511663168630788       1.9919859199302112        501
  87.750000      20.857143      -4.2440396553923962       2.0735190552723535        501
  90.875000      20.857143      -0.0000000000000000       0.0000000000000000          0
  94.000000      20.857143      -4.5665419223148263       2.3596261536525431        607
  97.125000      20.857143       0.0742634092572614      -0.1084635533497705        603
  100.250000      20.857143       0.0332534735681843      -0.0477619917923801      60301
  103.375000      20.857143      -0.0016187661449046      -0.0480692239068006      60405
  106.500000      20.857143      -0.0329845857743815      -0.0456680135431106          0
  109.625000      20.857143      -0.0186594886977177      -0.0236645283468905          0
  112.750000      20.857143      -0.0073832896412525      -0.0086508138382313          0
  115.875000      20.857143      -0.0001956523230703      -0.0002213811384338          0
  119.000000      20.857143      -0.0000000000000000       0.0000000000000000        612
  122.125000      20.857143      -0.0000000000000000       0.0000000000000000          0
  125.250000      20.857143      -0.0000000000000000       0.0000000000000000          0
  128.375000      20.857143      -0.0000000000000000       0.0000000000000000          0
  131.500000      20.857143      -0.0000000000000000       0.0000000000000000          0
  134.625000      20.857143      -0.0000000000000000       0.0000000000000000          0
  137.750000      20.857143      -0.0000000000000000       0.0000000000000000          0
  140.875000      20.857143      -0.0000000000000000       0.0000000000000000          0
  144.000000      20.857143      -0.0000000000000000       0.0000000000000000          0
  44.000000      18.250000      -2.5374210839507891       1.3888485265772594        503
  47.125000      18.250000      -2.7123881307223452       1.4336941594459462        503
  50.250000      18.250000      -2.8792884209460610       1.4814601378848753        503
  53.375000      18.250000      -3.0376255861288897       1.5320044038622425        503
  56.500000      18.250000      -3.1869287248723430       1.5851766366020841        503
  59.625000      18.250000      -0.0000000000000000       0.0000000000000000          0
  62.750000      18.250000      -0.0000000000000000       0.0000000000000000          0
  65.875000      18.250000      -0.0000000000000000       0.0000000000000000          0
  69.000000      18.250000      -0.0000000000000000       0.0000000000000000          0
  72.125000      18.250000      -3.6595226812548094       1.8450045868721865        501
  75.250000      18.250000      -3.7997593304555610       1.9087242781756717        501
  78.375000      18.250000      -3.9286953353598744       1.9747433326618313        501
  81.500000      18.250000      -4.0459472348583185       2.0428654068818703        501
  84.625000      18.250000      -0.0000000000000000       0.0000000000000000          0
  87.750000      18.250000      -0.0000000000000000       0.0000000000000000          0
  90.875000      18.250000      -0.0000000000000000       0.0000000000000000          0
  94.000000      18.250000      -4.5665419223148271       2.3837871668356634        607
  97.125000      18.250000       0.0742634092572614      -0.1045103509960178        603
  100.250000      18.250000       0.0332534735681843      -0.0174462176067147      60301
  103.375000      18.250000      -0.0016187661449046      -0.0177164518984767        604
  106.500000      18.250000      -0.0364861915792952      -0.0173909465563397      60405
  109.625000      18.250000      -0.0000000000000000       0.0000000000000000      60201
  112.750000      18.250000      -0.0000000000000000       0.0000000000000000          0
  115.875000      18.250000      -0.0000000000000000       0.0000000000000000          0
  119.000000      18.250000      -0.0000000000000000       0.0000000000000000          0
  122.125000      18.250000      -3.4639685427571054      -5.3154812972052543        737
  125.250000      18.250000      -0.0000000000000000       0.0000000000000000          0
  128.375000      18.250000      -0.0000000000000000       0.0000000000000000          0
  131.500000      18.250000      -0.0000000000000000       0.0000000000000000          0
  134.625000      18.250000      -0.0000000000000000       0.0000000000000000          0
  137.750000      18.250000      -0.0000000000000000       0.0000000000000000          0
  140.875000      18.250000      -0.0000000000000000       0.0000000000000000          0
  144.000000      18.250000      -0.0000000000000000       0.0000000000000000          0
  44.000000      15.642857      -2.5374210839507887       1.5652852988820580        503
  47.125000      15.642857      -2.7123881307223452       1.6038982697382747        503
  50.250000      15.642857      -2.8792884209460614       1.6450257154983026        503
  53.375000      15.642857      -0.0000000000000000       0.0000000000000000          0
  56.500000      15.642857      -0.0000000000000000       0.0000000000000000          0
  59.625000      15.642857      -0.0000000000000000       0.0000000000000000          0
  62.750000      15.642857      -0.0000000000000000       0.0000000000000000          0
  65.875000      15.642857      -0.0000000000000000       0.0000000000000000          0
  69.000000      15.642857      -0.0000000000000000       0.0000000000000000          0
  72.125000      15.642857      -0.0000000000000000       0.0000000000000000          0
  75.250000      15.642857      -3.7997593304555606       2.0536269225230335        501
  78.375000      15.642857      -3.9286953353598735       2.1104706253266805        501
  81.500000      15.642857      -0.0000000000000000       0.0000000000000000          0
  84.625000      15.642857      -0.0000000000000000       0.0000000000000000          0
  87.750000      15.642857      -0.0000000000000000       0.0000000000000000          0
  90.875000      15.642857      -0.0000000000000000       0.0000000000000000          0
  94.000000      15.642857      -4.5665419223148263       2.4030132961910633        607
  97.125000      15.642857       0.0742634092572614      -0.1003407927325870      60302
  100.250000      15.642857       0.0332534735681843       0.0129056735017700      60301
  103.375000      15.642857      -0.0016187661449046       0.0126729964680282        604
  106.500000      15.642857      -0.0364861915792952       0.0129532629618981        604
  109.625000      15.642857      -0.0712451055431133       0.0137456394590217      60403
  112.750000      15.642857      -0.0000000000000000       0.0000000000000000        612
  115.875000      15.642857      -0.0000000000000000       0.0000000000000000          0
  119.000000      15.642857      -0.0000000000000000       0.0000000000000000          0
  122.125000      15.642857      -3.4639685427571054      -5.1900007925646214        737
  125.250000      15.642857      -0.0000000000000000       0.0000000000000000          0
  128.375000      15.642857      -0.0000000000000000       0.0000000000000000          0
  131.500000      15.642857      -0.0000000000000000       0.0000000000000000          0
  134.625000      15.642857      -0.0000000000000000       0.0000000000000000          0
  137.750000      15.642857      -0.0000000000000000       0.0000000000000000          0
  140.875000      15.642857      -0.0000000000000000       0.0000000000000000          0
  144.000000      15.642857      -0.0000000000000000       0.0000000000000000          0
  44.000000      13.035714      -2.5374210839507891       1.7384816388132411        503
  47.125000      13.035714      -0.0000000000000000       0.0000000000000000          0
  50.250000      13.035714      -0.0000000000000000       0.0000000000000000          0
  53.375000      13.035714      -0.0000000000000000       0.0000000000000000          0
  56.500000      13.035714      -0.0000000000000000       0.0000000000000000          0
  59.625000      13.035714      -0.0000000000000000       0.0000000000000000          0
  62.750000      13.035714      -0.0000000000000000       0.0000000000000000          0
  65.875000      13.035714      -0.0000000000000000       0.0000000000000000          0
  69.000000      13.035714      -0.0000000000000000       0.0000000000000000          0
  72.125000      13.035714      -0.0000000000000000       0.0000000000000000          0
  75.250000      13.035714      -3.7997593304555610       2.1942781762978125        501
  78.375000      13.035714      -3.9286953353598744       2.2418288503571779        501
  81.500000      13.035714      -0.0000000000000000       0.0000000000000000          0
  84.625000      13.035714      -0.0000000000000000       0.0000000000000000          0
  87.750000      13.035714      -0.0000000000000000       0.0000000000000000          0
  90.875000      13.035714      -0.0000000000000000       0.0000000000000000          0
  94.000000      13.035714      -0.0000000000000000       0.0000000000000000          0
  97.125000      13.035714       0.0742634092572614      -0.0959635103223844      60302
  100.250000      13.035714       0.0677462538476723      -0.0968372497043919        603
  103.375000      13.035714      -0.0016187661449046       0.0430362093693085        604
  106.500000      13.035714      -0.0364861915792952       0.0432706568110207        604
  109.625000      13.035714      -0.0712451055431133       0.0439334925287637        604
  112.750000      13.035714      -0.0000000000000000       0.0000000000000000        612
  115.875000      13.035714      -0.0000000000000000       0.0000000000000000          0
  119.000000      13.035714      -0.0000000000000000       0.0000000000000000          0
  122.125000      13.035714      -0.0000000000000000       0.0000000000000000          0
  125.250000      13.035714      -3.6861187640092963      -5.0097838513981046        678
  128.375000      13.035714      -0.0000000000000000       0.0000000000000000          0
  131.500000      13.035714      -0.0000000000000000       0.0000000000000000          0
  134.625000      13.035714      -0.0000000000000000       0.0000000000000000          0
  137.750000      13.035714      -0.0000000000000000       0.0000000000000000          0
  140.875000      13.035714      -0.0000000000000000       0.0000000000000000          0
  144.000000      13.035714      -0.0000000000000000       0.0000000000000000          0
  44.000000      10.428571      -1.4704825164207085       1.5321605413156743        710
  47.125000      10.428571      -1.1568546368113313       0.9533380456433706        709
  50.250000      10.428571      -1.1438078686234223       0.9646975553455006        709
  53.375000      10.428571      -0.0000000000000000       0.0000000000000000          0
  56.500000      10.428571      -0.0000000000000000       0.0000000000000000          0
  59.625000      10.428571      -0.0000000000000000       0.0000000000000000          0
  62.750000      10.428571      -0.0000000000000000       0.0000000000000000          0
  65.875000      10.428571      -0.0000000000000000       0.0000000000000000          0
  69.000000      10.428571      -0.0000000000000000       0.0000000000000000          0
  72.125000      10.428571      -0.0000000000000000       0.0000000000000000          0
  75.250000      10.428571      -3.7997593304555610       2.3303868651840882        501
  78.375000      10.428571      -3.9286953353598744       2.3685460717393383        501
  81.500000      10.428571      -0.0000000000000000       0.0000000000000000          0
  84.625000      10.428571      -0.0000000000000000       0.0000000000000000          0
  87.750000      10.428571      -0.0000000000000000       0.0000000000000000          0
  90.875000      10.428571      -0.0000000000000000       0.0000000000000000          0
  94.000000      10.428571      -0.0000000000000000       0.0000000000000000          0
  97.125000      10.428571       0.0742634092572614      -0.0913875655560244      60302
  100.250000      10.428571       0.0017368603021018      -0.0002801075025700        647
  103.375000      10.428571      -0.0016187661449046       0.0733103292942618      60402
  106.500000      10.428571      -0.0364861915792952       0.0734984723339057      60402
  109.625000      10.428571      -0.0000000000000000       0.0000000000000000          0
  112.750000      10.428571      -0.0000000000000000       0.0000000000000000        613
  115.875000      10.428571      -0.0000000000000000       0.0000000000000000        613
  119.000000      10.428571       0.3197878112090837       0.7520121567892437        677
  122.125000      10.428571      -0.0000000000000000       0.0000000000000000          0
  125.250000      10.428571      -3.6861187640092958      -4.8717854658442494        678
  128.375000      10.428571      -0.0000000000000000       0.0000000000000000          0
  131.500000      10.428571      -0.0000000000000000       0.0000000000000000          0
  134.625000      10.428571      -0.0000000000000000       0.0000000000000000          0
  137.750000      10.428571      -0.0000000000000000       0.0000000000000000          0
  140.875000      10.428571      -0.0000000000000000       0.0000000000000000          0
  144.000000      10.428571      -0.0000000000000000       0.0000000000000000          0
  44.000000       7.821429      -1.1664608705820980       0.9420985067150689        709
  47.125000       7.821429      -1.1568546368113310       0.9507228699210104        709
  50.250000       7.821429      -0.0000000000000000       0.0000000000000000          0
  53.375000       7.821429      -0.0000000000000000       0.0000000000000000          0
  56.500000       7.821429      -0.0000000000000000       0.0000000000000000          0
  59.625000       7.821429      -0.0000000000000000       0.0000000000000000          0
  62.750000       7.821429      -0.0000000000000000       0.0000000000000000          0
  65.875000       7.821429      -0.0000000000000000       0.0000000000000000          0
  69.000000       7.821429      -0.0000000000000000       0.0000000000000000          0
  72.125000       7.821429      -0.0000000000000000       0.0000000000000000          0
  75.250000       7.821429      -3.7997593304555601       2.4616712188220973        501
  78.375000       7.821429      -0.0000000000000000       0.0000000000000000          0
  81.500000       7.821429      -4.0459472348583176       2.5199625759756121        502
  84.625000       7.821429      -0.0000000000000000       0.0000000000000000          0
  87.750000       7.821429      -0.0000000000000000       0.0000000000000000          0
  90.875000       7.821429      -0.0000000000000000       0.0000000000000000          0
  94.000000       7.821429      -0.0000000000000000       0.0000000000000000          0
  97.125000       7.821429       0.0742634092572614      -0.0866224314922340      60302
  100.250000       7.821429       0.0017368603021018       0.0000509604571111        647
  103.375000       7.821429      -0.0016187661449046       0.1034326831708564      60402
  106.500000       7.821429      -0.0364861915792952       0.1035741323172658      60402
  109.625000       7.821429      -0.0000000000000000       0.0000000000000000        613
  112.750000       7.821429      -0.0000000000000000       0.0000000000000000        613
  115.875000       7.821429      -0.0000000000000000       0.0000000000000000        613
  119.000000       7.821429      -0.0000000000000000       0.0000000000000000          0
  122.125000       7.821429      -0.0000000000000000       0.0000000000000000          0
  125.250000       7.821429      -0.0000000000000000       0.0000000000000000          0
  128.375000       7.821429      -0.0000000000000000       0.0000000000000000          0
  131.500000       7.821429      -0.0000000000000000       0.0000000000000000          0
  134.625000       7.821429      -0.0000000000000000       0.0000000000000000          0
  137.750000       7.821429      -0.0000000000000000       0.0000000000000000          0
  140.875000       7.821429      -0.0000000000000000       0.0000000000000000          0
  144.000000       7.821429      -0.0000000000000000       0.0000000000000000          0
  44.000000       5.214286      -1.1664608705820980       0.9403800070360610        709
  47.125000       5.214286      -1.1568546368113310       0.9461395206214573        709
  50.250000       5.214286      -0.0000000000000000       0.0000000000000000          0
  53.375000       5.214286      -0.0000000000000000       0.0000000000000000          0
  56.500000       5.214286      -0.0000000000000000       0.0000000000000000          0
  59.625000       5.214286      -0.0000000000000000       0.0000000000000000          0
  62.750000       5.214286      -0.0000000000000000       0.0000000000000000          0
  65.875000       5.214286      -0.0000000000000000       0.0000000000000000          0
  69.000000       5.214286      -0.0000000000000000       0.0000000000000000          0
  72.125000       5.214286      -0.0000000000000000       0.0000000000000000          0
  75.250000       5.214286      -0.0000000000000000       0.0000000000000000          0
  78.375000       5.214286      -0.0000000000000000       0.0000000000000000          0
  81.500000       5.214286      -0.0000000000000000       0.0000000000000000          0
  84.625000       5.214286      -0.0000000000000000       0.0000000000000000          0
  87.750000       5.214286      -0.0000000000000000       0.0000000000000000          0
  90.875000       5.214286      -0.0000000000000000       0.0000000000000000          0
  94.000000       5.214286      -0.0000000000000000       0.0000000000000000          0
  97.125000       5.214286       0.0021269139615442       0.0003915012395640      67352
  100.250000       5.214286       0.0017368603021018       0.0003819229191458        647
  103.375000       5.214286       0.0013416411469634       0.0003742912949165      64701
  106.500000       5.214286      -0.0364861915792952       0.1334353745381454      60402
  109.625000       5.214286      -0.0000000000000000       0.0000000000000000      61404
  112.750000       5.214286      -0.0000000000000000       0.0000000000000000      61404
  115.875000       5.214286      -0.0000000000000000       0.0000000000000000          0
  119.000000       5.214286       0.5894399539520748      -0.2083700739334186      61407
  122.125000       5.214286      -0.0000000000000000       0.0000000000000000          0
  125.250000       5.214286      -0.0000000000000000       0.0000000000000000          0
  128.375000       5.214286      -0.0000000000000000       0.0000000000000000          0
  131.500000       5.214286      -0.0000000000000000       0.0000000000000000          0
  134.625000       5.214286      -0.0000000000000000       0.0000000000000000          0
  137.750000       5.214286      -0.0000000000000000       0.0000000000000000          0
  140.875000       5.214286      -0.0000000000000000       0.0000000000000000          0
  144.000000       5.214286      -0.0000000000000000       0.0000000000000000          0
  44.000000       2.607143      -1.1664608705820980       0.9367147454341778        709
  47.125000       2.607143      -0.0000000000000000       0.0000000000000000          0
  50.250000       2.607143      -0.0000000000000000       0.0000000000000000          0
  53.375000       2.607143      -0.0000000000000000       0.0000000000000000          0
  56.500000       2.607143      -0.0000000000000000       0.0000000000000000          0
  59.625000       2.607143      -0.0000000000000000       0.0000000000000000          0
  62.750000       2.607143      -0.0000000000000000       0.0000000000000000          0
  65.875000       2.607143      -0.0000000000000000       0.0000000000000000          0
  69.000000       2.607143      -0.0000000000000000       0.0000000000000000          0
  72.125000       2.607143      -0.0000000000000000       0.0000000000000000          0
  75.250000       2.607143      -0.0000000000000000       0.0000000000000000          0
  78.375000       2.607143      -0.0000000000000000       0.0000000000000000          0
  81.500000       2.607143      -0.0000000000000000       0.0000000000000000          0
  84.625000       2.607143      -0.0000000000000000       0.0000000000000000          0
  87.750000       2.607143      -0.0000000000000000       0.0000000000000000          0
  90.875000       2.607143      -0.0000000000000000       0.0000000000000000          0
  94.000000       2.607143      -0.0000000000000000       0.0000000000000000          0
  97.125000       2.607143      -0.0000000000000000       0.0000000000000000          0
  100.250000       2.607143       0.0017368603021018       0.0007120947295387      67301
  103.375000       2.607143       0.0013416411469634       0.0007082749636103      64701
  106.500000       2.607143       0.0009424318945435       0.0007054409144710      64701
  109.625000       2.607143      -0.0000000000000000       0.0000000000000000          0
  112.750000       2.607143      -0.0000000000000000       0.0000000000000000          0
  115.875000       2.607143      -0.0000000000000000       0.0000000000000000          0
  119.000000       2.607143       0.1319275290314159      -0.0885797174690426      61405
  122.125000       2.607143      -0.0000000000000000       0.0000000000000000          0
  125.250000       2.607143      -0.0000000000000000       0.0000000000000000          0
  128.375000       2.607143      -3.8847829425931342      -3.9460732063177035        679
  131.500000       2.607143      -0.0000000000000000       0.0000000000000000          0
  134.625000       2.607143      -0.0000000000000000       0.0000000000000000          0
  137.750000       2.607143      -0.0000000000000000       0.0000000000000000          0
  140.875000       2.607143      -0.0000000000000000       0.0000000000000000          0
  144.000000       2.607143      -0.0000000000000000       0.0000000000000000          0
  44.000000       0.000000      -0.0000000000000000       0.0000000000000000          0
  47.125000       0.000000      -0.0000000000000000       0.0000000000000000          0
  50.250000       0.000000      -0.0000000000000000       0.0000000000000000          0
  53.375000       0.000000      -0.0000000000000000       0.0000000000000000          0
  56.500000       0.000000      -0.0000000000000000       0.0000000000000000          0
  59.625000       0.000000      -0.0000000000000000       0.0000000000000000          0
  62.750000       0.000000      -0.0000000000000000       0.0000000000000000          0
  65.875000       0.000000      -0.0000000000000000       0.0000000000000000          0
  69.000000       0.000000      -0.0000000000000000       0.0000000000000000          0
  72.125000       0.000000      -0.0000000000000000       0.0000000000000000          0
  75.250000       0.000000      -0.0000000000000000       0.0000000000000000          0
  78.375000       0.000000      -0.0000000000000000       0.0000000000000000          0
  81.500000       0.000000      -0.0000000000000000       0.0000000000000000          0
  84.625000       0.000000      -0.0000000000000000       0.0000000000000000          0
  87.750000       0.000000      -0.0000000000000000       0.0000000000000000          0
  90.875000       0.000000      -0.0000000000000000       0.0000000000000000          0
  94.000000       0.000000      -0.0000000000000000       0.0000000000000000          0
  97.125000       0.000000      -0.0000000000000000       0.0000000000000000          0
  100.250000       0.000000       0.0017368603021018       0.0010407923710908      67352
  103.375000       0.000000       0.0013416411469634       0.0010407923710908        673
  106.500000       0.000000       0.0009424318945435       0.0010407923710908      64701
  109.625000       0.000000      -0.1301332556119637      -0.1614335664554597        614
  112.750000       0.000000      -0.0428203264949464      -0.1614335664554597        614
  115.875000       0.000000      -0.0000000000000000       0.0000000000000000          0
  119.000000       0.000000      -0.0000000000000000       0.0000000000000000          0
  122.125000       0.000000      -4.1165393882756307      -3.4760316157060913        667
  125.250000       0.000000      -0.0000000000000000       0.0000000000000000          0
  128.375000       0.000000      -3.8847829425931346      -3.6819281604734351        680
  131.500000       0.000000      -0.0000000000000000       0.0000000000000000          0
  134.625000       0.000000      -0.0000000000000000       0.0000000000000000          0
  137.750000       0.000000      -0.0000000000000000       0.0000000000000000          0
  140.875000       0.000000      -0.0000000000000000       0.0000000000000000          0
  144.000000       0.000000      -0.0000000000000000       0.0000000000000000          0
>