>anchorPlateId 301
>reconstructionTime 66
>DeformingMeshPoints.gpml lat_lon_velocity_domain_28_32.gpml
>MeshNode <identity>GPlates-b7a3af0e-8119-4abb-9ae6-39bb7e5702ce</identity> <revision>GPlates-7b04c5e6-7801-49f1-bcc4-23d6f4e5417f</revision>
> reconstructionPlateId 0
> validTime TimePeriod <begin> TimeInstant <timePosition>http://gplates.org/times/distantPast</timePosition></begin> <end> TimeInstant <timePosition>http://gplates.org/times/distantFuture</timePosition></end>
  23.834900      70.336018      -0.0000000000000000       0.0000000000000000        302
  26.479112      70.563607      -0.0000000000000000       0.0000000000000000        302
  29.147862      70.798654      -0.0000000000000000       0.0000000000000000        302
  31.842914      71.040719      -0.0000000000000000       0.0000000000000000        302
  34.566125      71.289334      -0.0000000000000000       0.0000000000000000        302
  37.319448      71.544006      -0.0000000000000000       0.0000000000000000        302
  40.104935      71.804210      -0.0000000000000000       0.0000000000000000        302
  42.924740      72.069396      -0.0000000000000000       0.0000000000000000        302
  45.781118      72.338979      -0.0000000000000000       0.0000000000000000        302
  48.676429      72.612343      -0.0000000000000000       0.0000000000000000        302
  51.613132      72.888838      -0.0000000000000000       0.0000000000000000        302
  54.593783      73.167778      -0.0000000000000000       0.0000000000000000        373
  57.621028      73.448440      -0.0000000000000000       0.0000000000000000        372
  60.697589      73.730061      -0.0000000000000000       0.0000000000000000        372
  63.826253      74.011839      -0.0000000000000000       0.0000000000000000        372
  67.009851      74.292928      -0.0000000000000000       0.0000000000000000        372
  70.251227      74.572440      -0.0000000000000000       0.0000000000000000        372
  73.553213      74.849445      -0.0000000000000000       0.0000000000000000        372
  76.918576      75.122966      -0.0000000000000000       0.0000000000000000        404
  80.349979      75.391982      -0.0000000000000000       0.0000000000000000        404
  83.849909      75.655430      -0.0000000000000000       0.0000000000000000        404
  87.420613      75.912206      -0.0000000000000000       0.0000000000000000        404
  91.064012      76.161167      -0.0000000000000000       0.0000000000000000        404
  94.781607      76.401138      -0.0000000000000000       0.0000000000000000        404
  98.574378      76.630916      -0.0000000000000000       0.0000000000000000        404
  102.442675      76.849281      -0.0000000000000000       0.0000000000000000        404
  106.386103      77.055004      -0.0000000000000000       0.0000000000000000        401
  110.403412      77.246861      -0.0000000000000000       0.0000000000000000        401
  114.492392      77.423647      -0.0000000000000000       0.0000000000000000        401
  118.649783      77.584196      -0.0000000000000000       0.0000000000000000        401
  122.871213      77.727395      -0.0000000000000000       0.0000000000000000          0
  127.151164      77.852208      -0.0000000000000000       0.0000000000000000          0
  131.482977      77.957698      -0.0000000000000000       0.0000000000000000          0
  25.524078      67.799425      -0.0000000000000000       0.0000000000000000        302
  28.243792      68.031918      -0.0000000000000000       0.0000000000000000        302
  30.986899      68.271738      -0.0000000000000000       0.0000000000000000        302
  33.754964      68.518396      -0.0000000000000000       0.0000000000000000        302
  36.549620      68.771378      -0.0000000000000000       0.0000000000000000        302
  39.372560      69.030141      -0.0000000000000000       0.0000000000000000        302
  42.225544      69.294114      -0.0000000000000000       0.0000000000000000        302
  45.110391      69.562696      -0.0000000000000000       0.0000000000000000        302
  48.028981      69.835254      -0.0000000000000000       0.0000000000000000        302
  50.983249      70.111124      -0.0000000000000000       0.0000000000000000        302
  53.975180      70.389610      -0.0000000000000000       0.0000000000000000        302
  57.006796      70.669981      -0.0000000000000000       0.0000000000000000        373
  60.080152      70.951473      -0.0000000000000000       0.0000000000000000        372
  63.197315      71.233285      -0.0000000000000000       0.0000000000000000        372
  66.360351      71.514583      -0.0000000000000000       0.0000000000000000        372
  69.571303      71.794494      -0.0000000000000000       0.0000000000000000        372
  72.832162      72.072112      -0.0000000000000000       0.0000000000000000        401
  76.144840      72.346494      -0.0000000000000000       0.0000000000000000        401
  79.511130      72.616665      -0.0000000000000000       0.0000000000000000        401
  82.932669      72.881616      -0.0000000000000000       0.0000000000000000        401
  86.410888      73.140307      -0.0000000000000000       0.0000000000000000        401
  89.946960      73.391676      -0.0000000000000000       0.0000000000000000        401
  93.541743      73.634634      -0.0000000000000000       0.0000000000000000        401
  97.195720      73.868079      -0.0000000000000000       0.0000000000000000        401
  100.908937      74.090899      -0.0000000000000000       0.0000000000000000        401
  104.680933      74.301981      -0.0000000000000000       0.0000000000000000        401
  108.510685      74.500222      -0.0000000000000000       0.0000000000000000        401
  112.396548      74.684537      -0.0000000000000000       0.0000000000000000        401
  116.336206      74.853874      -0.0000000000000000       0.0000000000000000          0
  120.326639      75.007230      -0.0000000000000000       0.0000000000000000          0
  124.364100      75.143658      -0.0000000000000000       0.0000000000000000          0
  128.444121      75.262291      -0.0000000000000000       0.0000000000000000          0
  132.561530      75.362348      -0.0000000000000000       0.0000000000000000          0
  26.881647      65.248826      -0.0000000000000000       0.0000000000000000        302
  29.658928      65.485105      -0.0000000000000000       0.0000000000000000        302
  32.458220      65.728576      -0.0000000000000000       0.0000000000000000        302
  35.280910      65.978715      -0.0000000000000000       0.0000000000000000        302
  38.128425      66.234968      -0.0000000000000000       0.0000000000000000        302
  41.002233      66.496754      -0.0000000000000000       0.0000000000000000        302
  43.903842      66.763466      -0.0000000000000000       0.0000000000000000        302
  46.834795      67.034463      -0.0000000000000000       0.0000000000000000        302
  49.796663      67.309077      -0.0000000000000000       0.0000000000000000        302
  52.791043      67.586610      -0.0000000000000000       0.0000000000000000        302
  55.819548      67.866331      -0.0000000000000000       0.0000000000000000        302
  58.883797      68.147480      -0.0000000000000000       0.0000000000000000        302
  61.985402      68.429265      -0.0000000000000000       0.0000000000000000        302
  65.125957      68.710864      -0.0000000000000000       0.0000000000000000        302
  68.307019      68.991422      -0.0000000000000000       0.0000000000000000        372
  71.530087      69.270056      -0.0000000000000000       0.0000000000000000        401
  74.796583      69.545852      -0.0000000000000000       0.0000000000000000        401
  78.107822      69.817870      -0.0000000000000000       0.0000000000000000        401
  81.464983      70.085143      -0.0000000000000000       0.0000000000000000        401
  84.869083      70.346681      -0.0000000000000000       0.0000000000000000        401
  88.320931      70.601474      -0.0000000000000000       0.0000000000000000        401
  91.821101      70.848498      -0.0000000000000000       0.0000000000000000        401
  95.369885      71.086716      -0.0000000000000000       0.0000000000000000        401
  98.967257      71.315087      -0.0000000000000000       0.0000000000000000        401
  102.612828      71.532571      -0.0000000000000000       0.0000000000000000        401
  106.305811      71.738140      -0.0000000000000000       0.0000000000000000        401
  110.044985      71.930783      -0.0000000000000000       0.0000000000000000        401
  113.828663      72.109516      -0.0000000000000000       0.0000000000000000        401
  117.654668      72.273397      -0.0000000000000000       0.0000000000000000        401
  121.520323      72.421532      -0.0000000000000000       0.0000000000000000        401
  125.422445      72.553087      -0.0000000000000000       0.0000000000000000          0
  129.357356      72.667302      -0.0000000000000000       0.0000000000000000          0
  133.320908      72.763502      -0.0000000000000000       0.0000000000000000          0
  27.999574      62.688155      -0.0000000000000000       0.0000000000000000        302
  30.822077      62.927444      -0.0000000000000000       0.0000000000000000        302
  33.665153      63.173799      -0.0000000000000000       0.0000000000000000        302
  36.530026      63.426661      -0.0000000000000000       0.0000000000000000        302
  39.417951      63.685449      -0.0000000000000000       0.0000000000000000        302
  42.330205      63.949551      -0.0000000000000000       0.0000000000000000        302
  45.268087      64.218327      -0.0000000000000000       0.0000000000000000        302
  48.232910      64.491110      -0.0000000000000000       0.0000000000000000        302
  51.226002      64.767202      -0.0000000000000000       0.0000000000000000        302
  54.248691      65.045880      -0.0000000000000000       0.0000000000000000        302
  57.302302      65.326389      -0.0000000000000000       0.0000000000000000        302
  60.388148      65.607948      -0.0000000000000000       0.0000000000000000        302
  63.507513      65.889748      -0.0000000000000000       0.0000000000000000        390
  66.661644      66.170950      -0.0000000000000000       0.0000000000000000        390
  69.851735      66.450691      -0.0000000000000000       0.0000000000000000        401
  73.078906      66.728083      -0.0000000000000000       0.0000000000000000        401
  76.344189      67.002213      -0.0000000000000000       0.0000000000000000        401
  79.648503      67.272147      -0.0000000000000000       0.0000000000000000        401
  82.992631      67.536931      -0.0000000000000000       0.0000000000000000        401
  86.377198      67.795597      -0.0000000000000000       0.0000000000000000        401
  89.802640      68.047162      -0.0000000000000000       0.0000000000000000        401
  93.269181      68.290637      -0.0000000000000000       0.0000000000000000        401
  96.776801      68.525029      -0.0000000000000000       0.0000000000000000        401
  100.325211      68.749349      -0.0000000000000000       0.0000000000000000        401
  103.913825      68.962616      -0.0000000000000000       0.0000000000000000        401
  107.541735      69.163867      -0.0000000000000000       0.0000000000000000        401
  111.207692      69.352161      -0.0000000000000000       0.0000000000000000        401
  114.910086      69.526593      -0.0000000000000000       0.0000000000000000        401
  118.646939      69.686297      -0.0000000000000000       0.0000000000000000        401
  122.415897      69.830461      -0.0000000000000000       0.0000000000000000        401
  126.214234      69.958331      -0.0000000000000000       0.0000000000000000        401
  130.038870      70.069224      -0.0000000000000000       0.0000000000000000      43101
  133.886384      70.162535      -0.0000000000000000       0.0000000000000000      43101
  28.939071      60.120010      -0.0000000000000000       0.0000000000000000        302
  31.798000      60.361754      -0.0000000000000000       0.0000000000000000        302
  34.676085      60.610444      -0.0000000000000000       0.0000000000000000        302
  37.574416      60.865497      -0.0000000000000000       0.0000000000000000        302
  40.494095      61.126306      -0.0000000000000000       0.0000000000000000        302
  43.436242      61.392232      -0.0000000000000000       0.0000000000000000        302
  46.401980      61.662613      -0.0000000000000000       0.0000000000000000        302
  49.392441      61.936757      -0.0000000000000000       0.0000000000000000        302
  52.408751      62.213947      -0.0000000000000000       0.0000000000000000        302
  55.452029      62.493438      -0.0000000000000000       0.0000000000000000        302
  58.523378      62.774458      -0.0000000000000000       0.0000000000000000        302
  61.623873      63.056211      -0.0000000000000000       0.0000000000000000        390
  64.754552      63.337875      -0.0000000000000000       0.0000000000000000        390
  67.916407      63.618604      -0.0000000000000000       0.0000000000000000        468
  71.110366      63.897529      -0.0000000000000000       0.0000000000000000        401
  74.337281      64.173762      -0.0000000000000000       0.0000000000000000        401
  77.597912      64.446393      -0.0000000000000000       0.0000000000000000        401
  80.892906      64.714497      -0.0000000000000000       0.0000000000000000        401
  84.222786      64.977136      -0.0000000000000000       0.0000000000000000        401
  87.587922      65.233360      -0.0000000000000000       0.0000000000000000        401
  90.988518      65.482214      -0.0000000000000000       0.0000000000000000        401
  94.424590      65.722738      -0.0000000000000000       0.0000000000000000        401
  97.895942      65.953978      -0.0000000000000000       0.0000000000000000        401
  101.402151      66.174988      -0.0000000000000000       0.0000000000000000        401
  104.942548      66.384834      -0.0000000000000000       0.0000000000000000        401
  108.516200      66.582604      -0.0000000000000000       0.0000000000000000        401
  112.121899      66.767417      -0.0000000000000000       0.0000000000000000        401
  115.758151      66.938423      -0.0000000000000000       0.0000000000000000        401
  119.423174      67.094820      -0.0000000000000000       0.0000000000000000        401
  123.114895      67.235854      -0.0000000000000000       0.0000000000000000        401
  126.830957      67.360832      -0.0000000000000000       0.0000000000000000      43102
  130.568735      67.469126      -0.0000000000000000       0.0000000000000000      43101
  134.325350      67.560185      -0.0000000000000000       0.0000000000000000      43101
  29.742372      57.546175      -0.0000000000000000       0.0000000000000000        302
  32.631273      57.789963      -0.0000000000000000       0.0000000000000000        302
  35.537973      58.040586      -0.0000000000000000       0.0000000000000000        302
  38.463445      58.297441      -0.0000000000000000       0.0000000000000000        302
  41.408665      58.559897      -0.0000000000000000       0.0000000000000000        302
  44.374616      58.827298      -0.0000000000000000       0.0000000000000000        302
  47.362283      59.098958      -0.0000000000000000       0.0000000000000000        302
  50.372642      59.374169      -0.0000000000000000       0.0000000000000000        302
  53.406662      59.652196      -0.0000000000000000       0.0000000000000000        302
  56.465293      59.932277      -0.0000000000000000       0.0000000000000000        302
  59.549461      60.213630      -0.0000000000000000       0.0000000000000000        302
  62.660061      60.495446      -0.0000000000000000       0.0000000000000000        390
  65.797943      60.776895      -0.0000000000000000       0.0000000000000000        468
  68.963905      61.057125      -0.0000000000000000       0.0000000000000000        468
  72.158680      61.335267      -0.0000000000000000       0.0000000000000000        401
  75.382925      61.610434      -0.0000000000000000       0.0000000000000000        401
  78.637205      61.881721      -0.0000000000000000       0.0000000000000000        401
  81.921981      62.148214      -0.0000000000000000       0.0000000000000000        401
  85.237594      62.408989      -0.0000000000000000       0.0000000000000000        401
  88.584252      62.663114      -0.0000000000000000       0.0000000000000000        401
  91.962008      62.909657      -0.0000000000000000       0.0000000000000000        401
  95.370752      63.147688      -0.0000000000000000       0.0000000000000000        401
  98.810193      63.376282      -0.0000000000000000       0.0000000000000000        401
  102.279843      63.594530      -0.0000000000000000       0.0000000000000000        401
  105.779007      63.801538      -0.0000000000000000       0.0000000000000000        401
  109.306772      63.996438      -0.0000000000000000       0.0000000000000000        401
  112.861999      64.178392      -0.0000000000000000       0.0000000000000000        401
  116.443317      64.346599      -0.0000000000000000       0.0000000000000000        401
  120.049123      64.500303      -0.0000000000000000       0.0000000000000000        401
  123.677582      64.638798      -0.0000000000000000       0.0000000000000000        401
  127.326636      64.761437      -0.0000000000000000       0.0000000000000000      43102
  130.994018      64.867636      -0.0000000000000000       0.0000000000000000      43101
  134.677261      64.956884      -0.0000000000000000       0.0000000000000000      43101
  30.439523      54.967913      -0.0000000000000000       0.0000000000000000        302
  33.353539      55.213434      -0.0000000000000000       0.0000000000000000        302
  36.284072      55.465688      -0.0000000000000000       0.0000000000000000        302
  39.231991      55.724053      -0.0000000000000000       0.0000000000000000        302
  42.198167      55.987881      -0.0000000000000000       0.0000000000000000        302
  45.183470      56.256496      -0.0000000000000000       0.0000000000000000        302
  48.188764      56.529199      -0.0000000000000000       0.0000000000000000        302
  51.214902      56.805264      -0.0000000000000000       0.0000000000000000        302
  54.262721      57.083943      -0.0000000000000000       0.0000000000000000        302
  57.333038      57.364462      -0.0000000000000000       0.0000000000000000        302
  60.426640      57.646029      -0.0000000000000000       0.0000000000000000        390
  63.544277      57.927826      -0.0000000000000000       0.0000000000000000        390
  66.686653      58.209018      -0.0000000000000000       0.0000000000000000        468
  69.854421      58.488751      -0.0000000000000000       0.0000000000000000        468
  73.048167      58.766155      -0.0000000000000000       0.0000000000000000        401
  76.268403      59.040346      -0.0000000000000000       0.0000000000000000        401
  79.515554      59.310426      -0.0000000000000000       0.0000000000000000        401
  82.789948      59.575492      -0.0000000000000000       0.0000000000000000        401
  86.091802      59.834631      -0.0000000000000000       0.0000000000000000        401
  89.421212      60.086930      -0.0000000000000000       0.0000000000000000        401
  92.778137      60.331478      -0.0000000000000000       0.0000000000000000        401
  96.162393      60.567369      -0.0000000000000000       0.0000000000000000        401
  99.573634      60.793705      -0.0000000000000000       0.0000000000000000        401
  103.011350      61.009608      -0.0000000000000000       0.0000000000000000        401
  106.474852      61.214218      -0.0000000000000000       0.0000000000000000        401
  109.963266      61.406702      -0.0000000000000000       0.0000000000000000        401
  113.475532      61.586259      -0.0000000000000000       0.0000000000000000        401
  117.010396      61.752128      -0.0000000000000000       0.0000000000000000        401
  120.566415      61.903589      -0.0000000000000000       0.0000000000000000        401
  124.141955      62.039976      -0.0000000000000000       0.0000000000000000        401
  127.735205      62.160679      -0.0000000000000000       0.0000000000000000        401
  131.344182      62.265147      -0.0000000000000000       0.0000000000000000        401
  134.966747      62.352901      -0.0000000000000000       0.0000000000000000        401
  31.052468      52.386146      -0.0000000000000000       0.0000000000000000        302
  33.987866      52.633158      -0.0000000000000000       0.0000000000000000        302
  36.938574      52.886809      -0.0000000000000000       0.0000000000000000        302
  39.905374      53.146461      -0.0000000000000000       0.0000000000000000        302
  42.889044      53.411450      -0.0000000000000000       0.0000000000000000        302
  45.890359      53.681085      -0.0000000000000000       0.0000000000000000        302
  48.910081      53.954652      -0.0000000000000000       0.0000000000000000        302
  51.948963      54.231415      -0.0000000000000000       0.0000000000000000        302
  55.007733      54.510611      -0.0000000000000000       0.0000000000000000        302
  58.087099      54.791461      -0.0000000000000000       0.0000000000000000        302
  61.187735      55.073160      -0.0000000000000000       0.0000000000000000        390
  64.310278      55.354887      -0.0000000000000000       0.0000000000000000        468
  67.455319      55.635802      -0.0000000000000000       0.0000000000000000        468
  70.623396      55.915051      -0.0000000000000000       0.0000000000000000        468
  73.814983      56.191765      -0.0000000000000000       0.0000000000000000        468
  77.030485      56.465062      -0.0000000000000000       0.0000000000000000        401
  80.270223      56.734053      -0.0000000000000000       0.0000000000000000        401
  83.534430      56.997844      -0.0000000000000000       0.0000000000000000        401
  86.823237      57.255535      -0.0000000000000000       0.0000000000000000        401
  90.136663      57.506229      -0.0000000000000000       0.0000000000000000        401
  93.474609      57.749033      -0.0000000000000000       0.0000000000000000        401
  96.836846      57.983061      -0.0000000000000000       0.0000000000000000        401
  100.223004      58.207443      -0.0000000000000000       0.0000000000000000        401
  103.632571      58.421324      -0.0000000000000000       0.0000000000000000        401
  107.064880      58.623874      -0.0000000000000000       0.0000000000000000        401
  110.519109      58.814290      -0.0000000000000000       0.0000000000000000        401
  113.994274      58.991802      -0.0000000000000000       0.0000000000000000        401
  117.489232      59.155680      -0.0000000000000000       0.0000000000000000        401
  121.002678      59.305239      -0.0000000000000000       0.0000000000000000        401
  124.533152      59.439842      -0.0000000000000000       0.0000000000000000        401
  128.079048      59.558908      -0.0000000000000000       0.0000000000000000        401
  131.638615      59.661917      -0.0000000000000000       0.0000000000000000        401
  135.209978      59.748413      -0.0000000000000000       0.0000000000000000        401
  31.597604      49.801560      -0.0000000000000000       0.0000000000000000        302
  34.551460      50.049872      -0.0000000000000000       0.0000000000000000        302
  37.519493      50.304737      -0.0000000000000000       0.0000000000000000        302
  40.502408      50.565502      -0.0000000000000000       0.0000000000000000        302
  43.500904      50.831488      -0.0000000000000000       0.0000000000000000        302
  46.515673      51.101992      -0.0000000000000000       0.0000000000000000        302
  49.547395      51.376288      -0.0000000000000000       0.0000000000000000        302
  52.596733      51.653629      -0.0000000000000000       0.0000000000000000        302
  55.664330      51.933244      -0.0000000000000000       0.0000000000000000        302
  58.750802      52.214344      -0.0000000000000000       0.0000000000000000        302
  61.856732      52.496119      -0.0000000000000000       0.0000000000000000        390
  64.982667      52.777743      -0.0000000000000000       0.0000000000000000        465
  68.129107      53.058375      -0.0000000000000000       0.0000000000000000        458
  71.296500      53.337158      -0.0000000000000000       0.0000000000000000        459
  74.485236      53.613226      -0.0000000000000000       0.0000000000000000        468
  77.695636      53.885704      -0.5634112615190812      -0.0139728796963238          0
  80.927945      54.153707      -1.0391219900043964       0.0366877265739440          0
  84.182328      54.416351      -1.1675118725495075       0.1055959664273052          0
  87.458852      54.672748      -1.0329615097560960       0.1463412163554572          0
  90.757489      54.922015      -0.7435876672032789       0.1382058480566091          0
  94.078102      55.163276      -0.3718506909567568       0.0834934451501167          0
  97.420436      55.395665      -0.0000000000000000       0.0000000000000000        401
  100.784117      55.618333      -0.0000000000000000       0.0000000000000000        401
  104.168643      55.830447      -0.0000000000000000       0.0000000000000000        401
  107.573379      56.031202      -0.0000000000000000       0.0000000000000000        401
  110.997554      56.219821      -0.0048353532510536       0.0016586872117100          0
  114.440263      56.395562      -0.0730429011262375       0.0286916051721812          0
  117.900459      56.557721      -0.1187837884256789       0.0527091087754803          0
  121.376963      56.705638      -0.1397105737919519       0.0693988054529845          0
  124.868464      56.838705      -0.1472164023326878       0.0772203237970985          0
  128.373525      56.956365      -0.1443231342607230       0.0704859704347220          0
  131.890594      57.058122      -0.1397279770206128       0.0567778648870610          0
  135.418010      57.143540      -0.1331833289859372       0.0420340666430255          0
  32.087429      47.214675      -0.0000000000000000       0.0000000000000000        302
  35.057418      47.464137      -0.0000000000000000       0.0000000000000000        302
  38.040517      47.720069      -0.0000000000000000       0.0000000000000000        302
  41.037365      47.981808      -0.0000000000000000       0.0000000000000000        302
  44.048594      48.248661      -0.0000000000000000       0.0000000000000000        302
  47.074824      48.519916      -0.0000000000000000       0.0000000000000000        302
  50.116664      48.794837      -0.0000000000000000       0.0000000000000000        302
  53.174703      49.072664      -0.0000000000000000       0.0000000000000000        302
  56.249510      49.352622      -0.0000000000000000       0.0000000000000000        302
  59.341627      49.633913      -0.0000000000000000       0.0000000000000000        302
  62.451563      49.915723      -0.0000000000000000       0.0000000000000000        465
  65.579789      50.197224      -0.0000000000000000       0.0000000000000000        458
  68.726734      50.477571      -0.0000000000000000       0.0000000000000000        458
  71.892777      50.755910      -0.0000000000000000       0.0000000000000000        459
  75.078239      51.031375      -1.4580116687253701      -0.1508166028361859          0
  78.283379      51.303097      -2.2567090467805251      -0.0822568988178380          0
  81.508386      51.570198      -2.6005876101098693       0.0869511533587697          0
  84.753371      51.831801      -2.5583449367668964       0.2480315599360122          0
  88.018362      52.087032      -2.1990183370576615       0.3262040061975594          0
  91.303296      52.335019      -1.6888393629888565       0.3166549133799747          0
  94.608012      52.574902      -1.1411976670195954       0.2477423256680988          0
  97.932249      52.805833      -0.5811240720057258       0.1372245071270171          0
  101.275636      53.026979      -0.0433882840342003       0.0108888131763649          0
  104.637688      53.237530      -0.0000000000000000       0.0000000000000000        401
  108.017807      53.436702      -0.0678221217462261       0.0205629631287627          0
  111.415276      53.623741      -0.2103780567530560       0.0732324279688530          0
  114.829259      53.797926      -0.2976947722764027       0.1177456139755278          0
  118.258802      53.958578      -0.3440185049716020       0.1530504933927179          0
  121.702835      54.105060      -0.3683451071966670       0.1767245588849221          0
  125.160174      54.236786      -0.3853048403646742       0.1866823856023669          0
  128.629532      54.353221      -0.3979944819508592       0.1852548117223312          0
  132.109521      54.453887      -0.4122469578023763       0.1747949856246257          0
  135.598661      54.538369      -0.4396455315929395       0.1653111239233037          0
  32.531642      44.625898      -0.0000000000000000       0.0000000000000000        302
  35.515886      44.876384      -0.0000000000000000       0.0000000000000000        302
  38.512236      45.133266      -2.1089683439320677      -0.3437439900147890        503
  41.521273      45.395867      -2.2757413394103341      -0.2811642162920325        503
  44.543566      45.663484      -0.0000000000000000       0.0000000000000000        301
  47.579678      45.935396      -0.0000000000000000       0.0000000000000000        301
  50.630153      46.210856      -0.0000000000000000       0.0000000000000000        302
  53.695521      46.489099      -0.0000000000000000       0.0000000000000000        302
  56.776286      46.769340      -0.0000000000000000       0.0000000000000000        302
  59.872929      47.050778      -0.0000000000000000       0.0000000000000000        390
  62.985897      47.332595      -0.0000000000000000       0.0000000000000000        466
  66.115601      47.613958      -0.0000000000000000       0.0000000000000000        458
  69.262412      47.894024      -0.0000000000000000       0.0000000000000000        459
  72.426651      48.171939      -1.4362031317691542      -0.1047594013908172          0
  75.608588      48.446840      -3.5129835327183474      -0.3941244073076604          0
  78.808433      48.717862      -4.4764121772683207      -0.2341710530099390        580
  82.026333      48.984133      -4.0391166153142208       0.0015356011712342        580
  85.262362      49.244787      -3.5865151292426840       0.2194850077309116        580
  88.516517      49.498958      -3.1198471874643667       0.4183774807979225        580
  91.788716      49.745787      -2.4837476466675641       0.4566203850015749          0
  95.078786      49.984427      -1.7587848511477038       0.3377958219947334          0
  98.386463      50.214046      -1.1591107067709219       0.2250792425876967          0
  101.711389      50.433829      -0.7976334276661801       0.2063086483798379          0
  105.053103      50.642983      -0.5475268951921114       0.1695473078015131          0
  108.411043      50.840743      -0.4402599170282761       0.1397081881780762          0
  111.784545      51.026375      -0.5016402483742963       0.1766797788978914          0
  115.172839      51.199178      -0.5640316431784569       0.2247431156618884          0
  118.575054      51.358494      -0.5954271517557379       0.2654204621112508          0
  121.990215      51.503706      -0.6136991164771158       0.2918659315550777          0
  125.417256      51.634247      -0.6284924417298794       0.3039774641452814          0
  128.855013      51.749600      -0.6441033736389630       0.3038149046377897          0
  132.302241      51.849305      -0.6680773291919691       0.2938794584059417          0
  135.757618      51.932960      -0.7141095038981683       0.2842319287271160          0
  32.937891      42.035546      -0.0000000000000000       0.0000000000000000        520
  35.934857      42.286956      -0.0000000000000000       0.0000000000000000        551
  38.942980      42.544690      -0.0000000000000000       0.0000000000000000        551
  41.962788      42.808061      -0.0000000000000000       0.0000000000000000        551
  44.994800      43.076359      -2.4604266822656551      -0.0147264508112558        503
  48.039523      43.348851      -0.0000000000000000       0.0000000000000000        301
  51.097451      43.624783      -0.0000000000000000       0.0000000000000000        301
  54.169057      43.903384      -0.0000000000000000       0.0000000000000000        301
  57.254795      44.183863      -0.0000000000000000       0.0000000000000000        301
  60.355092      44.465414      -0.0000000000000000       0.0000000000000000        390
  63.470345      44.747215      -0.0000000000000000       0.0000000000000000        466
  66.600914      45.028433      -0.0000000000000000       0.0000000000000000        466
  69.747122      45.308223      -1.0096893210003164       0.1105643475710040          0
  72.909247      45.585734      -2.7882413722359001       0.3503323470243240          0
  76.087517      45.860105      -3.5531291048573528       0.5085957678680662          0
  79.282105      46.130474      -4.4128960778505668      -0.7439122153152245        580
  82.493124      46.395980      -3.9745911544836661      -0.5185879978739012        580
  85.720623      46.655760      -3.5214628336947724      -0.3103567407921979        580
  88.964579      46.908960      -3.0547697614925529      -0.1204562951362995        580
  92.224897      47.154732      -2.5758616159984298       0.0499142538065446        580
  95.501400      47.392242      -2.0861780254150220       0.1996064532254675        580
  98.793830      47.620672      -1.9357729615251222       0.4659213936862142          0
  102.101844      47.839221      -1.6291678635211189       0.5331831761280119          0
  105.425007      48.047114      -1.2358618320386314       0.4490364219839706          0
  108.762795      48.243602      -0.9180763832949477       0.3240867043466229          0
  112.114594      48.427969      -0.8249986929979105       0.2937266258986215          0
  115.479696      48.599532      -0.8530568484137560       0.3424885192194654          0
  118.857304      48.757650      -0.8610874474937174       0.3863136366727485          0
  122.246533      48.901726      -0.8629753401137210       0.4173149142580239          0
  125.646414      49.031207      -0.8667358861363435       0.4315840683290259          0
  129.055898      49.145594      -0.8755637424217080       0.4296625754005380          0
  132.473862      49.244441      -0.8999266423938785       0.4141339309092561          0
  135.899116      49.327362      -0.9544217933409573       0.3948860489272631          0
  33.312292      39.443874      -0.0000000000000000       0.0000000000000000        522
  36.320714      39.696122      -0.0000000000000000       0.0000000000000000        525
  39.339393      39.954629      -0.0000000000000000       0.0000000000000000        526
  42.368811      40.218696      -0.0000000000000000       0.0000000000000000        526
  45.409441      40.487605      -0.0000000000000000       0.0000000000000000        526
  48.461743      40.760614      -2.6357479410152092       0.2499211772857579        503
  51.526164      41.036965      -2.7827013153036928       0.3260826336558105        503
  54.603132      41.315877      -0.0000000000000000       0.0000000000000000        301
  57.693056      41.596557      -0.0000000000000000       0.0000000000000000        301
  60.796318      41.878193      -0.0000000000000000       0.0000000000000000        301
  63.913271      42.159963      -0.0000000000000000       0.0000000000000000        467
  67.044236      42.441030      -0.0161469265449576       0.0024781622113159          0
  70.189496      42.720551      -2.2309669260385325       0.3474289540595136          0
  73.349294      42.997675      -3.4218589603225471       0.6042226929324220        501
  76.523823      43.271546      -3.5501936901119469       0.7181850903663406        501
  79.713230      43.541306      -3.6681568564928972       0.8390808090189876        501
  82.917602      43.806099      -3.8259260583229988      -0.3791336184102971          0
  86.136969      44.065071      -3.5273768471295464      -0.4739428076394523          0
  89.371297      44.317375      -3.1855094555827326      -0.0734242324665904          0
  92.620483      44.562176      -2.8611731288611395       0.1656701521504365          0
  95.884353      44.798650      -2.8107653960744425       0.5337262210012337          0
  99.162658      45.025992      -2.8426160230760624       0.9019640996920172          0
  102.455073      45.243415      -2.5650605611941941       1.0041626223744731          0
  105.761191      45.450160      -2.0284248078705449       0.8493949998708508          0
  109.080525      45.645492      -1.4280335012783731       0.5460276220458186          0
  112.412508      45.828710      -1.1697061967782671       0.4211514481492532          0
  115.756491      45.999150      -1.1532945214535455       0.4668303712370728          0
  119.111745      46.156186      -1.1330770707668329       0.5116085631727027          0
  122.477465      46.299234      -1.1082116041560504       0.5503348652280204          0
  125.852770      46.427758      -1.0910338998108766       0.5701376227871351          0
  129.236710      46.541275      -1.0849279360286896       0.5673815803209680          0
  132.628271      46.639350      -1.1024734593692149       0.5415591475823296          0
  136.026381      46.721607      -1.1538265681353184       0.4944029026088460          0
  33.659805      36.851087      -1.1912055360752414       0.1157421335932648        715
  36.678627      37.104105      -0.0000000000000000       0.0000000000000000        522
  39.706851      37.363316      -2.1759008388471184       0.2592993947628780        503
  42.744916      37.628017      -2.3417912807482368       0.3129956725022922        503
  45.793254      37.897479      -0.0000000000000000       0.0000000000000000        505
  48.852285      38.170954      -2.6549043762972975       0.4387254036582472        503
  51.922413      38.447677      -2.8011309564339082       0.5107597650370837        503
  55.004030      38.726864      -2.9398182129630621       0.5888668708636057        503
  58.097502      39.007715      -0.0000000000000000       0.0000000000000000        301
  61.203175      39.289415      -0.0000000000000000       0.0000000000000000        301
  64.321367      39.571141      -0.0000000000000000       0.0000000000000000        301
  67.452363      39.852055      -1.0687930990669807       0.2020728821418542          0
  70.596416      40.131314      -3.3020530035508213       0.6924402974074083        501
  73.753737      40.408068      -3.4388014410581498       0.7937775978237230        501
  76.924497      40.681465      -3.5656248649592150       0.9019491610389212        501
  80.108817      40.950652      -3.6820029548690161       1.0167365334883944        501
  83.306769      41.214778      -3.7874356618494058       1.1378773495942185        501
  86.518369      41.472996      -3.8348261003630566       1.0551187731293294          0
  89.743576      41.724469      -3.6962522702975047       0.9884868626708280          0
  92.982287      41.968371      -3.5206715353778280       0.9985606021973272          0
  96.234331      42.203888      -3.5058001708367423       1.1599105911977134          0
  99.499473      42.430227      -3.6639711554741132       1.4671803309983222          0
  102.777407      42.646616      -3.6738661302051749       1.6872574317694036          0
  106.067755      42.852306      -2.9631817032004060       1.4082683870510739          0
  109.370066      43.046579      -1.9748264333342664       0.8192104718316344          0
  112.683819      43.228747      -1.4298589012648018       0.4848376789906164          0
  116.008418      43.398160      -1.4166836109178331       0.5577852464266314          0
  119.343198      43.554207      -1.4003335474741869       0.6343573296035990          0
  122.687425      43.696319      -1.3463925226525677       0.6773320702151576          0
  126.040298      43.823973      -1.2921327749885863       0.7139790650602651          0
  129.400957      43.936696      -1.2604421532507635       0.7318249661943094          0
  132.768485      44.034069      -1.2586509576931666       0.7048230493798002          0
  136.141911      44.115725      -1.2886429400377502       0.5426621096643827          0
  33.984499      34.257356      -0.0000000000000000       0.0000000000000000          0
  37.012837      34.511083      -2.0236652818084884       0.4124577815290280        503
  40.049757      34.770943      -2.1949398958048794       0.4568536925066016        503
  43.095664      35.036224      -2.3605283162926125       0.5070180081734420        503
  46.150951      35.306191      -2.5199258698941209       0.5629882799308590        503
  49.216003      35.580090      -0.0000000000000000       0.0000000000000000        505
  52.291189      35.857148      -0.0000000000000000       0.0000000000000000        505
  55.376864      36.136578      -0.0000000000000000       0.0000000000000000        505
  58.473363      36.417575      -0.0000000000000000       0.0000000000000000        505
  61.580998      36.699323      -0.0000000000000000       0.0000000000000000        301
  64.700057      36.980994      -0.0000000000000000       0.0000000000000000        301
  67.830796      37.261753      -0.0000000000000000       0.0000000000000000        301
  70.973442      37.540756      -3.3189180845091073       0.8835449530511008        501
  74.128184      37.817156      -3.4543345876549494       0.9790944904064073        501
  77.295170      38.090103      -3.5797453836159332       1.0811554033261705        501
  80.474506      38.358748      -3.6946464929584995       1.1895191504623499        501
  83.666252      38.622246      -3.7985555961290518       1.3039348840550007        501
  86.870415      38.879759      -3.8910150439273030       1.4241085798464701        501
  90.086950      39.130455      -3.9715950174079158       1.5497025656600947        501
  93.315757      39.373518      -4.0398968126693919       1.6803354895863922        501
  96.556674      39.608146      -4.0955562191263075       1.8155827656804271        501
  99.809479      39.833556      -4.1382469528715955       1.9549775306939567        501
  103.073888      40.048986      -4.3135679030483391       2.3754931762459508        607
  106.349550      40.253701      -2.8353265661869171       1.2318125542352374          0
  109.636053      40.446995      -1.9532008494120319       0.6925015278298864          0
  112.932914      40.628195      -1.4816194485779790       0.4075211296449021          0
  116.239592      40.796663      -1.3946901200768660       0.4188550124560038          0
  119.555477      40.951801      -1.3852817245665372       0.5006525970689808          0
  122.879902      41.093052      -1.3689996763496830       0.5749798613327353          0
  126.212140      41.219906      -1.3471051064798938       0.6306416900626037          0
  129.551410      41.331903      -1.3227679962225738       0.6605752040037927          0
  132.896881      41.428632      -1.3020116013538012       0.6231640168912990          0
  136.247675      41.509736      -0.0000000000000000       0.0000000000000000          0
  34.289755      31.662819      -1.1960140386239528       0.1801659047095543        715
  37.326858      31.917205      -0.0000000000000000       0.0000000000000000          0
  40.371759      32.177667      -2.2127467361807573       0.6521968433272980        503
  43.424829      32.443484      -2.3780319239604153       0.6985848031622897        503
  46.486427      32.713916      -2.5369995246562747       0.7504658099104835        503
  49.556907      32.988201      -2.6891541145549471       0.8078631156965697        503
  52.636607      33.265563      -0.0000000000000000       0.0000000000000000        505
  55.725850      33.545210      -0.0000000000000000       0.0000000000000000        505
  58.824942      33.826333      -0.0000000000000000       0.0000000000000000        505
  61.934169      34.108114      -0.0000000000000000       0.0000000000000000        506
  65.053791      34.389724      -0.0000000000000000       0.0000000000000000        506
  68.184042      34.670327      -0.0000000000000000       0.0000000000000000        506
  71.325127      34.949081      -3.3345200590914628       1.0705754200449318        501
  74.477215      35.225139      -3.4686805987204075       1.1600427040830665        501
  77.640440      35.497656      -3.5927634283973378       1.2557001114398882        501
  80.814895      35.765786      -3.7062800261337387       1.3573509142589195        501
  84.000630      36.028692      -3.8087647331850096       1.4647576194496947        501
  87.197649      36.285539      -3.8997775949514439       1.5776412305831593        501
  90.405907      36.535505      -3.9789073225850702       1.6956809007968647        501
  93.625308      36.777783      -4.0457743513927085       1.8185140124468835        501
  96.855702      37.011578      -4.1000339661181862       1.9457367158989278        501
  100.096881      37.236119      -4.3538007025845360       2.2774884110396476        607
  103.348584      37.450655      -2.8106281843596794       1.0783254128323900          0
  106.610488      37.654463      -2.3057647095096683       0.7669400341302519          0
  109.882214      37.846848      -1.7127441522010578       0.3941728168812455          0
  113.163322      38.027148      -1.4135635546031979       0.2309182312726097          0
  116.453317      38.194739      -1.3772177882011385       0.2841639865020464          0
  119.751644      38.349034      -1.3731844680962531       0.3690622949261669          0
  123.057696      38.489488      -1.3618750092875695       0.4322913713182754          0
  126.370813      38.615604      -1.3463638175645554       0.4714938069688393          0
  129.690287      38.726928      -1.3306601480284712       0.4749131340528627          0
  133.015363      38.823062      -1.3227869942213621       0.4063744202196031          0
  136.345249      38.903658      -0.0000000000000000       0.0000000000000000          0
  34.578412      29.067596      -1.1981691271327128       0.2108590388123278        715
  37.623641      29.322598      -0.0000000000000000       0.0000000000000000          0
  40.675915      29.583621      -0.0000000000000000       0.0000000000000000          0
  43.735570      29.849936      -2.3944838710577403       0.8874051161953300        503
  46.802940      30.120798      -2.5530283161527949       0.9349637541989094        503
  49.878346      30.395439      -2.7046435729123588       0.9877238695409909        503
  52.962099      30.673079      -0.0000000000000000       0.0000000000000000        505
  56.054497      30.952920      -0.0000000000000000       0.0000000000000000        505
  59.155821      31.234152      -0.0000000000000000       0.0000000000000000        505
  62.266330      31.515955      -0.0000000000000000       0.0000000000000000      50601
  65.386265      31.797498      -0.0000000000000000       0.0000000000000000      50601
  68.515840      32.077944      -0.0000000000000000       0.0000000000000000      50601
  71.655240      32.356454      -0.0000000000000000       0.0000000000000000          0
  74.804621      32.632182      -3.4820207505878891       1.3364566004682921        501
  77.964104      32.904286      -3.6048483781636369       1.4254423562183844        501
  81.133774      33.171927      -3.7170597646035115       1.5201148545358518        501
  84.313675      33.434268      -3.8182049796503059       1.6202515511299704        501
  87.503810      33.690485      -3.9078606806685920       1.7255899845262253        501
  90.704136      33.939762      -3.9856328847749571       1.8358275272744309        501
  93.914565      34.181298      -4.0511598140752145       1.9506215511760501        501
  97.134957      34.414309      -0.0000000000000000       0.0000000000000000          0
  100.365123      34.638034      -4.3506558702937790       2.3275275915446336        607
  103.604823      34.851731      -2.0464720452916558       0.4999105804710753          0
  106.853762      35.054689      -1.5912086499705473       0.1583073616508226          0
  110.111594      35.246223      -1.3713761085772216       0.0074072247338320          0
  113.377920      35.425683      -1.3546342044152035       0.0574179513913360          0
  116.652286      35.592455      -1.3645582576492419       0.1539343000344702          0
  119.934191      35.745964      -1.3656904400181213       0.2436016276603228          0
  123.223082      35.885675      -1.3591075695079637       0.3018695060774710          0
  126.518361      36.011102      -1.3486343101512439       0.3355882965528163          0
  129.819385      36.121801      -1.3382763672173765       0.3388845206317292          0
  133.125474      36.217382      -1.3344966722821283       0.2894810837563850          0
  136.435908      36.297504      -0.0000000000000000       0.0000000000000000          0
  34.852879      26.471785      -1.2001900747722842       0.2405205977463562        715
  37.905690      26.727367      -0.0000000000000000       0.0000000000000000          0
  40.964815      26.988916      -0.0000000000000000       0.0000000000000000          0
  44.030564      27.255698      -2.4100369120028806       1.0731764881932313        503
  47.103243      27.526959      -2.5681642241741898       1.1161996594679153        503
  50.183148      27.801931      -2.7192527107758826       1.1641020233805897        503
  53.270564      28.079825      -2.8628250995610092       1.2169023316171246        503
  56.365767      28.359842      -2.9984170932691594       1.2745963651992822        503
  59.469013      28.641169      -0.0000000000000000       0.0000000000000000        505
  62.580545      28.922983      -0.0000000000000000       0.0000000000000000      50601
  65.700582      29.204454      -0.0000000000000000       0.0000000000000000      50601
  68.829322      29.484744      -0.0000000000000000       0.0000000000000000          0
  71.966938      29.763015      -0.0000000000000000       0.0000000000000000          0
  75.113571      30.038423      -0.0000000000000000       0.0000000000000000          0
  78.269335      30.310131      -3.6161396712154925       1.5902135384741141        501
  81.434308      30.577301      -3.7271139482582369       1.6776649132943064        501
  84.608531      30.839104      -3.8269924829014075       1.7702924174183221        501
  87.792010      31.094720      -3.9153676053924773       1.8678514349761490        501
  90.984704      31.343341      -3.9918615820289656       1.9700587672502552        501
  94.186535      31.584174      -0.0000000000000000       0.0000000000000000          0
  97.397376      31.816444      -0.0000000000000000       0.0000000000000000          0
  100.617057      32.039397      -1.2740461873395368      -0.1296473668087497        602
  103.845358      32.252303      -1.4335670435374224       0.0092361932188970          0
  107.082013      32.454459      -1.3198366866579994      -0.0625387848378065          0
  110.326708      32.645192      -1.3354085902294366      -0.0213759570079925          0
  113.579079      32.823861      -1.3475609049122177       0.0222174319868202          0
  116.838718      32.989864      -1.3572180536600020       0.0662780097743873          0
  120.105168      33.142635      -1.3627618200928691       0.1279135906550694          0
  123.377930      33.281650      -1.3606322084941256       0.1881552421291884          0
  126.656463      33.406431      -1.3529394926387510       0.2280002718342920          0
  129.940186      33.516544      -1.3451408994408709       0.2481211698788432          0
  133.228482      33.611607      -6.4000476908300818       3.3360991115414595        737
  136.520701      33.691287      -6.4143730091052076       3.5365689308422739        678
  35.115226      23.875473      -1.2020960355746011       0.2691287334592694        715
  38.175150      24.131603      -1.2224552249242668       0.2930472619039689        715
  41.240679      24.393648      -0.0000000000000000       0.0000000000000000          0
  44.312100      24.660869      -0.0000000000000000       0.0000000000000000          0
  47.389691      24.932506      -2.5825360905728258       1.2938816267915367        503
  50.473728      25.207785      -2.7331085539707760       1.3367250494471938        503
  53.564472      25.485915      -2.8760656710251724       1.3841480467197467        503
  56.662179      25.766092      -0.0000000000000000       0.0000000000000000      50602
  59.767086      26.047501      -0.0000000000000000       0.0000000000000000      50602
  62.879417      26.329318      -0.0000000000000000       0.0000000000000000      50602
  65.999376      26.610712      -0.0000000000000000       0.0000000000000000      50602
  69.127149      26.890846      -0.0000000000000000       0.0000000000000000          0
  72.262894      27.168882      -0.0000000000000000       0.0000000000000000          0
  75.406746      27.443980      -0.0000000000000000       0.0000000000000000          0
  78.558812      27.715303      -3.6267533849247773       1.7498247949533239        501
  81.719165      27.982021      -3.7365490431860762       1.8298337644257678        501
  84.887848      28.243307      -3.8352233872775932       1.9147338897979420        501
  88.064867      28.498348      -3.9223836053190007       2.0042995436896698        501
  91.250189      28.746343      -0.0000000000000000       0.0000000000000000          0
  94.443746      28.986506      -0.0000000000000000       0.0000000000000000          0
  97.645425      29.218070      -0.0000000000000000       0.0000000000000000          0
  100.855073      29.440290      -1.2760522276829573      -0.1046152720009553        602
  104.072495      29.652445      -1.2938987420596253      -0.1098733744877246          0
  107.297449      29.853841      -1.3216106306708031      -0.0577077697299774          0
  110.529653      30.043815      -1.3361318750042428      -0.0120917984799087          0
  113.768780      30.221736      -1.3462579711028400       0.0317289823367247          0
  117.014462      30.387012      -1.3540956653652443       0.0744932884843486          0
  120.266285      30.539086      -1.3597375433930816       0.1150502578521502          0
  123.523801      30.677444      -1.3604550592977438       0.1543853153455667          0
  126.786520      30.801616      -1.3552894666884832       0.1938794383957297          0
  130.053919      30.911177      -1.3478148960060108       0.2338483718348209          0
  133.325440      31.005752      -0.0000000000000000       0.0000000000000000          0
  136.600500      31.085014      -6.4144574701485357       3.6482972830099212        678
  35.367248      21.278733      -1.2039032529736975       0.2966572487710392        715
  38.433881      21.535385      -1.2240176013455708       0.3180307123188296        715
  41.505430      21.797901      -0.0000000000000000       0.0000000000000000          0
  44.582157      22.065537      -0.0000000000000000       0.0000000000000000          0
  47.664320      22.337528      -2.5962543082970608       1.4677114759348950        503
  50.752170      22.613095      -2.7463197094737670       1.5053130367503589        503
  53.845954      22.891443      -2.8886754744737302       1.5471708709789145        503
  56.945904      23.171767      -0.0000000000000000       0.0000000000000000          0
  60.052244      23.453248      -0.0000000000000000       0.0000000000000000      50602
  63.165181      23.735061      -0.0000000000000000       0.0000000000000000      50602
  66.284908      24.016374      -0.0000000000000000       0.0000000000000000          0
  69.411596      24.296352      -0.0000000000000000       0.0000000000000000          0
  72.545397      24.574156      -0.0000000000000000       0.0000000000000000          0
  75.686440      24.848951      -0.0000000000000000       0.0000000000000000          0
  78.834824      25.119902      -0.0000000000000000       0.0000000000000000          0
  81.990624      25.386181      -3.7454543941677656       1.9764389293461617        501
  85.153883      25.646969      -3.8429781414813440       2.0534139492594772        501
  88.324610      25.901458      -0.0000000000000000       0.0000000000000000          0
  91.502784      26.148852      -0.0000000000000000       0.0000000000000000          0
  94.688343      26.388373      -0.0000000000000000       0.0000000000000000          0
  97.881193      26.619262      -1.1759383086637982      -0.2235467158320253        603
  101.081197      26.840781      -1.2476584277976892      -0.1724655919534960      60401
  104.288183      27.052219      -1.3014512019407993      -0.1057202353538607          0
  107.501937      27.252890      -1.3281198432057191      -0.0497394121676585          0
  110.722205      27.442142      -1.3400078387655485      -0.0018556322240976          0
  113.948696      27.619352      -1.3477482041707673       0.0417563675431259          0
  117.181079      27.783937      -1.3538113572994435       0.0829785566346096          0
  120.418984      27.935349      -1.3585084484312573       0.1211303225525520          0
  123.662007      28.073083      -1.3599387283435098       0.1573205812834304          0
  126.909708      28.196678      -1.3562245595906341       0.1938225673629418          0
  130.161618      28.305716      -0.0000000000000000       0.0000000000000000          0
  133.417236      28.399828      -0.0000000000000000       0.0000000000000000          0
  136.676035      28.478696      -0.0000000000000000       0.0000000000000000          0
  35.610521      18.681632      -1.2056256393318345       0.3230766651132485        715
  38.683516      18.938782      -1.2255013851115311       0.3418381000460468        715
  41.760751      19.201748      -0.0000000000000000       0.0000000000000000          0
  44.842469      19.469778      -0.0000000000000000       0.0000000000000000          0
  47.928906      19.742104      -0.0000000000000000       0.0000000000000000          0
  51.020296      20.017942      -0.0000000000000000       0.0000000000000000          0
  54.116865      20.296495      -0.0000000000000000       0.0000000000000000          0
  57.218832      20.576952      -0.0000000000000000       0.0000000000000000          0
  60.326406      20.858496      -0.0000000000000000       0.0000000000000000          0
  63.439780      21.140299      -0.0000000000000000       0.0000000000000000          0
  66.559137      21.421528      -0.0000000000000000       0.0000000000000000          0
  69.684638      21.701349      -0.0000000000000000       0.0000000000000000          0
  72.816429      21.978926      -0.0000000000000000       0.0000000000000000          0
  75.954632      22.253423      -0.0000000000000000       0.0000000000000000          0
  79.099347      22.524010      -0.0000000000000000       0.0000000000000000          0
  82.250647      22.789865      -3.7539057660621689       2.1172876207014277        501
  85.408579      23.050170      -3.8503247667111928       2.1861599135256289        501
  88.573158      23.304125      -0.0000000000000000       0.0000000000000000          0
  91.744370      23.550939      -0.0000000000000000       0.0000000000000000          0
  94.922169      23.789842      -0.0000000000000000       0.0000000000000000          0
  98.106472      24.020081      -1.1785489534655851      -0.1927157402350763        603
  101.297164      24.240928      -1.2518206687692679      -0.1180563862087607      60301
  104.494094      24.451679      -1.3113223178323417      -0.0926984277004428      60406
  107.697074      24.651657      -1.3410317292417253      -0.0381851577507649          0
  110.905880      24.840217      -1.3470048526035703       0.0107285739173370          0
  114.120254      25.016747      -1.3513106450528882       0.0535072941505747          0
  117.339900      25.180671      -1.3556242313130005       0.0925028102097981          0
  120.564491      25.331452      -1.3605611300802298       0.1268703403848125          0
  123.793665      25.468591      -0.0000000000000000       0.0000000000000000          0
  127.027030      25.591635      -0.0000000000000000       0.0000000000000000          0
  130.264165      25.700174      -0.0000000000000000       0.0000000000000000          0
  133.504622      25.793846      -0.0000000000000000       0.0000000000000000          0
  136.747930      25.872337      -0.0000000000000000       0.0000000000000000          0
  35.846445      16.084227      -1.2072752290575999       0.3483550777088264        715
  38.925499      16.341856      -1.2269174901464166       0.3644444705852524        715
  42.008133      16.605252      -0.0000000000000000       0.0000000000000000          0
  45.094567      16.873658      -1.5160698602779858       1.1895523590025583        710
  48.185020      17.146303      -0.0000000000000000       0.0000000000000000          0
  51.279709      17.422399      -0.0000000000000000       0.0000000000000000          0
  54.378844      17.701143      -0.0000000000000000       0.0000000000000000          0
  57.482629      17.981725      -0.0000000000000000       0.0000000000000000          0
  60.591260      18.263323      -0.0000000000000000       0.0000000000000000          0
  63.704921      18.545109      -0.0000000000000000       0.0000000000000000          0
  66.823784      18.826252      -0.0000000000000000       0.0000000000000000          0
  69.948004      19.105915      -0.0000000000000000       0.0000000000000000          0
  73.077722      19.383266      -0.0000000000000000       0.0000000000000000          0
  76.213056      19.657471      -0.0000000000000000       0.0000000000000000          0
  79.354106      19.927703      -0.0000000000000000       0.0000000000000000          0
  82.500947      20.193142      -3.7619680746610435       2.2521806221633258        501
  85.653630      20.452979      -3.8573213688288046       2.3127924453785842        501
  88.812178      20.706415      -3.9411433594087413       2.3772929019031115        502
  91.976586      20.952668      -0.0000000000000000       0.0000000000000000          0
  95.146820      21.190973      -0.0000000000000000       0.0000000000000000          0
  98.322816      21.420585      -1.1810389084012534      -0.1619316852887395        603
  101.504476      21.640783      -1.2557993804294281      -0.0638521120298339      60301
  104.691671      21.850871      -1.3148675654442730      -0.0414692306213937      60405
  107.884239      22.050181      -1.3653574953800314      -0.0163954200754140          0
  111.081986      22.238076      -1.3545971322161676       0.0281319353526160          0
  114.284684      22.413953      -1.3545865470808027       0.0685714157372361          0
  117.492074      22.577243      -1.3593299052906176       0.1029160696652255          0
  120.703866      22.727417      -1.3633077530701294       0.1320775843458883        612
  123.919740      22.863986      -0.0000000000000000       0.0000000000000000          0
  127.139348      22.986502      -0.0000000000000000       0.0000000000000000          0
  130.362316      23.094564      -0.0000000000000000       0.0000000000000000          0
  133.588246      23.187814      -0.0000000000000000       0.0000000000000000          0
  136.816719      23.265945      -0.0000000000000000       0.0000000000000000          0
  36.076276      13.486570      -1.2088625370662895       0.3724588442928338        715
  39.161131      13.744661      -1.2282753918165310       0.3858230160680307        715
  42.248913      14.008471      -0.0000000000000000       0.0000000000000000          0
  45.339825      14.277240      -1.5476622522817638       1.5558277422602931        710
  48.434069      14.550190      -0.0000000000000000       0.0000000000000000          0
  51.531845      14.826529      -1.1706007013000435       1.0152689957244725        709
  54.633350      15.105455      -1.1408897577511679       1.0328618731223054        709
  57.738776      15.386151      -0.0000000000000000       0.0000000000000000          0
  60.848307      15.667796      -0.0000000000000000       0.0000000000000000          0
  63.962119      15.949561      -0.0000000000000000       0.0000000000000000          0
  67.080375      16.230613      -0.0000000000000000       0.0000000000000000          0
  70.203227      16.510118      -0.0000000000000000       0.0000000000000000          0
  73.330809      16.787244      -0.0000000000000000       0.0000000000000000          0
  76.463242      17.061161      -0.0000000000000000       0.0000000000000000          0
  79.600624      17.331044      -0.0000000000000000       0.0000000000000000          0
  82.743034      17.596077      -0.0000000000000000       0.0000000000000000          0
  85.890527      17.855456      -0.0000000000000000       0.0000000000000000          0
  89.043137      18.108386      -3.9468056559418123       2.4889780654766618        502
  92.200869      18.354093      -0.0000000000000000       0.0000000000000000          0
  95.363702      18.591817      -0.0000000000000000       0.0000000000000000          0
  98.531588      18.820821      -1.1834257482925399      -0.1312349601524485        603
  101.704449      19.040390      -1.2596216736688537      -0.0099419206716970      60401
  104.882179      19.249837      -1.3182711587994982       0.0094186765753507        604
  108.064640      19.448501      -1.3729448435510627       0.0305478879693684      60404
  111.251666      19.635753      -1.3417683102072031       0.0607966263928037      60201
  114.443061      19.810999      -0.0000000000000000       0.0000000000000000          0
  117.638600      19.973677      -0.0000000000000000       0.0000000000000000          0
  120.838029      20.123267      -0.0000000000000000       0.0000000000000000          0
  124.041068      20.259286      -0.0000000000000000       0.0000000000000000          0
  127.247412      20.381293      -0.0000000000000000       0.0000000000000000          0
  130.456730      20.488895      -0.0000000000000000       0.0000000000000000          0
  133.668672      20.581739      -0.0000000000000000       0.0000000000000000          0
  136.882867      20.659524      -0.0000000000000000       0.0000000000000000          0
  36.301159      10.888709      -1.2103968457044232       0.3953531412096161        715
  39.391591      11.147247      -1.2295833957949296       0.4059456544081351        715
  42.484305      11.411458      -1.2374063502819077       0.9598950398207773        709
  45.579487      11.680575      -1.2179490252524185       0.9739711475487672        709
  48.677323      11.953819      -1.1949170080140519       0.9884286026812555        709
  51.778000      12.230392      -1.1683668524277488       1.0032192890120930        709
  54.881702      12.509489      -0.0000000000000000       0.0000000000000000          0
  57.988610      12.790292      -0.0000000000000000       0.0000000000000000          0
  61.098899      13.071977      -0.0000000000000000       0.0000000000000000          0
  64.212737      13.353715      -0.0000000000000000       0.0000000000000000          0
  67.330282      13.634674      -0.0000000000000000       0.0000000000000000          0
  70.451680      13.914020      -0.0000000000000000       0.0000000000000000          0
  73.577067      14.190922      -0.0000000000000000       0.0000000000000000          0
  76.706560      14.464553      -0.0000000000000000       0.0000000000000000          0
  79.840261      14.734092      -0.0000000000000000       0.0000000000000000          0
  82.978253      14.998726      -0.0000000000000000       0.0000000000000000          0
  86.120600      15.257655      -0.0000000000000000       0.0000000000000000          0
  89.267342      15.510091      -0.0000000000000000       0.0000000000000000          0
  92.418497      15.755263      -0.0000000000000000       0.0000000000000000          0
  95.574060      15.992420      -0.0000000000000000       0.0000000000000000          0
  98.733997      16.220831      -1.1857248339316848      -0.1006698132540870      60302
  101.898250      16.439788      -1.2633113497578545       0.0435816520268147      60402
  105.066736      16.648611      -1.3215545477850301       0.0598795837991192        604
  108.239343      16.846648      -1.3758250499918179       0.0777963659485335        604
  111.415931      17.033276      -0.0000000000000000       0.0000000000000000          0
  114.596334      17.207910      -1.3536067172345221       0.0958301028604093        612
  117.780361      17.369995      -0.0000000000000000       0.0000000000000000          0
  120.967794      17.519018      -0.0000000000000000       0.0000000000000000          0
  124.158389      17.654504      -0.0000000000000000       0.0000000000000000          0
  127.351883      17.776020      -0.0000000000000000       0.0000000000000000          0
  130.547987      17.883176      -0.0000000000000000       0.0000000000000000          0
  133.746395      17.975628      -0.0000000000000000       0.0000000000000000          0
  136.946783      18.053078      -6.5969133283483483       1.3831989706919376      61501
  36.522150       8.290686      -1.2118864371993361       0.4170024117704330        712
  39.617967       8.549660      -1.2522064641547526       0.9424597038188178        709
  42.715426       8.814260      -1.2360775337997671       0.9533399745399707        709
  45.814697       9.083716      -1.2163243611746251       0.9646881028370777        709
  48.915951       9.357243      -1.1929970470301412       0.9764704053963343        709
  52.019364       9.634040      -1.1661555488367363       0.9886460806654158        709
  55.125108       9.913299      -0.0000000000000000       0.0000000000000000          0
  58.233354      10.194202      -0.0000000000000000       0.0000000000000000          0
  61.344270      10.475921      -0.0000000000000000       0.0000000000000000          0
  64.458018      10.757628      -0.0000000000000000       0.0000000000000000          0
  67.574751      11.038490      -0.0000000000000000       0.0000000000000000          0
  70.694614      11.317676      -0.0000000000000000       0.0000000000000000          0
  73.817741      11.594355      -0.0000000000000000       0.0000000000000000          0
  76.944250      11.867702      -0.0000000000000000       0.0000000000000000          0
  80.074248      12.136899      -0.0000000000000000       0.0000000000000000          0
  83.207824      12.401139      -0.0000000000000000       0.0000000000000000          0
  86.345047      12.659625      -0.0000000000000000       0.0000000000000000          0
  89.485970      12.911575      -0.0000000000000000       0.0000000000000000          0
  92.630623      13.156223      -0.0000000000000000       0.0000000000000000          0
  95.779013      13.392825      -0.0000000000000000       0.0000000000000000          0
  98.931127      13.620655      -1.1879497412707101      -0.0702837126593732      60302
  102.086925      13.839013      -1.2668895464003784       0.0966233937164431      60402
  105.246346      14.047227      -1.3247367510818104       0.1098251195665717      60402
  108.409303      14.244651      -1.3786147910286546       0.1244968797293964        604
  111.575683      14.430671      -1.3431158911789844       0.0877241016346168        612
  114.745351      14.604708      -0.0000000000000000       0.0000000000000000          0
  117.918146      14.766216      -0.0000000000000000       0.0000000000000000          0
  121.093885      14.914688      -0.0000000000000000       0.0000000000000000          0
  124.272362      15.049656      -0.0000000000000000       0.0000000000000000          0
  127.453350      15.170693      -0.0000000000000000       0.0000000000000000          0
  130.636603      15.277417      -0.0000000000000000       0.0000000000000000          0
  133.821856      15.369488      -5.6564276770340083       2.1549342196136849      61502
  137.008829      15.446612      -7.2612111072113352       1.6057831026969944        684
  36.740238       5.692544      -1.2133387843867811       0.4373707251018985        712
  39.841276       5.951944      -1.2511655383194744       0.9362897909633865        709
  42.943318       6.216924      -1.2347475867199127       0.9443708641155764        709
  46.046519       6.486709      -1.2147030327742738       0.9529669616743368        709
  49.151039       6.760509      -1.1910853336040137       0.9620519323452554        709
  52.257040       7.037523      -0.0000000000000000       0.0000000000000000          0
  55.364685       7.316938      -0.0000000000000000       0.0000000000000000          0
  58.474139       7.597932      -0.0000000000000000       0.0000000000000000          0
  61.585561       7.879681      -0.0000000000000000       0.0000000000000000          0
  64.699109       8.161352      -0.0000000000000000       0.0000000000000000          0
  67.814934       8.442115      -0.0000000000000000       0.0000000000000000          0
  70.933178       8.721137      -0.0000000000000000       0.0000000000000000          0
  74.053977       8.997591      -0.0000000000000000       0.0000000000000000          0
  77.177452       9.270655      -0.0000000000000000       0.0000000000000000          0
  80.303715       9.539514      -0.0000000000000000       0.0000000000000000          0
  83.432859       9.803363      -0.0000000000000000       0.0000000000000000          0
  86.564966      10.061411      -0.0000000000000000       0.0000000000000000          0
  89.700096      10.312881      -0.0000000000000000       0.0000000000000000          0
  92.838294      10.557013      -0.0000000000000000       0.0000000000000000          0
  95.979582      10.793067      -0.0000000000000000       0.0000000000000000          0
  99.123966      11.020326      -1.2554061251355648       0.0510106888353544        647
  102.271424      11.238097      -1.2703752634390095       0.1490860154679634      60402
  105.421919      11.445713      -1.3278348348879359       0.1591648546141339      60402
  108.575386      11.642536      -1.3813291758922654       0.1705659834193962        604
  111.731742      11.827961      -1.3437496115711922       0.1004041183298448        613
  114.890878      12.001414      -1.3544287918497933       0.1150972938073649        613
  118.052667      12.162357      -1.3609951551403372       0.1303679518204721        613
  121.216957      12.310290      -0.0000000000000000       0.0000000000000000          0
  124.383579      12.444752      -7.1872956140542490       1.2571053934325911        675
  127.552344      12.565322      -7.2389500219728609       1.3408858032586028        684
  130.723042      12.671624      -7.2684796526086766       1.4270112721368118        684
  133.895452      12.763322      -7.2757537405372501       1.5149279740341688        801
  137.069334      12.840129      -7.2607159167327167       1.6040609189788360        801
  36.956362       3.094320      -1.2147607093754638       0.4564220586587644        712
  40.062483       3.354139      -1.2501156755303184       0.9277524788893553        709
  43.168969       3.619491      -1.2334114724334817       0.9330148109705578        709
  46.275963       3.889597      -1.2130787612373501       0.9388409862605229        709
  49.383613       4.163664      -0.0000000000000000       0.0000000000000000          0
  52.492070       4.440887      -0.0000000000000000       0.0000000000000000          0
  55.601490       4.720451      -0.0000000000000000       0.0000000000000000          0
  58.712029       5.001532      -0.0000000000000000       0.0000000000000000          0
  61.823843       5.283304      -0.0000000000000000       0.0000000000000000          0
  64.937085       5.564935      -0.0000000000000000       0.0000000000000000          0
  68.051905       5.845594      -0.0000000000000000       0.0000000000000000          0
  71.168446       6.124451      -0.0000000000000000       0.0000000000000000          0
  74.286844       6.400680      -0.0000000000000000       0.0000000000000000          0
  77.407227       6.673460      -0.0000000000000000       0.0000000000000000          0
  80.529709       6.941981      -0.0000000000000000       0.0000000000000000          0
  83.654393       7.205441      -0.0000000000000000       0.0000000000000000          0
  86.781370       7.463054      -0.0000000000000000       0.0000000000000000          0
  89.910714       7.714048      -0.0000000000000000       0.0000000000000000          0
  93.042480       7.957669      -0.0000000000000000       0.0000000000000000          0
  96.176709       8.193183      -1.1555996974802034      -0.0168720779371558      60302
  99.313423       8.419878      -1.2571344021861466       0.0762724108625568        647
  102.452623       8.637069      -1.2837564343710213       0.0846900088662091      64701
  105.594290       8.844096      -1.3308643076583295       0.2078068141141490      60402
  108.738388       9.040329      -1.3839819109560134       0.2159187356768369      60402
  111.884857       9.225167      -1.3443616913433669       0.1125412815815932        613
  115.033619       9.398046      -1.3548143078768267       0.1239051346394493        613
  118.184576       9.558434      -0.0000000000000000       0.0000000000000000          0
  121.337610       9.705838      -0.0000000000000000       0.0000000000000000          0
  124.492586       9.839803      -0.0000000000000000       0.0000000000000000          0
  127.649349       9.959915      -7.2401827555954412       1.3894008646113956        801
  130.807731      10.065803      -7.2689634991637426       1.4575051425781380        801
  133.967546      10.157137      -7.2756598576348193       1.5273141647094679        801
  137.128596      10.233633      -7.2602230479745895       1.5983116441137573        801
  37.171428       0.496052      -1.2161585175659482       0.4741205136213252        712
  40.282516       0.756284      -1.2490528955971885       0.9168707068576365        709
  43.393329       1.022002      -1.2320640374460623       0.9193010536386652        709
  46.503996       1.292424      -0.0000000000000000       0.0000000000000000          0
  49.614655       1.566752      -0.0000000000000000       0.0000000000000000          0
  52.725450       1.844178      -0.0000000000000000       0.0000000000000000          0
  55.836527       2.123884      -0.0000000000000000       0.0000000000000000          0
  58.948038       2.405047      -0.0000000000000000       0.0000000000000000          0
  62.060134       2.686837      -0.0000000000000000       0.0000000000000000          0
  65.172967       2.968424      -0.0000000000000000       0.0000000000000000          0
  68.286685       3.248976      -0.0000000000000000       0.0000000000000000          0
  71.401435       3.527664      -0.0000000000000000       0.0000000000000000          0
  74.517354       3.803665      -0.0000000000000000       0.0000000000000000          0
  77.634575       4.076160      -0.0000000000000000       0.0000000000000000          0
  80.753220       4.344342      -0.0000000000000000       0.0000000000000000          0
  83.873401       4.607414      -0.0000000000000000       0.0000000000000000          0
  86.995218       4.864594      -0.0000000000000000       0.0000000000000000          0
  90.118757       5.115114      -0.0000000000000000       0.0000000000000000          0
  93.244091       5.358227      -0.0000000000000000       0.0000000000000000          0
  96.371276       5.593204      -1.2287567854939101       0.0964666856910481      67352
  99.500350       5.819341      -1.2588261251502191       0.1009999289520057      67301
  102.631337       6.035958      -1.2851568159498161       0.1063084198248192      64701
  105.764241       6.242402      -1.3076633231261361       0.1123576340300581      64701
  108.899049       6.438050      -1.3865855954524922       0.2604691299864396      60402
  112.035728       6.622309      -1.3449554083542061       0.1241186169105295      61404
  115.174228       6.794621      -0.0000000000000000       0.0000000000000000          0
  118.314481       6.954462      -1.1360784694076160       0.0176674041238919      61407
  121.456401       7.101344      -0.0000000000000000       0.0000000000000000          0
  124.599886       7.234820      -7.1915227332945797       1.3859033655999591        801
  127.744817       7.354481      -7.2413756813469421       1.4339216978978935        801
  130.891062       7.459961      -7.2694240894280551       1.4840007957868779        801
  134.038473       7.550936      -7.2755562523933204       1.5357018979945165        801
  137.186892       7.627126      -7.2597306362975260       1.5885666833887961        801
  37.386326      -2.102222      -1.2175381128066811       0.4904304691902355        713
  40.502286      -1.841582      -1.2356079425389148       0.4866991124836594        713
  43.617325      -1.575502      -0.0000000000000000       0.0000000000000000          0
  46.731563      -1.304770      -0.0000000000000000       0.0000000000000000          0
  49.845126      -1.030186      -0.0000000000000000       0.0000000000000000          0
  52.958149      -0.752562      -0.0000000000000000       0.0000000000000000          0
  56.070775      -0.472718      -0.0000000000000000       0.0000000000000000          0
  59.183149      -0.191479      -0.0000000000000000       0.0000000000000000          0
  62.295421       0.090325      -0.0000000000000000       0.0000000000000000          0
  65.407742       0.371863      -0.0000000000000000       0.0000000000000000          0
  68.520260       0.652303      -0.0000000000000000       0.0000000000000000          0
  71.633125       0.930819      -0.0000000000000000       0.0000000000000000          0
  74.746478       1.206588      -0.0000000000000000       0.0000000000000000          0
  77.860458       1.478796      -0.0000000000000000       0.0000000000000000          0
  80.975195       1.746637      -0.0000000000000000       0.0000000000000000          0
  84.090812       2.009320      -0.0000000000000000       0.0000000000000000          0
  87.207419       2.266066      -0.0000000000000000       0.0000000000000000          0
  90.325117       2.516113      -0.0000000000000000       0.0000000000000000          0
  93.443992       2.758719      -0.0000000000000000       0.0000000000000000          0
  96.564119       2.993161      -0.0000000000000000       0.0000000000000000          0
  99.685555       3.218742      -1.2604890440942071       0.1251476393078499      67301
  102.808343       3.434789      -1.2865314832178376       0.1273445595966326      64701
  105.932512       3.640654      -1.3087620996967437       0.1302158329261139      64701
  109.058071       3.835721      -1.3271097623338941       0.1337277776610377        614
  112.185014       4.019406      -0.0000000000000000       0.0000000000000000          0
  115.313321       4.191157      -0.0000000000000000       0.0000000000000000          0
  118.442952       4.350455      -1.3583149639210874       0.1476587700806810      61405
  121.573852       4.496821      -7.1231035856271969       1.4163434966451676        801
  124.705953       4.629812      -7.1935580823231939       1.4442191680099921        801
  127.839170       4.749027      -7.2425349226248406       1.4743788661730575        801
  130.973405       4.854104      -7.2698641178719674       1.5064637258659856        801
  134.108550       4.944724      -7.2754429403932059       1.5400914452423033        801
  137.244482       5.020612      -7.2592368124468196       1.5748608726586173        801
>