>anchorPlateId 301
>reconstructionTime 54
>DeformingMeshPoints.gpml lat_lon_velocity_domain_28_32.gpml
>MeshNode <identity>GPlates-b7a3af0e-8119-4abb-9ae6-39bb7e5702ce</identity> <revision>GPlates-7b04c5e6-7801-49f1-bcc4-23d6f4e5417f</revision>
> reconstructionPlateId 0
> validTime TimePeriod <begin> TimeInstant <timePosition>http://gplates.org/times/distantPast</timePosition></begin> <end> TimeInstant <timePosition>http://gplates.org/times/distantFuture</timePosition></end>
  18.123781      69.065789      -0.0000000000000000       0.0000000000000000        302
  20.568898      69.351096      -0.0000000000000000       0.0000000000000000        302
  23.037163      69.646831      -0.0000000000000000       0.0000000000000000        302
  25.530539      69.952545      -0.0000000000000000       0.0000000000000000        302
  28.051141      70.267759      -0.0000000000000000       0.0000000000000000        302
  30.601247      70.591969      -0.0000000000000000       0.0000000000000000        302
  33.183314      70.924636      -0.0000000000000000       0.0000000000000000        302
  35.799995      71.265191      -0.0000000000000000       0.0000000000000000        302
  38.454154      71.613026      -0.0000000000000000       0.0000000000000000        302
  41.148884      71.967498      -0.0000000000000000       0.0000000000000000        302
  43.887522      72.327920      -0.0000000000000000       0.0000000000000000        302
  46.673673      72.693562      -0.0000000000000000       0.0000000000000000        302
  49.511220      73.063645      -0.0000000000000000       0.0000000000000000        302
  52.404345      73.437337      -0.0000000000000000       0.0000000000000000        302
  55.357542      73.813746      -0.0000000000000000       0.0000000000000000        373
  58.375627      74.191921      -0.0000000000000000       0.0000000000000000        373
  61.463744      74.570840      -0.0000000000000000       0.0000000000000000        372
  64.627363      74.949405      -0.0000000000000000       0.0000000000000000        372
  67.872265      75.326440      -0.0000000000000000       0.0000000000000000        372
  71.204515      75.700679      -0.0000000000000000       0.0000000000000000        372
  74.630414      76.070760      -0.0000000000000000       0.0000000000000000        404
  78.156430      76.435223      -0.0000000000000000       0.0000000000000000        404
  81.789084      76.792499      -0.0000000000000000       0.0000000000000000        404
  85.534817      77.140910      -0.0000000000000000       0.0000000000000000        404
  89.399791      77.478665      -0.0000000000000000       0.0000000000000000        404
  93.389646      77.803861      -0.0000000000000000       0.0000000000000000        404
  97.509198      78.114489      -0.0000000000000000       0.0000000000000000        404
  101.762073      78.408447      -0.0000000000000000       0.0000000000000000        404
  106.150291      78.683556      -0.0000000000000000       0.0000000000000000        404
  110.673808      78.937587      -0.0000000000000000       0.0000000000000000        401
  115.330044      79.168304      -0.0000000000000000       0.0000000000000000          0
  120.113442      79.373503      -0.0000000000000000       0.0000000000000000          0
  125.015109      79.551075      -0.0000000000000000       0.0000000000000000          0
  20.132600      66.571038      -0.0000000000000000       0.0000000000000000        302
  22.679156      66.865123      -0.0000000000000000       0.0000000000000000        302
  25.249137      67.169581      -0.0000000000000000       0.0000000000000000        302
  27.844411      67.483896      -0.0000000000000000       0.0000000000000000        302
  30.466971      67.807519      -0.0000000000000000       0.0000000000000000        302
  33.118943      68.139871      -0.0000000000000000       0.0000000000000000        302
  35.802593      68.480335      -0.0000000000000000       0.0000000000000000        302
  38.520335      68.828260      -0.0000000000000000       0.0000000000000000        302
  41.274743      69.182955      -0.0000000000000000       0.0000000000000000        302
  44.068554      69.543688      -0.0000000000000000       0.0000000000000000        302
  46.904680      69.909686      -0.0000000000000000       0.0000000000000000        302
  49.786206      70.280124      -0.0000000000000000       0.0000000000000000        302
  52.716402      70.654132      -0.0000000000000000       0.0000000000000000        302
  55.698716      71.030785      -0.0000000000000000       0.0000000000000000        373
  58.736776      71.409100      -0.0000000000000000       0.0000000000000000        372
  61.834375      71.788036      -0.0000000000000000       0.0000000000000000        372
  64.995463      72.166485      -0.0000000000000000       0.0000000000000000        372
  68.224118      72.543274      -0.0000000000000000       0.0000000000000000        372
  71.524514      72.917157      -0.0000000000000000       0.0000000000000000        372
  74.900875      73.286813      -0.0000000000000000       0.0000000000000000        401
  78.357410      73.650845      -0.0000000000000000       0.0000000000000000        401
  81.898237      74.007777      -0.0000000000000000       0.0000000000000000        404
  85.527278      74.356054      -0.0000000000000000       0.0000000000000000        404
  89.248139      74.694045      -0.0000000000000000       0.0000000000000000        404
  93.063959      75.020045      -0.0000000000000000       0.0000000000000000        404
  96.977239      75.332285      -0.0000000000000000       0.0000000000000000        404
  100.989648      75.628940      -0.0000000000000000       0.0000000000000000        401
  105.101808      75.908149      -0.0000000000000000       0.0000000000000000        401
  109.313072      76.168029      -0.0000000000000000       0.0000000000000000        401
  113.621304      76.406706      -0.0000000000000000       0.0000000000000000        401
  118.022677      76.622346      -0.0000000000000000       0.0000000000000000        401
  122.511511      76.813186      -0.0000000000000000       0.0000000000000000        401
  127.080169      76.977579      -0.0000000000000000       0.0000000000000000          0
  21.773028      64.055297      -0.0000000000000000       0.0000000000000000        302
  24.398543      64.356260      -0.0000000000000000       0.0000000000000000        302
  27.047046      64.667498      -0.0000000000000000       0.0000000000000000        302
  29.720274      64.988436      -0.0000000000000000       0.0000000000000000        302
  32.420063      65.318464      -0.0000000000000000       0.0000000000000000        302
  35.148349      65.656939      -0.0000000000000000       0.0000000000000000        302
  37.907178      66.003181      -0.0000000000000000       0.0000000000000000        302
  40.698704      66.356473      -0.0000000000000000       0.0000000000000000        302
  43.525196      66.716056      -0.0000000000000000       0.0000000000000000        302
  46.389036      67.081130      -0.0000000000000000       0.0000000000000000        302
  49.292723      67.450851      -0.0000000000000000       0.0000000000000000        302
  52.238865      67.824330      -0.0000000000000000       0.0000000000000000        302
  55.230182      68.200626      -0.0000000000000000       0.0000000000000000        302
  58.269491      68.578751      -0.0000000000000000       0.0000000000000000        302
  61.359698      68.957662      -0.0000000000000000       0.0000000000000000        302
  64.503778      69.336260      -0.0000000000000000       0.0000000000000000        302
  67.704758      69.713390      -0.0000000000000000       0.0000000000000000        372
  70.965680      70.087837      -0.0000000000000000       0.0000000000000000        372
  74.289567      70.458325      -0.0000000000000000       0.0000000000000000        401
  77.679376      70.823517      -0.0000000000000000       0.0000000000000000        401
  81.137937      71.182017      -0.0000000000000000       0.0000000000000000        401
  84.667886      71.532369      -0.0000000000000000       0.0000000000000000        401
  88.271582      71.873060      -0.0000000000000000       0.0000000000000000        401
  91.951015      72.202526      -0.0000000000000000       0.0000000000000000        401
  95.707695      72.519160      -0.0000000000000000       0.0000000000000000        401
  99.542543      72.821318      -0.0000000000000000       0.0000000000000000        401
  103.455762      73.107336      -0.0000000000000000       0.0000000000000000        401
  107.446715      73.375542      -0.0000000000000000       0.0000000000000000        401
  111.513799      73.624277      -0.0000000000000000       0.0000000000000000        401
  115.654338      73.851915      -0.0000000000000000       0.0000000000000000        401
  119.864486      74.056892      -0.0000000000000000       0.0000000000000000        401
  124.139172      74.237730      -0.0000000000000000       0.0000000000000000        401
  128.472073      74.393066      -0.0000000000000000       0.0000000000000000      42400
  23.140986      61.524145      -0.0000000000000000       0.0000000000000000        302
  25.829469      61.830641      -0.0000000000000000       0.0000000000000000        302
  28.540115      62.147292      -0.0000000000000000       0.0000000000000000        302
  31.274519      62.473473      -0.0000000000000000       0.0000000000000000        302
  34.034353      62.808522      -0.0000000000000000       0.0000000000000000        302
  36.821364      63.151745      -0.0000000000000000       0.0000000000000000        302
  39.637383      63.502407      -0.0000000000000000       0.0000000000000000        302
  42.484316      63.859736      -0.0000000000000000       0.0000000000000000        302
  45.364152      64.222920      -0.0000000000000000       0.0000000000000000        302
  48.278955      64.591104      -0.0000000000000000       0.0000000000000000        302
  51.230859      64.963394      -0.0000000000000000       0.0000000000000000        302
  54.222068      65.338846      -0.0000000000000000       0.0000000000000000        302
  57.254842      65.716475      -0.0000000000000000       0.0000000000000000        302
  60.331486      66.095244      -0.0000000000000000       0.0000000000000000        302
  63.454337      66.474071      -0.0000000000000000       0.0000000000000000        302
  66.625743      66.851822      -0.0000000000000000       0.0000000000000000        390
  69.848037      67.227315      -0.0000000000000000       0.0000000000000000        401
  73.123511      67.599315      -0.0000000000000000       0.0000000000000000        401
  76.454376      67.966538      -0.0000000000000000       0.0000000000000000        401
  79.842724      68.327651      -0.0000000000000000       0.0000000000000000        401
  83.290475      68.681274      -0.0000000000000000       0.0000000000000000        401
  86.799323      69.025984      -0.0000000000000000       0.0000000000000000        401
  90.370671      69.360318      -0.0000000000000000       0.0000000000000000        401
  94.005563      69.682783      -0.0000000000000000       0.0000000000000000        401
  97.704610      69.991859      -0.0000000000000000       0.0000000000000000        401
  101.467905      70.286012      -0.0000000000000000       0.0000000000000000        401
  105.294955      70.563709      -0.0000000000000000       0.0000000000000000        401
  109.184594      70.823428      -0.0000000000000000       0.0000000000000000        401
  113.134917      71.063674      -0.0000000000000000       0.0000000000000000        401
  117.143223      71.283006      -0.0000000000000000       0.0000000000000000        401
  121.205971      71.480046      -0.0000000000000000       0.0000000000000000        401
  125.318757      71.653511      -0.0000000000000000       0.0000000000000000        401
  129.476326      71.802230      -0.0000000000000000       0.0000000000000000        401
  24.302351      58.981370      -0.0000000000000000       0.0000000000000000        302
  27.042122      59.292416      -0.0000000000000000       0.0000000000000000        302
  29.803028      59.613489      -0.0000000000000000       0.0000000000000000        302
  32.586523      59.943921      -0.0000000000000000       0.0000000000000000        302
  35.394123      60.283006      -0.0000000000000000       0.0000000000000000        302
  38.227400      60.630004      -0.0000000000000000       0.0000000000000000        302
  41.087987      60.984137      -0.0000000000000000       0.0000000000000000        302
  43.977570      61.344588      -0.0000000000000000       0.0000000000000000        302
  46.897891      61.710501      -0.0000000000000000       0.0000000000000000        302
  49.850737      62.080979      -0.0000000000000000       0.0000000000000000        302
  52.837939      62.455085      -0.0000000000000000       0.0000000000000000        302
  55.861362      62.831840      -0.0000000000000000       0.0000000000000000        302
  58.922896      63.210219      -0.0000000000000000       0.0000000000000000        302
  62.024438      63.589157      -0.0000000000000000       0.0000000000000000        390
  65.167883      63.967544      -0.0000000000000000       0.0000000000000000        390
  68.355098      64.344225      -0.0000000000000000       0.0000000000000000        468
  71.587903      64.718002      -0.0000000000000000       0.0000000000000000        401
  74.868043      65.087636      -0.0000000000000000       0.0000000000000000        401
  78.197156      65.451844      -0.0000000000000000       0.0000000000000000        401
  81.576735      65.809306      -0.0000000000000000       0.0000000000000000        401
  85.008091      66.158667      -0.0000000000000000       0.0000000000000000        401
  88.492307      66.498540      -0.0000000000000000       0.0000000000000000        401
  92.030188      66.827513      -0.0000000000000000       0.0000000000000000        401
  95.622211      67.144156      -0.0000000000000000       0.0000000000000000        401
  99.268472      67.447028      -0.0000000000000000       0.0000000000000000        401
  102.968631      67.734687      -0.0000000000000000       0.0000000000000000        401
  106.721859      68.005706      -0.0000000000000000       0.0000000000000000        401
  110.526790      68.258679      -0.0000000000000000       0.0000000000000000        401
  114.381483      68.492243      -0.0000000000000000       0.0000000000000000        401
  118.283385      68.705090      -0.0000000000000000       0.0000000000000000        401
  122.229317      68.895982      -0.0000000000000000       0.0000000000000000        401
  126.215468      69.063777      -0.0000000000000000       0.0000000000000000        401
  130.237412      69.207436      -0.0000000000000000       0.0000000000000000      43101
  25.303715      56.429630      -0.0000000000000000       0.0000000000000000        302
  28.086041      56.744489      -2.1621493656110182       0.1687864052995645        334
  30.888372      57.069246      -0.0000000000000000       0.0000000000000000        302
  33.712036      57.403194      -0.0000000000000000       0.0000000000000000        302
  36.558403      57.745592      -0.0000000000000000       0.0000000000000000        302
  39.428888      58.095659      -0.0000000000000000       0.0000000000000000        302
  42.324948      58.452581      -0.0000000000000000       0.0000000000000000        302
  45.248077      58.815504      -0.0000000000000000       0.0000000000000000        302
  48.199803      59.183535      -0.0000000000000000       0.0000000000000000        302
  51.181680      59.555745      -0.0000000000000000       0.0000000000000000        302
  54.195288      59.931163      -0.0000000000000000       0.0000000000000000        302
  57.242212      60.308781      -0.0000000000000000       0.0000000000000000        302
  60.324043      60.687548      -0.0000000000000000       0.0000000000000000        390
  63.442358      61.066377      -0.0000000000000000       0.0000000000000000        390
  66.598704      61.444138      -0.0000000000000000       0.0000000000000000        468
  69.794585      61.819667      -0.0000000000000000       0.0000000000000000        468
  73.031436      62.191758      -0.0000000000000000       0.0000000000000000        401
  76.310599      62.559172      -0.0000000000000000       0.0000000000000000        401
  79.633301      62.920637      -0.0000000000000000       0.0000000000000000        401
  83.000616      63.274849      -0.0000000000000000       0.0000000000000000        401
  86.413441      63.620480      -0.0000000000000000       0.0000000000000000        401
  89.872453      63.956180      -0.0000000000000000       0.0000000000000000        401
  93.378074      64.280582      -0.0000000000000000       0.0000000000000000        401
  96.930437      64.592315      -0.0000000000000000       0.0000000000000000        401
  100.529339      64.890004      -0.0000000000000000       0.0000000000000000        401
  104.174210      65.172288      -0.0000000000000000       0.0000000000000000        401
  107.864074      65.437822      -0.0000000000000000       0.0000000000000000        401
  111.597519      65.685300      -0.0000000000000000       0.0000000000000000        401
  115.372672      65.913456      -0.0000000000000000       0.0000000000000000        401
  119.187183      66.121087      -0.0000000000000000       0.0000000000000000        401
  123.038217      66.307065      -0.0000000000000000       0.0000000000000000        401
  126.922458      66.470349      -0.0000000000000000       0.0000000000000000      43102
  130.836128      66.610002      -0.0000000000000000       0.0000000000000000      43101
  26.178897      53.870842      -1.9665218724941917       0.6600881712854271        334
  28.997106      54.188949      -0.0000000000000000       0.0000000000000000        302
  31.834155      54.516828      -0.0000000000000000       0.0000000000000000        302
  34.691252      54.853737      -0.0000000000000000       0.0000000000000000        302
  37.569640      55.198902      -0.0000000000000000       0.0000000000000000        302
  40.470593      55.551513      -0.0000000000000000       0.0000000000000000        302
  43.395413      55.910720      -0.0000000000000000       0.0000000000000000        302
  46.345428      56.275639      -0.0000000000000000       0.0000000000000000        302
  49.321983      56.645350      -0.0000000000000000       0.0000000000000000        302
  52.326440      57.018893      -0.0000000000000000       0.0000000000000000        302
  55.360163      57.395273      -0.0000000000000000       0.0000000000000000        302
  58.424515      57.773459      -0.0000000000000000       0.0000000000000000        302
  61.520843      58.152381      -0.0000000000000000       0.0000000000000000        390
  64.650468      58.530935      -0.0000000000000000       0.0000000000000000        468
  67.814669      58.907981      -0.0000000000000000       0.0000000000000000        468
  71.014667      59.282346      -0.0000000000000000       0.0000000000000000        401
  74.251605      59.652826      -0.0000000000000000       0.0000000000000000        401
  77.526531      60.018186      -0.0000000000000000       0.0000000000000000        401
  80.840368      60.377165      -0.0000000000000000       0.0000000000000000        401
  84.193897      60.728479      -0.0000000000000000       0.0000000000000000        401
  87.587722      61.070827      -0.0000000000000000       0.0000000000000000        401
  91.022250      61.402892      -0.0000000000000000       0.0000000000000000        401
  94.497657      61.723352      -0.0000000000000000       0.0000000000000000        401
  98.013857      62.030885      -0.0000000000000000       0.0000000000000000        401
  101.570480      62.324176      -0.0000000000000000       0.0000000000000000        401
  105.166839      62.601928      -0.0000000000000000       0.0000000000000000        401
  108.801908      62.862870      -0.0000000000000000       0.0000000000000000        401
  112.474302      63.105771      -0.0000000000000000       0.0000000000000000        401
  116.182259      63.329449      -0.0000000000000000       0.0000000000000000        401
  119.923636      63.532785      -0.0000000000000000       0.0000000000000000        401
  123.695905      63.714731      -0.0000000000000000       0.0000000000000000        401
  127.496161      63.874330      -0.0000000000000000       0.0000000000000000        401
  131.321142      64.010722      -0.0000000000000000       0.0000000000000000        401
  26.953004      51.306423      -0.0000000000000000       0.0000000000000000        302
  29.801907      51.627337      -0.0000000000000000       0.0000000000000000        302
  32.668482      51.957899      -0.0000000000000000       0.0000000000000000        302
  35.553830      52.297340      -0.0000000000000000       0.0000000000000000        302
  38.459079      52.644856      -0.0000000000000000       0.0000000000000000        302
  41.385379      52.999607      -0.0000000000000000       0.0000000000000000        302
  44.333897      53.360719      -0.0000000000000000       0.0000000000000000        302
  47.305818      53.727280      -0.0000000000000000       0.0000000000000000        302
  50.302333      54.098345      -0.0000000000000000       0.0000000000000000        302
  53.324638      54.472933      -0.0000000000000000       0.0000000000000000        302
  56.373922      54.850027      -0.0000000000000000       0.0000000000000000        302
  59.451362      55.228578      -0.0000000000000000       0.0000000000000000        302
  62.558109      55.607502      -0.0000000000000000       0.0000000000000000        390
  65.695280      55.985683      -0.0000000000000000       0.0000000000000000        468
  68.863942      56.361975      -0.0000000000000000       0.0000000000000000        468
  72.065096      56.735202      -0.0000000000000000       0.0000000000000000        468
  75.299664      57.104161      -0.0000000000000000       0.0000000000000000        401
  78.568469      57.467627      -0.0000000000000000       0.0000000000000000        401
  81.872215      57.824351      -0.0000000000000000       0.0000000000000000        401
  85.211466      58.173069      -0.0000000000000000       0.0000000000000000        401
  88.586627      58.512505      -0.0000000000000000       0.0000000000000000        401
  91.997917      58.841375      -0.0000000000000000       0.0000000000000000        401
  95.445349      59.158396      -0.0000000000000000       0.0000000000000000        401
  98.928708      59.462289      -0.0000000000000000       0.0000000000000000        401
  102.447526      59.751792      -0.0000000000000000       0.0000000000000000        401
  106.001067      60.025663      -0.0000000000000000       0.0000000000000000        401
  109.588307      60.282692      -0.0000000000000000       0.0000000000000000        401
  113.207921      60.521714      -0.0000000000000000       0.0000000000000000        401
  116.858274      60.741612      -0.0000000000000000       0.0000000000000000        401
  120.537418      60.941334      -0.0000000000000000       0.0000000000000000        401
  124.243093      61.119903      -0.0000000000000000       0.0000000000000000        401
  127.972737      61.276424      -0.0000000000000000       0.0000000000000000        401
  131.723501      61.410100      -0.0000000000000000       0.0000000000000000        401
  27.645058      48.737442      -0.0000000000000000       0.0000000000000000        302
  30.520552      49.060812      -0.0000000000000000       0.0000000000000000        302
  33.412567      49.393712      -0.0000000000000000       0.0000000000000000        302
  36.322108      49.735346      -0.0000000000000000       0.0000000000000000        302
  39.250201      50.084886      -0.0000000000000000       0.0000000000000000        302
  42.197885      50.441466      -0.0000000000000000       0.0000000000000000        302
  45.166212      50.804189      -0.0000000000000000       0.0000000000000000        302
  48.156242      51.172122      -0.0000000000000000       0.0000000000000000        302
  51.169035      51.544296      -0.0000000000000000       0.0000000000000000        302
  54.205647      51.919714      -0.0000000000000000       0.0000000000000000        302
  57.267120      52.297341      -0.0000000000000000       0.0000000000000000        302
  60.354479      52.676114      -0.0000000000000000       0.0000000000000000        390
  63.468716      53.054938      -0.0000000000000000       0.0000000000000000        465
  66.610781      53.432689      -0.0000000000000000       0.0000000000000000        468
  69.781573      53.808218      -0.0000000000000000       0.0000000000000000        468
  72.981923      54.180348      -0.0000000000000000       0.0000000000000000        468
  76.212581      54.547881      -0.0000000000000000       0.0000000000000000        401
  79.474199      54.909600      -0.9925265854738097       0.3772516332306892          0
  82.767318      55.264271      -1.3159996646671850       0.5771334255951619          0
  86.092347      55.610649      -1.1631178206797717       0.5816243716207754          0
  89.449544      55.947482      -0.8097765015113994       0.4567911785856909          0
  92.839002      56.273516      -0.1695325808635941       0.1070017880191265          0
  96.260629      56.587503      -0.0000000000000000       0.0000000000000000        401
  99.714130      56.888205      -0.0000000000000000       0.0000000000000000        401
  103.198988      57.174402      -0.0000000000000000       0.0000000000000000        401
  106.714457      57.444902      -0.0000000000000000       0.0000000000000000        401
  110.259542      57.698548      -0.0000000000000000       0.0000000000000000        401
  113.832994      57.934227      -0.0000000000000000       0.0000000000000000          0
  117.433304      58.150881       0.0025982257202543      -0.0065488735684842          0
  121.058704      58.347513       0.0040712722969222      -0.0144684815298755          0
  124.707164      58.523200       0.0002077864926623      -0.0012657172015248          0
  128.376413      58.677104      -0.0000000000000000       0.0000000000000000        401
  132.063942      58.808474      -0.0000000000000000       0.0000000000000000        401
  28.269728      46.164720      -0.0000000000000000       0.0000000000000000        302
  31.168523      46.490264      -0.0000000000000000       0.0000000000000000        302
  34.082715      46.825224      -0.0000000000000000       0.0000000000000000        302
  37.013223      47.168782      -0.0000000000000000       0.0000000000000000        302
  39.960982      47.520085      -2.1408726012208503      -0.3504277489018914        503
  42.926935      47.878249      -2.2970254271651411      -0.2912591022171166        503
  45.912032      48.242353      -0.0000000000000000       0.0000000000000000        302
  48.917224      48.611446      -0.0000000000000000       0.0000000000000000        302
  51.943460      48.984542      -0.0000000000000000       0.0000000000000000        302
  54.991678      49.360627      -0.0000000000000000       0.0000000000000000        302
  58.062798      49.738652      -0.0000000000000000       0.0000000000000000        302
  61.157715      50.117545      -0.0000000000000000       0.0000000000000000        390
  64.277293      50.496200      -0.0000000000000000       0.0000000000000000        465
  67.422347      50.873490      -0.0000000000000000       0.0000000000000000        458
  70.593642      51.248263      -0.0000000000000000       0.0000000000000000        459
  73.791872      51.619343      -0.7560023032568115       0.1498001305590897          0
  77.017654      51.985540      -2.9400924346810289       0.9826451974031591          0
  80.271512      52.345644      -3.1985391636500617       1.2448300526759661        580
  83.553861      52.698437      -3.1101237191471842       1.3932957166766311        580
  86.864997      53.042692      -3.0105948899490214       1.5398401042839045        580
  90.205075      53.377179      -2.7364611254624176       1.5847287761521212          0
  93.574101      53.700674      -1.7914928626942068       1.1557071092439242          0
  96.971915      54.011958      -0.7946858097395847       0.5681816651721017          0
  100.398176      54.309829      -0.0000000000000000       0.0000000000000000        401
  103.852350      54.593108      -0.0000000000000000       0.0000000000000000        401
  107.333700      54.860644      -0.0000000000000000       0.0000000000000000        401
  110.841278      55.111325       0.0418758394257273      -0.0729581214943449          0
  114.373915      55.344086       0.0912041295590364      -0.1942738805641674          0
  117.930224      55.557914       0.0962265043953529      -0.2681684244686686          0
  121.508596      55.751863       0.0730886280815807      -0.3066127011144847          0
  125.107209      55.925055       0.0172813292039225      -0.2966583979019800          0
  128.724032      56.076695      -0.0644704684810828      -0.2292754216653859          0
  132.356842      56.206076      -0.1503300118700913      -0.1198709822886573          0
  28.838515      43.588900       1.0080013537411512       0.7161060597416333        340
  31.757938      43.916388      -0.0000000000000000       0.0000000000000000        551
  34.691665      44.253182      -0.0000000000000000       0.0000000000000000        302
  37.640541      44.598445      -0.0000000000000000       0.0000000000000000        551
  40.605417      44.951303      -2.1753035394962108      -0.1461168514605519        503
  43.587153      45.310852      -2.3309619200189320      -0.0888549466944231        503
  46.586607      45.676155      -2.4811766859741771      -0.0247277969735482        503
  49.604640      46.046241      -0.0000000000000000       0.0000000000000000        302
  52.642103      46.420112      -0.0000000000000000       0.0000000000000000        302
  55.699832      46.796738      -0.0000000000000000       0.0000000000000000        302
  58.778645      47.175061      -0.0000000000000000       0.0000000000000000        302
  61.879332      47.553998      -0.0000000000000000       0.0000000000000000        467
  65.002646      47.932438      -0.0000000000000000       0.0000000000000000        458
  68.149296      48.309251      -0.0000000000000000       0.0000000000000000        459
  71.319936      48.683282      -0.7747028345475315       0.0713566371238446          0
  74.515155      49.053362      -3.1938365499404942       0.3407130605441070          0
  77.735463      49.418304      -3.3821224814606676       0.7322142024500000          0
  80.981285      49.776911      -3.1803001282261918       1.2394851595088814        580
  84.252942      50.127976      -3.0899642707853587       1.3820705680464627        580
  87.550645      50.470292      -2.9887172709693757       1.5226958662658809        580
  90.874479      50.802651      -2.8766531318704320       1.6606753008072794        580
  94.224389      51.123851      -2.7539183823924773       1.7952977304579312        580
  97.600173      51.432704      -2.0239121109520291       1.4683968318596385          0
  101.001467      51.728041      -0.9968766742001115       0.7440268062267921          0
  104.427738      52.008715      -0.5435078484882110       0.3026603861270407          0
  107.878274      52.273616      -0.3538485936539593       0.1194593421674505          0
  111.352178      52.521669      -0.0324192866046100      -0.1912303547581815          0
  114.848365      52.751849       0.1477493479194530      -0.4317928778542540          0
  118.365561      52.963187       0.1946373540168138      -0.5754957107926773          0
  121.902302      53.154775       0.1263218189779267      -0.6114487159011729          0
  125.456944      53.325776       0.0049215549082331      -0.5703310692472816          0
  129.027666      53.475434      -0.1420167645850110      -0.4639265405638411          0
  132.612486      53.603075      -0.3040850149716843      -0.2913812472190892          0
  29.360565      41.010492      -0.0000000000000000       0.0000000000000000        520
  32.298420      41.339733      -0.0000000000000000       0.0000000000000000        520
  35.249522      41.678177      -0.0000000000000000       0.0000000000000000        526
  38.214646      42.024965      -0.0000000000000000       0.0000000000000000        551
  41.194569      42.379207      -0.0000000000000000       0.0000000000000000        551
  44.190076      42.739982      -2.3616831126809572       0.1109541480466975        503
  47.201949      43.106335      -2.5111661928529445       0.1725288709414278        503
  50.230966      43.477282      -2.6545025152311426       0.2408107219022236        503
  53.277894      43.851810      -2.7912025245331260       0.3158494827153024        503
  56.343485      44.228879      -0.0000000000000000       0.0000000000000000        301
  59.428468      44.607422      -0.0000000000000000       0.0000000000000000        390
  62.533545      44.986347      -0.0000000000000000       0.0000000000000000        467
  65.659379      45.364541      -0.0000000000000000       0.0000000000000000        466
  68.806589      45.740869      -0.2442956516553054       0.0327070779684038          0
  71.975742      46.114180      -2.8856643158805722       0.4003821406507023          0
  75.167339      46.483305      -3.3736900465853550       0.5569288994182859        501
  78.381810      46.847068      -3.4938606449095113       0.6731387426835015        501
  81.619501      47.204279      -3.6037847786846600       0.7971979952112747        501
  84.880663      47.553747      -3.1460052788728161       1.3189418277172091          0
  88.165445      47.894281      -3.0693272937391098       1.4696993309738684          0
  91.473880      48.224692      -2.9338222742541662       1.6168159608240347          0
  94.805874      48.543803      -2.7940454797077781       1.7550643473909062          0
  98.161203      48.850452      -2.8717449737663912       1.8596423264156265          0
  101.539494      49.143498      -2.5072810269806651       1.5138842672674913          0
  104.940227      49.421826      -2.1598041130258196       1.1566859855685538          0
  108.362723      49.684359      -1.0219605124228437       0.3782825445723449          0
  111.806141      49.930058      -0.1889516675062662      -0.2716063394920824          0
  115.269475      50.157932       0.1800372189705094      -0.6685081716459946          0
  118.751557      50.367049       0.2814870183496847      -0.8883860432273505          0
  122.251055      50.556537       0.1906289872770983      -0.9404572387332959          0
  125.766481      50.725593       0.0104099591164979      -0.8740245516220236          0
  129.296197      50.873492      -0.1997581584282309      -0.7257166820529384          0
  132.838428      50.999592      -0.4325464157910471      -0.4862765549838138          0
  29.843253      38.429906      -0.0000000000000000       0.0000000000000000        522
  32.797719      38.760743      -1.2055362245247225       0.1260799112179753        715
  35.764408      39.100682      -1.2245377747795816       0.1621331265971863        715
  38.744031      39.448847      -0.0000000000000000       0.0000000000000000        522
  41.737301      39.804333      -0.0000000000000000       0.0000000000000000        526
  44.744936      40.166201      -0.0000000000000000       0.0000000000000000        526
  47.767648      40.533484      -2.5384808380589892       0.3666698483756076        503
  50.806145      40.905183      -2.6808945500291985       0.4317651292587726        503
  53.861122      41.280275      -2.8164806294776721       0.5033649659234505        503
  56.933257      41.657709      -2.9447547089789756       0.5814881231351837        503
  60.023205      42.036410      -0.0000000000000000       0.0000000000000000        301
  63.131592      42.415282      -0.0000000000000000       0.0000000000000000        467
  66.259007      42.793207      -0.0000000000000000       0.0000000000000000        466
  69.405996      43.169050      -1.6264935724923504       0.2908617014200407          0
  72.573053      43.541661      -3.2689443891570686       0.6494593120403226        501
  75.760611      43.909877      -3.3966796042331779       0.7529303156527589        501
  78.969033      44.272526      -3.5146364419491096       0.8640938349771478        501
  82.198606      44.628431      -3.6222428833643319       0.9827549684926608        501
  85.449530      44.976414      -3.7189400829699641       1.1086619942636953        501
  88.721905      45.315299      -3.7646705989370357       1.2623332682390469          0
  92.015730      45.643917      -3.6182301575459013       1.4855067880113242          0
  95.330889      45.961111      -3.4702111236481601       1.6812288263896893          0
  98.667143      46.265745      -3.4879911045913774       1.8243787517157770          0
  102.024126      46.556703      -3.5708311935021033       1.8895821461578439          0
  105.401336      46.832899      -3.6004346360683290       1.8515824887885328          0
  108.798132      47.093286      -1.5580477372511377       0.5609474960859985          0
  112.213731      47.336856      -0.1078856084672800      -0.5288042104918912          0
  115.647203      47.562650       0.3533967961526439      -1.0256960693976749          0
  119.097477      47.769767       0.4272238726480467      -1.2576358616301029          0
  122.563340      47.957366       0.2744631037491354      -1.2974584504062496          0
  126.043443      48.124676       0.0425030554265419      -1.2188159768128393          0
  129.536310      48.270999      -0.2293229187441527      -1.0336501528409212          0
  133.040344      48.395719      -0.5354421984331361      -0.7117844182917483          0
  30.292600      35.847477      -1.1869723791401861       0.1263910909658716        715
  33.262153      36.179777      -0.0000000000000000       0.0000000000000000        522
  36.242936      36.521082      -0.0000000000000000       0.0000000000000000          0
  39.235603      36.870501      -2.1017932710156511       0.4097694305929832        503
  42.240810      37.227113      -2.2614341498141908       0.4529707493799982        503
  45.259213      37.589966      -0.0000000000000000       0.0000000000000000        505
  48.291464      37.958078      -0.0000000000000000       0.0000000000000000        505
  51.338210      38.330441      -2.7050677672183117       0.6191083656694679        503
  54.400081      38.706020      -2.8395806468874274       0.6869042232707147        503
  57.477694      39.083756      -2.9666144262268856       0.7609623971598334        503
  60.571639      39.462568      -3.0856961490014143       0.8412699329606908        503
  63.682479      39.841354      -0.0000000000000000       0.0000000000000000        301
  66.810741      40.218995      -0.4900029708500983       0.0826761160141172          0
  69.956909      40.594355      -0.0000000000000000       0.0000000000000000        466
  73.121419      40.966287      -3.2916508881498476       0.8451576903836731        501
  76.304649      41.333633      -3.4174412997663004       0.9435440561491197        501
  79.506909      41.695229      -3.5333424761728702       1.0492820582253142        501
  82.728442      42.049906      -3.6388064687326409       1.1621779971230761        501
  85.969405      42.396501      -3.7333009788743938       1.2819833777064937        501
  89.229868      42.733851      -3.8163134199778224       1.4083929129380139        501
  92.509806      43.060806      -3.8873553655527231       1.5410430613854307        501
  95.809088      43.376230      -3.9459673542242362       1.6795111873695090        501
  99.127475      43.679007      -3.9917240058372743       1.8233154318875169        501
  102.464612      43.968048      -4.0242393855019021       1.9719153784399086        501
  105.820021      44.242291      -4.1982749098611158       2.3945801531266930        607
  109.193102      44.500716       0.3665180662314453      -0.9159035355913249          0
  112.583126      44.742344       0.5732596763192871      -1.2224574479473020          0
  115.989240      44.966245       0.7902969003884086      -1.5922966854105862          0
  119.410461      45.171544       0.6054669393737802      -1.6530220739340067          0
  122.845685      45.357430       0.3606346739220773      -1.6494353762590528          0
  126.293688      45.523157       0.0975284539271143      -1.6096515029295517          0
  129.753133      45.668055      -0.2167577281474465      -1.4383850741026811          0
  133.222584      45.791528      -0.5951197722158086      -1.0294141360847771          0
  30.713578      33.263481      -1.1902515924596320       0.1602356354286037        715
  33.696933      33.597131      -1.2116394487241449       0.1911532055682982        715
  36.690555      33.939694      -0.0000000000000000       0.0000000000000000          0
  39.695045      34.290263      -2.1265849089139355       0.6071978765595391        503
  42.711006      34.647903      -2.2858598665453571       0.6473477481052018        503
  45.739042      35.011649      -2.4394016390757507       0.6932536910338636        503
  48.779752      35.380507      -0.0000000000000000       0.0000000000000000        505
  51.833726      35.753460      -0.0000000000000000       0.0000000000000000        505
  54.901541      36.129462      -0.0000000000000000       0.0000000000000000        505
  57.983758      36.507449      -0.0000000000000000       0.0000000000000000        505
  61.080913      36.886333      -3.1044440976706813       1.0116632409011999        503
  64.193516      37.265009      -0.0000000000000000       0.0000000000000000        301
  67.322041      37.642355      -0.0000000000000000       0.0000000000000000        301
  70.466922      38.017238      -0.0000000000000000       0.0000000000000000        301
  73.628546      38.388511      -3.3123814691209184       1.0358304240368050        501
  76.807247      38.755023      -3.4363478149917683       1.1287837917045571        501
  80.003296      39.115617      -3.5503293383026713       1.2287550651649393        501
  83.216897      39.469135      -3.6538007981542364       1.3355548063726974        501
  86.448179      39.814424      -3.7462546928634772       1.4489407384700281        501
  89.697191      40.150337      -3.8272050940225251       1.5686160860843312        501
  92.963892      40.475742      -3.8961918042485175       1.6942284468072224        501
  96.248147      40.789519      -3.9527848069638769       1.8253692705811042        501
  99.549720      41.090575      -3.9965889624442923       1.9615740214969850        501
  102.868272      41.377842      -4.2451791597077548       2.2932462639326157        607
  106.203355      41.650283      -1.5826851423459720       0.3658522260379228          0
  109.554410      41.906902       0.1246199894640524      -0.8569198064458339          0
  112.920764      42.146744       0.5729930370301348      -1.3294094276681305          0
  116.301631      42.368907       0.4660745652699667      -1.4336758156990423          0
  119.696114      42.572541       0.3472774320977330      -1.5391326216086110          0
  123.103205      42.756860       0.1894431720281196      -1.6226720759314590          0
  126.521795      42.921141      -0.0150268796784176      -1.6573457527285931          0
  129.950674      43.064737      -0.2671091007177336      -1.6050750966617544          0
  133.388542      43.187073      -0.5269350662453831      -1.6022250101324742          0
  31.110342      30.678148      -1.1932833742681472       0.1928651587330076        715
  34.106408      31.013054      -1.2143198715214054       0.2216860485176170        715
  37.111804      31.356781      -0.0000000000000000       0.0000000000000000          0
  40.127083      31.708412      -0.0000000000000000       0.0000000000000000          0
  43.152802      32.066997      -2.3086700075319522       0.8386485500140671        503
  46.189516      32.431559      -2.4616717901485723       0.8809554832865747        503
  49.237777      32.801094      -2.6083019049278122       0.9288341151207245        503
  52.298125      33.174574      -0.0000000000000000       0.0000000000000000        505
  55.371091      33.550948      -0.0000000000000000       0.0000000000000000        505
  58.457188      33.929143      -0.0000000000000000       0.0000000000000000        505
  61.556906      34.308067      -0.0000000000000000       0.0000000000000000        506
  64.670708      34.686612      -0.0000000000000000       0.0000000000000000        506
  67.799025      35.063657      -0.0000000000000000       0.0000000000000000        506
  70.942250      35.438067      -0.0000000000000000       0.0000000000000000      50601
  74.100730      35.808701      -0.0000000000000000       0.0000000000000000          0
  77.274761      36.174411      -3.4536972047589423       1.3086017665962071        501
  80.464585      36.534049      -3.5658763053213862       1.4024979631292647        501
  83.670379      36.886466      -3.6674838750964063       1.5029018045370468        501
  86.892251      37.230522      -3.7580356569388229       1.6095797459559744        501
  90.130233      37.565083      -3.8370705084479448       1.7222459059933724        501
  93.384277      37.889032      -3.9041542787193326       1.8405612133149183        501
  96.654250      38.201269      -3.9588839232704718       1.9641331440894745        501
  99.939926      38.500719      -0.0000000000000000       0.0000000000000000          0
  103.240985      38.786334      -4.2398757198963430       2.3512370531125066        607
  106.557010      39.057100      -1.5068089021997704       0.2054084653561775          0
  109.887483      39.312043      -0.4996374815233602      -0.5247676076198533          0
  113.231784      39.550232      -0.2801592403251509      -0.7525062316246536          0
  116.589194      39.770788      -0.2447445095359205      -0.8771878354197348          0
  119.958894      39.972885      -0.2451689275995043      -0.9983765694272364          0
  123.339966      40.155759      -0.3232206231547393      -1.0549220707273785          0
  126.731403      40.318709      -0.4756749596736537      -1.0040409489466999          0
  130.132108      40.461107      -0.7023264699423863      -0.7943884732608781          0
  133.540908      40.582398      -1.0561149611185980      -0.2605556918333182          0
  31.486400      28.091672      -1.1961041193336617       0.2242799859055689        715
  34.494246      28.427752      -1.2168014666782534       0.2509000562908648        715
  37.510508      28.772567      -1.2341899582206248       0.2786577495978702        715
  40.535696      29.125183      -0.0000000000000000       0.0000000000000000          0
  43.570325      29.484642      -0.0000000000000000       0.0000000000000000          0
  46.614906      29.849955      -2.4825621590636984       1.0650544039731875        503
  49.669948      30.220107      -2.6285025317219120       1.1087942492017326        503
  52.735950      30.594064      -0.0000000000000000       0.0000000000000000        505
  55.813401      30.970764      -0.0000000000000000       0.0000000000000000        505
  58.902771      31.349131      -0.0000000000000000       0.0000000000000000        505
  62.004511      31.728070      -0.0000000000000000       0.0000000000000000      50601
  65.119046      32.106468      -0.0000000000000000       0.0000000000000000      50601
  68.246770      32.483206      -0.0000000000000000       0.0000000000000000      50601
  71.388040      32.857149      -0.0000000000000000       0.0000000000000000          0
  74.543172      33.227160      -0.0000000000000000       0.0000000000000000          0
  77.712435      33.592097      -3.4697308312690169       1.4829035741959302        501
  80.896044      33.950819      -3.5802086913848408       1.5704455073807562        501
  84.094157      34.302188      -3.6800630211085856       1.6641816499519337        501
  87.306867      34.645072      -3.7688314352362680       1.7638893184457818        501
  90.534199      34.978354      -3.8460759417033570       1.8692955296695499        501
  93.776101      35.300929      -3.9113865483697126       1.9800763742093053        501
  97.032446      35.611717      -0.0000000000000000       0.0000000000000000          0
  100.303022      35.909658      -1.2713658115801347      -0.1666284092481499        602
  103.587531      36.193725      -1.8376488661297234       0.3326382756275373          0
  106.885587      36.462924      -1.4275532146999867       0.0316724240565240          0
  110.196715      36.716303      -1.2439805901730341      -0.0945911533553697          0
  113.520347      36.952951      -1.0873967500000679      -0.1800862615698334          0
  116.855824      37.172012      -0.8962170698319418      -0.3414798601312077          0
  120.202401      37.372680      -0.7817443441385210      -0.4812253903755761          0
  123.559245      37.554211      -0.7956292719401423      -0.5140028410887776          0
  126.925440      37.715926      -0.8867981192215729      -0.4409572847283384          0
  130.299994      37.857214      -1.0463590485546088      -0.2262544241961148          0
  133.681845      37.977537      -1.3195301163926170       0.2725424836503673          0
  31.844747      25.504219      -1.1987440748755132       0.2544718071585035        715
  34.863574      25.841404      -1.2191127981723033       0.2787957459892870        715
  37.889922      26.187238      -1.2361360126316021       0.3042194290134644        715
  40.924265      26.540777      -0.0000000000000000       0.0000000000000000          0
  43.967077      26.901049      -0.0000000000000000       0.0000000000000000          0
  47.018832      27.267056      -0.0000000000000000       0.0000000000000000          0
  50.079999      27.637776      -2.6475309981361614       1.2846499490063972        503
  53.151041      28.012163      -2.7856661357428649       1.3290887972138281        503
  56.232409      28.389153      -2.9162237696931426       1.3786647779300969        503
  59.324538      28.767663      -0.0000000000000000       0.0000000000000000        505
  62.427845      29.146593      -0.0000000000000000       0.0000000000000000      50601
  65.542721      29.524832      -0.0000000000000000       0.0000000000000000      50601
  68.669530      29.901258      -0.0000000000000000       0.0000000000000000          0
  71.808600      30.274740      -0.0000000000000000       0.0000000000000000          0
  74.960223      30.644143      -0.0000000000000000       0.0000000000000000          0
  78.124643      31.008333      -0.0000000000000000       0.0000000000000000          0
  81.302058      31.366173      -3.5935104324990563       1.7324944736069101        501
  84.492611      31.716537      -3.6917068407124205       1.8193165849603083        501
  87.696386      32.058304      -3.7787939331300029       1.9118158533086018        501
  90.913404      32.390368      -3.8543554384059480       2.0097338911967086        501
  94.143617      32.711641      -0.0000000000000000       0.0000000000000000          0
  97.386904      33.021056      -0.0000000000000000       0.0000000000000000          0
  100.643071      33.317573      -1.2742665110015712      -0.1402644477615960        602
  103.911845      33.600181      -1.3639535204228679      -0.0557037101889877          0
  107.192872      33.867906      -1.3203835349517250      -0.0701121665794313          0
  110.485717      34.119815      -1.3360370679040134      -0.0267501251749985          0
  113.789863      34.355018      -1.3483484577436224       0.0189581817205084          0
  117.104710      34.572678      -1.3580798251445503       0.0651486067971431          0
  120.429581      34.772008      -1.2540386271515216      -0.0005778332696102          0
  123.763720      34.952285      -1.2074214208715373      -0.0307703417443774          0
  127.106297      35.112847      -1.2199755086990982       0.0122818633343022          0
  130.456415      35.253099      -1.2884112120914608       0.1575293658295676          0
  133.813115      35.372520      -0.0000000000000000       0.0000000000000000          0
  32.187967      22.915931      -1.2012286253670024       0.2834255756864646        715
  35.217085      23.254162      -1.2212777034741387       0.3053663991146149        715
  38.252850      23.600957      -1.2379467803446640       0.3283696104766000        715
  41.295697      23.955363      -0.0000000000000000       0.0000000000000000          0
  44.346067      24.316397      -0.0000000000000000       0.0000000000000000          0
  47.404398      24.683050      -0.0000000000000000       0.0000000000000000          0
  50.471126      25.054294      -2.6655549176515780       1.4561459517930464        503
  53.546680      25.429074      -2.8028882488300622       1.4957002980975451        503
  56.631478      25.806321      -0.0000000000000000       0.0000000000000000      50602
  59.725925      26.184948      -0.0000000000000000       0.0000000000000000      50602
  62.830409      26.563851      -0.0000000000000000       0.0000000000000000      50602
  65.945293      26.941919      -0.0000000000000000       0.0000000000000000      50602
  69.070914      27.318030      -0.0000000000000000       0.0000000000000000          0
  72.207578      27.691055      -0.0000000000000000       0.0000000000000000          0
  75.355556      28.059865      -0.0000000000000000       0.0000000000000000          0
  78.515075      28.423327      -0.0000000000000000       0.0000000000000000          0
  81.686320      28.780317      -0.0000000000000000       0.0000000000000000          0
  84.869423      29.129714      -3.7025539965528598       1.9681986911312943        501
  88.064465      29.470410      -3.7880475782220557       2.0532741090233246        501
  91.271465      29.801311      -0.0000000000000000       0.0000000000000000          0
  94.490382      30.121342      -0.0000000000000000       0.0000000000000000          0
  97.721107      30.429452      -1.1717871287039172      -0.2635157612249647        603
  100.963465      30.724615      -1.2769584709960611      -0.1143921103066754        602
  104.217207      31.005840      -1.2957991846828807      -0.1160512597765652          0
  107.482012      31.272171      -1.3224829321527865      -0.0634923130755984          0
  110.757487      31.522691      -1.3368394281041240      -0.0162909414830630          0
  114.043162      31.756530      -1.3469984762265099       0.0294106206966624          0
  117.338494      31.972869      -1.3548087702494427       0.0742286334854388          0
  120.642869      32.170941      -1.3602684353755452       0.1169068068702127          0
  123.955604      32.350038      -1.3601818238910535       0.1587950332791707          0
  127.275949      32.509516      -1.3541178421387046       0.2009281064904688          0
  130.603093      32.648796      -1.3458934609137927       0.2436588256430135          0
  133.936169      32.767369      -0.0000000000000000       0.0000000000000000          0
  32.518313      20.326934      -1.2035792757340611       0.3111210089156518        715
  35.557127      20.666158      -1.2233162569815819       0.3305996751123249        715
  38.601727      21.013866      -1.2396406273670835       0.3511039422766252        715
  41.652517      21.369091      -0.0000000000000000       0.0000000000000000          0
  44.709903      21.730841      -0.0000000000000000       0.0000000000000000          0
  47.774293      22.098100      -0.0000000000000000       0.0000000000000000          0
  50.846091      22.469830      -0.0000000000000000       0.0000000000000000          0
  53.925699      22.844970      -0.0000000000000000       0.0000000000000000          0
  57.013505      23.222447      -0.0000000000000000       0.0000000000000000          0
  60.109889      23.601167      -0.0000000000000000       0.0000000000000000      50602
  63.215212      23.980028      -0.0000000000000000       0.0000000000000000      50602
  66.329814      24.357915      -0.0000000000000000       0.0000000000000000          0
  69.454012      24.733708      -0.0000000000000000       0.0000000000000000          0
  72.588093      25.106281      -0.0000000000000000       0.0000000000000000          0
  75.732310      25.474507      -0.0000000000000000       0.0000000000000000          0
  78.886879      25.837262      -0.0000000000000000       0.0000000000000000          0
  82.051974      26.193426      -0.0000000000000000       0.0000000000000000          0
  85.227724      26.541889      -3.7127197408327466       2.1106978739655258        501
  88.414206      26.881554      -3.7966953818439508       2.1881556324474278        501
  91.611445      27.211337      -0.0000000000000000       0.0000000000000000          0
  94.819406      27.530178      -0.0000000000000000       0.0000000000000000          0
  98.037997      27.837039      -1.1754774692150900      -0.2320450189618033        603
  101.267061      28.130912      -1.2514365747615499      -0.1803272457990957      60401
  104.506376      28.410820      -1.3042581181265258      -0.1101999896506827          0
  107.755655      28.675823      -1.3291156684821921      -0.0541267592202940          0
  111.014543      28.925023      -1.3406832953415799      -0.0050186867006841          0
  114.282617      29.157569      -1.3484084832354934       0.0402193574801741          0
  117.559389      29.372656      -1.3543828420321731       0.0833306420083253          0
  120.844305      29.569535      -1.3588825717626611       0.1234313118854955          0
  124.136749      29.747517      -1.3595081091568062       0.1621128280242405          0
  127.436045      29.905970      -1.3549303917708095       0.2012006239328954          0
  130.741463      30.044332      -0.0000000000000000       0.0000000000000000          0
  134.052220      30.162106      -1.5707086298906512       0.8961050135102893        649
  32.837773      17.737337      -1.2058144125315500       0.3375337848359478        715
  35.885768      18.077511      -1.2252455121447385       0.3544788922692747        715
  38.938699      18.426088      -1.2412330349593765       0.3724134347109530        715
  41.996942      18.782091      -0.0000000000000000       0.0000000000000000          0
  45.060872      19.144519      -1.4640722252574023       1.0767227310328975        710
  48.130869      19.512348      -1.8500904975178794       1.0547166902893226        710
  51.207311      19.884531      -0.0000000000000000       0.0000000000000000          0
  54.290572      20.260003      -0.0000000000000000       0.0000000000000000          0
  57.381017      20.637684      -0.0000000000000000       0.0000000000000000          0
  60.479003      21.016480      -0.0000000000000000       0.0000000000000000          0
  63.584868      21.395283      -0.0000000000000000       0.0000000000000000          0
  66.698935      21.772981      -0.0000000000000000       0.0000000000000000          0
  69.821501      22.148452      -0.0000000000000000       0.0000000000000000          0
  72.952840      22.520576      -0.0000000000000000       0.0000000000000000          0
  76.093192      22.888228      -0.0000000000000000       0.0000000000000000          0
  79.242765      23.250290      -0.0000000000000000       0.0000000000000000          0
  82.401726      23.605651      -0.0000000000000000       0.0000000000000000          0
  85.570202      23.953209      -3.7223008436491516       2.2466681499977930        501
  88.748272      24.291875      -0.0000000000000000       0.0000000000000000          0
  91.935967      24.620580      -3.8758394030596257       2.3906298746452208        502
  95.133264      24.938275      -0.0000000000000000       0.0000000000000000          0
  98.340085      25.243937      -1.1789619664858280      -0.2007321769874651        603
  101.556297      25.536571      -1.2569588094960245      -0.1254665994398916      60401
  104.781704      25.815217      -1.3163378814541105      -0.0995028366299915      60406
  108.016052      26.078951      -1.3416827916866600      -0.0414459521989608          0
  111.259024      26.326891      -1.3473694655525321       0.0083787670648246          0
  114.510243      26.558202      -1.3518299490493393       0.0525542361267977          0
  117.769273      26.772096      -1.3560770252251291       0.0932206747825488          0
  121.035617      26.967841      -1.3608120342873788       0.1294992756709218          0
  124.308721      27.144761      -1.7084940269924738       0.2565073157273657        648
  127.587980      27.302241      -0.0000000000000000       0.0000000000000000          0
  130.872738      27.439730      -0.0000000000000000       0.0000000000000000          0
  134.162292      27.556745      -1.5837999019389106       1.2785958733729004        649
  33.148122      15.147238      -1.2079498997664138       0.3626365005027274        715
  36.204848      15.488324      -1.2270800792426317       0.3769840498527042        715
  39.265673      15.837733      -1.2427371525975808       0.3922855472838065        715
  42.330940      16.194479      -0.0000000000000000       0.0000000000000000          0
  45.401002      16.557552      -0.0000000000000000       0.0000000000000000          0
  48.476210      16.925919      -1.8932014948640334       1.4164971066376852        710
  51.556920      17.298527      -0.0000000000000000       0.0000000000000000          0
  54.643482      17.674306      -0.0000000000000000       0.0000000000000000          0
  57.736240      18.052170      -0.0000000000000000       0.0000000000000000          0
  60.835530      18.431023      -0.0000000000000000       0.0000000000000000          0
  63.941674      18.809756      -0.0000000000000000       0.0000000000000000          0
  67.054977      19.187256      -0.0000000000000000       0.0000000000000000          0
  70.175724      19.562403      -0.0000000000000000       0.0000000000000000          0
  73.304177      19.934079      -0.0000000000000000       0.0000000000000000          0
  76.440567      20.301165      -0.0000000000000000       0.0000000000000000          0
  79.585095      20.662547      -0.0000000000000000       0.0000000000000000          0
  82.737928      21.017123      -0.0000000000000000       0.0000000000000000          0
  85.899192      21.363798      -0.0000000000000000       0.0000000000000000          0
  89.068970      21.701495      -0.0000000000000000       0.0000000000000000          0
  92.247302      22.029156      -0.0000000000000000       0.0000000000000000          0
  95.434179      22.345743      -0.0000000000000000       0.0000000000000000          0
  98.629541      22.650246      -1.1822699995255530      -0.1696030632954942        603
  101.833275      22.941687      -1.2622169781849981      -0.0709494809880070      60401
  105.045214      23.219118      -1.3210072312236683      -0.0479527539145176      60405
  108.265137      23.481632      -1.3616105780296028      -0.0201426400551971          0
  111.492766      23.728363      -1.3543257747369482       0.0262243776435252          0
  114.727767      23.958490      -1.3549712593180865       0.0678582098560579          0
  117.969753      24.171242      -1.3600899690826456       0.1034740524138809          0
  121.218281      24.365901      -1.3634184413698676       0.1349198515767886        602
  124.472860      24.541805      -0.0000000000000000       0.0000000000000000          0
  127.732946      24.698355      -0.0000000000000000       0.0000000000000000          0
  130.997955      24.835011      -0.0000000000000000       0.0000000000000000          0
  134.267258      24.951302      -0.0000000000000000       0.0000000000000000          0
  33.450961      12.556725      -1.2099995502610701       0.3863994421441176        715
  36.516031      12.898691      -1.2288325797242126       0.3980926458972396        715
  39.584365      13.248901      -1.2441642298485323       0.4107050551943454        715
  42.656285      13.606359      -0.0000000000000000       0.0000000000000000          0
  45.732114      13.970048      -1.2298298184216048       0.9912351086763532        709
  48.812185      14.338926      -1.2026079539969095       1.0089646708100064        709
  51.896829      14.711934      -1.1718634437960476       1.0271221391056899        709
  54.986378      15.087997      -1.1376662427059292       1.0456335929619405        709
  58.081156      15.466026      -0.0000000000000000       0.0000000000000000          0
  61.181484      15.844920      -0.0000000000000000       0.0000000000000000          0
  64.287668      16.223572      -0.0000000000000000       0.0000000000000000          0
  67.400000      16.600866      -0.0000000000000000       0.0000000000000000          0
  70.518755      16.975685      -0.0000000000000000       0.0000000000000000          0
  73.644186      17.346914      -0.0000000000000000       0.0000000000000000          0
  76.776518      17.713439      -0.0000000000000000       0.0000000000000000          0
  79.915951      18.074152      -0.0000000000000000       0.0000000000000000          0
  83.062649      18.427957      -0.0000000000000000       0.0000000000000000          0
  86.216742      18.773769      -0.0000000000000000       0.0000000000000000          0
  89.378322      19.110521      -0.0000000000000000       0.0000000000000000          0
  92.547439      19.437164      -0.0000000000000000       0.0000000000000000          0
  95.724097      19.752674      -0.0000000000000000       0.0000000000000000          0
  98.908255      20.056055      -1.1854267641755336      -0.1386895812835082        603
  102.099825      20.346340      -1.2672493426554043      -0.0168567473774989      60401
  105.298668      20.622597      -1.3254720219040474       0.0031243846595874        604
  108.504595      20.883933      -1.3796793134391609       0.0252002928406567      60404
  111.717365      21.129497      -1.3436916454635357       0.0574443539402527        612
  114.936687      21.358483      -0.0000000000000000       0.0000000000000000          0
  118.162221      21.570135      -0.0000000000000000       0.0000000000000000          0
  121.393578      21.763750      -0.0000000000000000       0.0000000000000000          0
  124.630322      21.938679      -0.0000000000000000       0.0000000000000000          0
  127.871972      22.094335      -0.0000000000000000       0.0000000000000000          0
  131.118008      22.230192      -0.0000000000000000       0.0000000000000000          0
  134.367872      22.345788      -0.0000000000000000       0.0000000000000000          0
  33.747756       9.965880      -1.2119755024349625       0.4087912034306199        701
  36.820832      10.308697      -1.2305140068573399       0.4177803308723757        715
  39.896344      10.659681      -0.0000000000000000       0.0000000000000000          0
  42.974586      11.017826      -1.2511886108180763       0.9660740966753459        709
  46.055864      11.382105      -1.2271343288499561       0.9806939542508697        709
  49.140487      11.751471      -1.1995000134854481       0.9958676005454508        709
  52.228769      12.124858      -1.1683509755146895       1.0115366721128543        709
  55.321022      12.501185      -0.0000000000000000       0.0000000000000000          0
  58.417558      12.879361      -0.0000000000000000       0.0000000000000000          0
  61.518680      13.258283      -0.0000000000000000       0.0000000000000000          0
  64.624685      13.636841      -0.0000000000000000       0.0000000000000000          0
  67.735853      14.013921      -0.0000000000000000       0.0000000000000000          0
  70.852453      14.388409      -0.0000000000000000       0.0000000000000000          0
  73.974730      14.759191      -0.0000000000000000       0.0000000000000000          0
  77.102908      15.125158      -0.0000000000000000       0.0000000000000000          0
  80.237184      15.485209      -0.0000000000000000       0.0000000000000000          0
  83.377728      15.838255      -0.0000000000000000       0.0000000000000000          0
  86.524674      16.183220      -0.0000000000000000       0.0000000000000000          0
  89.678123      16.519045      -0.0000000000000000       0.0000000000000000          0
  92.838136      16.844694      -0.0000000000000000       0.0000000000000000          0
  96.004735      17.159155      -0.0000000000000000       0.0000000000000000          0
  99.177899      17.461442      -1.1884540923844751      -0.1080287003663556        603
  102.357562      17.750602      -1.2720892321285431       0.0367261794207374        604
  105.543616      18.025719      -1.3297623231074680       0.0536504065290172        604
  108.735903      18.285912      -1.3834252920923364       0.0725128367416609        604
  111.934219      18.530346      -0.0000000000000000       0.0000000000000000          0
  115.138316      18.758228      -1.3550917272754208       0.0944841731545478        612
  118.347898      18.968816      -0.0000000000000000       0.0000000000000000          0
  121.562627      19.161421      -0.0000000000000000       0.0000000000000000          0
  124.782120      19.335409      -0.0000000000000000       0.0000000000000000          0
  128.005957      19.490203      -7.1752314027976869       1.1899367593970027        684
  131.233678      19.625288      -7.2029809697199223       1.3232624230063335        684
  134.464790      19.740215      -7.2078706062864768       1.4589759236441391        801
  34.039870       7.374776      -1.2138885245897115       0.4297791789144747        712
  37.120659       7.718423      -1.2321340145484547       0.4360214269865476        712
  40.203056       8.070158      -0.0000000000000000       0.0000000000000000          0
  43.287333       8.428967      -1.2489110059487958       0.9555403626671828        709
  46.373775       8.793815      -1.2244493254988862       0.9675143309629807        709
  49.462674       9.163648      -1.1964116775302143       0.9801057991784810        709
  52.554325       9.537394      -0.0000000000000000       0.0000000000000000          0
  55.649028       9.913969      -0.0000000000000000       0.0000000000000000          0
  58.747080      10.292276      -0.0000000000000000       0.0000000000000000          0
  61.848773      10.671212      -0.0000000000000000       0.0000000000000000          0
  64.954393      11.049666      -0.0000000000000000       0.0000000000000000          0
  68.064216      11.426525      -0.0000000000000000       0.0000000000000000          0
  71.178501      11.800676      -0.0000000000000000       0.0000000000000000          0
  74.297494      12.171009      -0.0000000000000000       0.0000000000000000          0
  77.421417      12.536420      -0.0000000000000000       0.0000000000000000          0
  80.550469      12.895815      -0.0000000000000000       0.0000000000000000          0
  83.684824      13.248110      -0.0000000000000000       0.0000000000000000          0
  86.824624      13.592239      -0.0000000000000000       0.0000000000000000          0
  89.969981      13.927154      -0.0000000000000000       0.0000000000000000          0
  93.120970      14.251827      -0.0000000000000000       0.0000000000000000          0
  96.277630      14.565258      -0.0000000000000000       0.0000000000000000          0
  99.439962      14.866475      -1.1913711008144248      -0.0776616383901413      60302
  102.607925      15.154537      -1.2767659998618670       0.0897102070030419      60402
  105.781438      15.428541      -1.3339045630960302       0.1035434264014366        604
  108.960376      15.687621      -1.3870390332543421       0.1191602098888607        604
  112.144573      15.930954      -1.3453779509607151       0.0844269646847453        612
  115.333819      16.157762      -0.0000000000000000       0.0000000000000000          0
  118.527865      16.367317      -0.0000000000000000       0.0000000000000000          0
  121.726419      16.558942      -0.0000000000000000       0.0000000000000000          0
  124.929152      16.732016      -0.0000000000000000       0.0000000000000000          0
  128.135697      16.885974      -7.1767867712724014       1.2460617023881593        801
  131.345655      17.020313      -7.2035337955005865       1.3614499906256732        801
  134.558594      17.134591      -7.2076701471564562       1.4791161479929513        801
  34.328581       4.783485      -1.2157482632025345       0.4493299524292304        712
  37.416832       5.127943      -1.2337011505608186       0.4527893349975926        712
  40.505859       5.480410      -1.2678535247379965       0.9338480353782652        709
  43.595916       5.839864      -1.2466272481475356       0.9424344657987697        709
  46.687270       6.205262      -1.2217647005433303       0.9517399572786180        709
  49.780196       6.575544      -0.0000000000000000       0.0000000000000000          0
  52.874975       6.949632      -0.0000000000000000       0.0000000000000000          0
  55.971894       7.326439      -0.0000000000000000       0.0000000000000000          0
  59.071238       7.704864      -0.0000000000000000       0.0000000000000000          0
  62.173292       8.083801      -0.0000000000000000       0.0000000000000000          0
  65.278334       8.462141      -0.0000000000000000       0.0000000000000000          0
  68.386634       8.838770      -0.0000000000000000       0.0000000000000000          0
  71.498450       9.212578      -0.0000000000000000       0.0000000000000000          0
  74.614025       9.582460      -0.0000000000000000       0.0000000000000000          0
  77.733585       9.947315      -0.0000000000000000       0.0000000000000000          0
  80.857332      10.306055      -0.0000000000000000       0.0000000000000000          0
  83.985446      10.657606      -0.0000000000000000       0.0000000000000000          0
  87.118081      11.000908      -0.0000000000000000       0.0000000000000000          0
  90.255358      11.334922      -0.0000000000000000       0.0000000000000000          0
  93.397371      11.658634      -0.0000000000000000       0.0000000000000000          0
  96.544176      11.971052      -0.0000000000000000       0.0000000000000000          0
  99.695795      12.271218      -1.2593302075081152       0.0427908935702305        647
  102.852214      12.558203      -1.2813057943815065       0.1420033193195301      60402
  106.013379      12.831117      -1.3379222346453254       0.1527186114480933      60402
  109.179199      13.089107      -1.3905413225365906       0.1650647943617756        604
  112.349544      13.331364      -1.3461604819897961       0.0969742122536852        613
  115.524244      13.557123      -1.3560752543850760       0.1135606241589373        613
  118.703092      13.765670      -1.3618325166086627       0.1308759323024527        613
  121.885843      13.956339      -0.0000000000000000       0.0000000000000000          0
  125.072217      14.128523      -0.0000000000000000       0.0000000000000000          0
  128.261903      14.281667      -7.1782644659204875       1.2980929129980994        801
  131.454555      14.415278      -7.2040450431038030       1.3955047955608924        801
  134.649802      14.528924      -7.2074567104414360       1.4950907657972050        801
  34.615113       2.192074      -1.2175634476885340       0.4674095946542539        712
  37.710609       2.537327      -1.2352230462763090       0.4680568443265836        712
  40.806045       2.890511      -1.2659522537157759       0.9209549878366103        709
  43.901658       3.250594      -1.2443288554588854       0.9267951451212191        709
  46.997698       3.616527      -0.0000000000000000       0.0000000000000000          0
  50.094426       3.987242      -0.0000000000000000       0.0000000000000000          0
  53.192112       4.361658      -0.0000000000000000       0.0000000000000000          0
  56.291029       4.738681      -0.0000000000000000       0.0000000000000000          0
  59.391457       5.117210      -0.0000000000000000       0.0000000000000000          0
  62.493671       5.496137      -0.0000000000000000       0.0000000000000000          0
  65.597947       5.874352      -0.0000000000000000       0.0000000000000000          0
  68.704551       6.250743      -0.0000000000000000       0.0000000000000000          0
  71.813741       6.624203      -0.0000000000000000       0.0000000000000000          0
  74.925761       6.993628      -0.0000000000000000       0.0000000000000000          0
  78.040840       7.357925      -0.0000000000000000       0.0000000000000000          0
  81.159188       7.716011      -0.0000000000000000       0.0000000000000000          0
  84.280993       8.066820      -0.0000000000000000       0.0000000000000000          0
  87.406419       8.409300      -0.0000000000000000       0.0000000000000000          0
  90.535603       8.742422      -0.0000000000000000       0.0000000000000000          0
  93.668653       9.065182      -0.0000000000000000       0.0000000000000000          0
  96.805648       9.376600      -1.1609252108609907      -0.0252320187653289      60302
  99.946632       9.675728      -1.2615585003867154       0.0678116241510589        647
  103.091616       9.961652      -1.2874312569803887       0.0772953343239541      64701
  106.240576      10.233493      -1.3418364705913146       0.2010888201913757      60402
  109.393453      10.490412      -0.0000000000000000       0.0000000000000000          0
  112.550152      10.731612      -1.3469096715498208       0.1088789894601409        613
  115.710543      10.956343      -1.3565280155684485       0.1221269065378219        613
  118.874460      11.163901      -0.0000000000000000       0.0000000000000000          0
  122.041705      11.353635      -7.0641745347567770       1.1958765325813605        801
  125.212045      11.524946      -7.1328251943779986       1.2692669303014872        801
  128.385220      11.677294      -7.1796746913151015       1.3459787589144843        801
  131.560938      11.810194      -7.2045193415568693       1.4254057389207784        801
  134.738884      11.923224      -7.2072306189917663       1.5069086788042731        801
  34.900654      -0.399392      -1.2193420611275887       0.4839838795889820        712
  38.003210      -0.053355      -1.2367065721453012       0.4817963574559904        713
  41.104863       0.300533      -0.0000000000000000       0.0000000000000000          0
  44.205834       0.661232      -0.0000000000000000       0.0000000000000000          0
  47.306358       1.027686      -0.0000000000000000       0.0000000000000000          0
  50.406683       1.398821      -0.0000000000000000       0.0000000000000000          0
  53.507069       1.773551      -0.0000000000000000       0.0000000000000000          0
  56.607782       2.150778      -0.0000000000000000       0.0000000000000000          0
  59.709094       2.529399      -0.0000000000000000       0.0000000000000000          0
  62.811276       2.908304      -0.0000000000000000       0.0000000000000000          0
  65.914602       3.286384      -0.0000000000000000       0.0000000000000000          0
  69.019336       3.662527      -0.0000000000000000       0.0000000000000000          0
  72.125739       4.035630      -0.0000000000000000       0.0000000000000000          0
  75.234058       4.404593      -0.0000000000000000       0.0000000000000000          0
  78.344528       4.768328      -0.0000000000000000       0.0000000000000000          0
  81.457366       5.125758      -0.0000000000000000       0.0000000000000000          0
  84.572773       5.475824      -0.0000000000000000       0.0000000000000000          0
  87.690923       5.817484      -0.0000000000000000       0.0000000000000000          0
  90.811971       6.149719      -0.0000000000000000       0.0000000000000000          0
  93.936043       6.471532      -0.0000000000000000       0.0000000000000000          0
  97.063237       6.781958      -1.2344965585722922       0.0868154746286250      67352
  100.193621       7.080060      -1.2637289867292607       0.0921929105175432      67301
  103.327234       7.364934      -1.2892143557216056       0.0985772593137975      64701
  106.464081       7.635715      -1.3108646964981834       0.1059220091163491      64701
  109.604135       7.891576      -0.0000000000000000       0.0000000000000000          0
  112.747336       8.131735      -0.0000000000000000       0.0000000000000000          0
  115.893593       8.355452      -0.0000000000000000       0.0000000000000000          0
  119.042782       8.562037      -6.9793305151810001       1.2227964236766757        801
  122.194747       8.750850      -7.0679871816770401       1.2749687346981879        801
  125.349304       8.921304      -7.1353055736644322       1.3307616410877523        801
  128.506240       9.072870      -7.1810263134300216       1.3896648286182960        801
  131.665316       9.205072      -7.2049605610286225       1.4511303899904777        801
  134.826270       9.317496      -7.2069919037275225       1.5145790066978579        801
  35.186376      -2.990847      -1.2210914842509302       0.4990184259714275        712
  38.295836      -2.644035      -1.2381579657278552       0.4939800356226214        713
  41.403540      -2.289453      -1.2515720917996012       0.4896727950723797        713
  44.509692      -1.928148      -0.0000000000000000       0.0000000000000000          0
  47.614516      -1.561184      -0.0000000000000000       0.0000000000000000          0
  50.718250      -1.189641      -0.0000000000000000       0.0000000000000000          0
  53.821145      -0.814609      -0.0000000000000000       0.0000000000000000          0
  56.923461      -0.437190      -0.0000000000000000       0.0000000000000000          0
  60.025465      -0.058489      -1.0748432050739276       0.9028587800895794        704
  63.127426       0.320383      -0.0000000000000000       0.0000000000000000          0
  66.229617       0.698316      -0.0000000000000000       0.0000000000000000          0
  69.332305       1.074202      -0.0000000000000000       0.0000000000000000          0
  72.435753       1.446939      -0.0000000000000000       0.0000000000000000          0
  75.540215       1.815432      -0.0000000000000000       0.0000000000000000          0
  78.645932       2.178598      -0.0000000000000000       0.0000000000000000          0
  81.753135       2.535368      -0.0000000000000000       0.0000000000000000          0
  84.862032       2.884689      -0.0000000000000000       0.0000000000000000          0
  87.972816       3.225528      -0.0000000000000000       0.0000000000000000          0
  91.085656       3.556875      -0.0000000000000000       0.0000000000000000          0
  94.200699       3.877745      -0.0000000000000000       0.0000000000000000          0
  97.318064       4.187182      -0.0000000000000000       0.0000000000000000          0
  100.437845       4.484262      -1.2658520765534791       0.1158928642726549      67301
  103.560106       4.768093      -1.2909552484952087       0.1191770308360560      64701
  106.684883       5.037823      -1.3122413667690875       0.1233529501338863      64701
  109.812182       5.292637      -1.3296378181906328       0.1283720337594491        735
  112.941979       5.531764      -0.0000000000000000       0.0000000000000000          0
  116.074218       5.754478      -0.0000000000000000       0.0000000000000000          0
  119.208817       5.960100      -0.0000000000000000       0.0000000000000000          0
  122.345663       6.148004      -7.0716974597073126       1.3497106825575775        801
  125.484617       6.317613      -7.1377107097518762       1.3879498727756561        801
  128.625514       6.468406      -7.1823270939080563       1.4290951606903266        801
  131.768165       6.599919      -7.2053719327953560       1.4726560227582879        801
  134.912361       6.711747      -7.2067403332935651       1.5181119139191699        801
>