>anchorPlateId 301
>reconstructionTime 84
>DeformingMeshPoints.gpml lat_lon_velocity_domain_28_32.gpml
>MeshNode <identity>GPlates-b7a3af0e-8119-4abb-9ae6-39bb7e5702ce</identity> <revision>GPlates-7b04c5e6-7801-49f1-bcc4-23d6f4e5417f</revision>
> reconstructionPlateId 0
> validTime TimePeriod <begin> TimeInstant <timePosition>http://gplates.org/times/distantPast</timePosition></begin> <end> TimeInstant <timePosition>http://gplates.org/times/distantFuture</timePosition></end>
  33.771564      71.951389      -0.0000000000000000       0.0000000000000000        302
  36.704817      72.070144      -0.0000000000000000       0.0000000000000000        302
  39.655869      72.191890      -0.0000000000000000       0.0000000000000000        302
  42.625532      72.316322      -0.0000000000000000       0.0000000000000000        302
  45.614606      72.443123      -0.0000000000000000       0.0000000000000000        302
  48.623878      72.571961      -0.0000000000000000       0.0000000000000000        302
  51.654119      72.702494      -0.0000000000000000       0.0000000000000000        302
  54.706073      72.834367      -0.0000000000000000       0.0000000000000000        373
  57.780459      72.967216      -0.0000000000000000       0.0000000000000000        372
  60.877959      73.100662      -0.0000000000000000       0.0000000000000000        372
  63.999213      73.234320      -0.0000000000000000       0.0000000000000000        372
  67.144815      73.367793      -0.0000000000000000       0.0000000000000000        372
  70.315300      73.500675      -0.0000000000000000       0.0000000000000000        372
  73.511139      73.632554      -0.0000000000000000       0.0000000000000000        401
  76.732727      73.763009      -0.0000000000000000       0.0000000000000000        401
  79.980378      73.891616      -0.0000000000000000       0.0000000000000000        404
  83.254312      74.017944      -0.0000000000000000       0.0000000000000000        404
  86.554645      74.141561      -0.0000000000000000       0.0000000000000000        404
  89.881380      74.262033      -0.0000000000000000       0.0000000000000000        401
  93.234399      74.378928      -0.0000000000000000       0.0000000000000000        401
  96.613449      74.491817      -0.0000000000000000       0.0000000000000000        401
  100.018138      74.600274      -0.0000000000000000       0.0000000000000000        401
  103.447925      74.703883      -0.0000000000000000       0.0000000000000000        401
  106.902111      74.802235      -0.0000000000000000       0.0000000000000000        401
  110.379840      74.894935      -0.0000000000000000       0.0000000000000000        401
  113.880089      74.981604      -0.0000000000000000       0.0000000000000000        401
  117.401669      75.061879      -0.0000000000000000       0.0000000000000000          0
  120.943227      75.135419      -0.0000000000000000       0.0000000000000000          0
  124.503248      75.201906      -0.0000000000000000       0.0000000000000000          0
  128.080061      75.261047      -0.0000000000000000       0.0000000000000000          0
  131.671850      75.312578      -0.0000000000000000       0.0000000000000000          0
  135.276662      75.356268      -0.0000000000000000       0.0000000000000000          0
  138.892423      75.391918       0.1080672650928833       0.4030161254174881      42101
  34.719852      69.363152      -0.0000000000000000       0.0000000000000000        302
  37.683960      69.482922      -0.0000000000000000       0.0000000000000000        302
  40.663908      69.605606      -0.0000000000000000       0.0000000000000000        302
  43.660367      69.730889      -0.0000000000000000       0.0000000000000000        302
  46.673988      69.858440      -0.0000000000000000       0.0000000000000000        302
  49.705407      69.987920      -0.0000000000000000       0.0000000000000000        302
  52.755237      70.118977      -0.0000000000000000       0.0000000000000000        302
  55.824060      70.251247      -0.0000000000000000       0.0000000000000000        302
  58.912431      70.384358      -0.0000000000000000       0.0000000000000000        302
  62.020865      70.517928      -0.0000000000000000       0.0000000000000000        372
  65.149835      70.651564      -0.0000000000000000       0.0000000000000000        372
  68.299766      70.784869      -0.0000000000000000       0.0000000000000000        372
  71.471028      70.917434      -0.0000000000000000       0.0000000000000000        372
  74.663933      71.048848      -0.0000000000000000       0.0000000000000000        401
  77.878722      71.178694      -0.0000000000000000       0.0000000000000000        401
  81.115564      71.306550      -0.0000000000000000       0.0000000000000000        401
  84.374545      71.431994      -0.0000000000000000       0.0000000000000000        401
  87.655663      71.554603      -0.0000000000000000       0.0000000000000000        401
  90.958824      71.673953      -0.0000000000000000       0.0000000000000000        401
  94.283829      71.789625      -0.0000000000000000       0.0000000000000000        401
  97.630374      71.901205      -0.0000000000000000       0.0000000000000000        401
  100.998042      72.008285      -0.0000000000000000       0.0000000000000000        401
  104.386299      72.110465      -0.0000000000000000       0.0000000000000000        401
  107.794489      72.207359      -0.0000000000000000       0.0000000000000000        401
  111.221834      72.298591      -0.0000000000000000       0.0000000000000000        401
  114.667433      72.383804      -0.0000000000000000       0.0000000000000000        401
  118.130259      72.462659      -0.0000000000000000       0.0000000000000000        401
  121.609162      72.534835      -0.0000000000000000       0.0000000000000000        401
  125.102877      72.600037      -0.0000000000000000       0.0000000000000000          0
  128.610025      72.657993      -0.0000000000000000       0.0000000000000000          0
  132.129119      72.708460      -0.0000000000000000       0.0000000000000000          0
  135.658578      72.751224      -0.0000000000000000       0.0000000000000000          0
  139.196735      72.786101      -0.0000000000000000       0.0000000000000000          0
  35.464755      66.770849      -0.0000000000000000       0.0000000000000000        302
  38.451972      66.891391      -0.0000000000000000       0.0000000000000000        302
  41.453377      67.014785      -0.0000000000000000       0.0000000000000000        302
  44.469533      67.140705      -0.0000000000000000       0.0000000000000000        302
  47.500984      67.268814      -0.0000000000000000       0.0000000000000000        302
  50.548254      67.398763      -0.0000000000000000       0.0000000000000000        302
  53.611840      67.530195      -0.0000000000000000       0.0000000000000000        302
  56.692215      67.662739      -0.0000000000000000       0.0000000000000000        302
  59.789814      67.796019      -0.0000000000000000       0.0000000000000000        302
  62.905039      67.929648      -0.0000000000000000       0.0000000000000000        302
  66.038251      68.063231      -0.0000000000000000       0.0000000000000000        302
  69.189763      68.196368      -0.0000000000000000       0.0000000000000000        401
  72.359841      68.328653      -0.0000000000000000       0.0000000000000000        401
  75.548692      68.459674      -0.0000000000000000       0.0000000000000000        401
  78.756464      68.589016      -0.0000000000000000       0.0000000000000000        401
  81.983239      68.716265      -0.0000000000000000       0.0000000000000000        401
  85.229029      68.841001      -0.0000000000000000       0.0000000000000000        401
  88.493769      68.962811      -0.0000000000000000       0.0000000000000000        401
  91.777315      69.081278      -0.0000000000000000       0.0000000000000000        401
  95.079436      69.195996      -0.0000000000000000       0.0000000000000000        401
  98.399814      69.306561      -0.0000000000000000       0.0000000000000000        401
  101.738038      69.412577      -0.0000000000000000       0.0000000000000000        401
  105.093604      69.513661      -0.0000000000000000       0.0000000000000000        401
  108.465907      69.609440      -0.0000000000000000       0.0000000000000000        401
  111.854249      69.699555      -0.0000000000000000       0.0000000000000000        401
  115.257830      69.783664      -0.0000000000000000       0.0000000000000000        401
  118.675757      69.861445      -0.0000000000000000       0.0000000000000000        401
  122.107039      69.932594      -0.0000000000000000       0.0000000000000000        401
  125.550597      69.996831      -0.0000000000000000       0.0000000000000000        401
  129.005263      70.053899      -0.0000000000000000       0.0000000000000000      43102
  132.469791      70.103571      -0.0000000000000000       0.0000000000000000      43101
  135.942861      70.145643      -0.0000000000000000       0.0000000000000000          0
  139.423089      70.179945       0.1177275433447280       0.1649694970624918      43202
  36.067432      64.175706      -0.0000000000000000       0.0000000000000000        302
  39.072609      64.296858      -0.0000000000000000       0.0000000000000000        302
  42.090566      64.420808      -0.0000000000000000       0.0000000000000000        302
  45.121785      64.547224      -0.0000000000000000       0.0000000000000000        302
  48.166727      64.675763      -0.0000000000000000       0.0000000000000000        302
  51.225832      64.806070      -0.0000000000000000       0.0000000000000000        302
  54.299514      64.937781      -0.0000000000000000       0.0000000000000000        302
  57.388158      65.070524      -0.0000000000000000       0.0000000000000000        302
  60.492121      65.203916      -0.0000000000000000       0.0000000000000000        302
  63.611722      65.337570      -0.0000000000000000       0.0000000000000000        390
  66.747240      65.471087      -0.0000000000000000       0.0000000000000000        468
  69.898916      65.604068      -0.0000000000000000       0.0000000000000000        401
  73.066940      65.736107      -0.0000000000000000       0.0000000000000000        401
  76.251456      65.866793      -0.0000000000000000       0.0000000000000000        401
  79.452549      65.995715      -0.0000000000000000       0.0000000000000000        401
  82.670249      66.122460      -0.0000000000000000       0.0000000000000000        401
  85.904524      66.246617      -0.0000000000000000       0.0000000000000000        401
  89.155275      66.367776      -0.0000000000000000       0.0000000000000000        401
  92.422333      66.485531      -0.0000000000000000       0.0000000000000000        401
  95.705461      66.599481      -0.0000000000000000       0.0000000000000000        401
  99.004342      66.709232      -0.0000000000000000       0.0000000000000000        401
  102.318584      66.814401      -0.0000000000000000       0.0000000000000000        401
  105.647719      66.914614      -0.0000000000000000       0.0000000000000000        401
  108.991194      67.009510      -0.0000000000000000       0.0000000000000000        401
  112.348380      67.098744      -0.0000000000000000       0.0000000000000000        401
  115.718567      67.181985      -0.0000000000000000       0.0000000000000000        401
  119.100968      67.258923      -0.0000000000000000       0.0000000000000000        401
  122.494718      67.329267      -0.0000000000000000       0.0000000000000000        401
  125.898883      67.392750      -0.0000000000000000       0.0000000000000000        401
  129.312457      67.449126      -0.0000000000000000       0.0000000000000000      43101
  132.734373      67.498178      -0.0000000000000000       0.0000000000000000      43101
  136.163505      67.539712       0.0582615174269355       0.0488779901352639      43202
  139.598679      67.573567       0.1209218116453689       0.0454614839030276      43200
  36.566851      61.578503      -0.0000000000000000       0.0000000000000000        302
  39.586404      61.700149      -0.0000000000000000       0.0000000000000000        302
  42.617526      61.824548      -0.0000000000000000       0.0000000000000000        302
  45.660634      61.951363      -0.0000000000000000       0.0000000000000000        302
  48.716124      62.080243      -0.0000000000000000       0.0000000000000000        302
  51.784371      62.210832      -0.0000000000000000       0.0000000000000000        302
  54.865724      62.342760      -0.0000000000000000       0.0000000000000000        302
  57.960507      62.475651      -0.0000000000000000       0.0000000000000000        302
  61.069012      62.609122      -0.0000000000000000       0.0000000000000000        390
  64.191500      62.742780      -0.0000000000000000       0.0000000000000000        390
  67.328193      62.876229      -0.0000000000000000       0.0000000000000000        468
  70.479276      63.009067      -0.0000000000000000       0.0000000000000000        468
  73.644891      63.140889      -0.0000000000000000       0.0000000000000000        401
  76.825135      63.271286      -0.0000000000000000       0.0000000000000000        401
  80.020055      63.399851      -0.0000000000000000       0.0000000000000000        401
  83.229647      63.526173      -0.0000000000000000       0.0000000000000000        401
  86.453853      63.649845      -0.0000000000000000       0.0000000000000000        401
  89.692556      63.770463      -0.0000000000000000       0.0000000000000000        401
  92.945579      63.887628      -0.0000000000000000       0.0000000000000000        401
  96.212685      64.000945      -0.0000000000000000       0.0000000000000000        401
  99.493571      64.110029      -0.0000000000000000       0.0000000000000000        401
  102.787868      64.214504      -0.0000000000000000       0.0000000000000000        401
  106.095141      64.314007      -0.0000000000000000       0.0000000000000000        401
  109.414889      64.408185      -0.0000000000000000       0.0000000000000000        401
  112.746543      64.496702      -0.0000000000000000       0.0000000000000000        401
  116.089469      64.579239      -0.0000000000000000       0.0000000000000000        401
  119.442966      64.655496      -0.0000000000000000       0.0000000000000000        401
  122.806275      64.725191      -0.0000000000000000       0.0000000000000000        401
  126.178573      64.788065      -0.0000000000000000       0.0000000000000000        401
  129.558983      64.843885      -0.0000000000000000       0.0000000000000000      43102
  132.946579      64.892438      -0.0000000000000000       0.0000000000000000      43101
  136.340383      64.933541      -0.0000000000000000       0.0000000000000000      43101
  139.739381      64.967038      -0.0000000000000000       0.0000000000000000      43101
  36.989003      58.979759      -0.0000000000000000       0.0000000000000000        302
  40.020348      59.101816      -0.0000000000000000       0.0000000000000000        302
  43.062207      59.226586      -0.0000000000000000       0.0000000000000000        302
  46.114944      59.353728      -0.0000000000000000       0.0000000000000000        302
  49.178905      59.482888      -0.0000000000000000       0.0000000000000000        302
  52.254411      59.613704      -0.0000000000000000       0.0000000000000000        302
  55.341764      59.745805      -0.0000000000000000       0.0000000000000000        302
  58.441237      59.878811      -0.0000000000000000       0.0000000000000000        302
  61.553075      60.012336      -0.0000000000000000       0.0000000000000000        390
  64.677493      60.145988      -0.0000000000000000       0.0000000000000000        390
  67.814672      60.279368      -0.0000000000000000       0.0000000000000000        468
  70.964757      60.412076      -0.0000000000000000       0.0000000000000000        401
  74.127854      60.543707      -0.0000000000000000       0.0000000000000000        401
  77.304029      60.673854      -0.0000000000000000       0.0000000000000000        401
  80.493302      60.802110      -0.0000000000000000       0.0000000000000000        401
  83.695649      60.928070      -0.0000000000000000       0.0000000000000000        401
  86.910996      61.051330      -0.0000000000000000       0.0000000000000000        401
  90.139218      61.171490      -0.0000000000000000       0.0000000000000000        401
  93.380138      61.288156      -0.0000000000000000       0.0000000000000000        401
  96.633525      61.400941      -0.0000000000000000       0.0000000000000000        401
  99.899093      61.509466      -0.0000000000000000       0.0000000000000000        401
  103.176496      61.613361      -0.0000000000000000       0.0000000000000000        401
  106.465335      61.712270      -0.0000000000000000       0.0000000000000000        401
  109.765153      61.805850      -0.0000000000000000       0.0000000000000000        401
  113.075433      61.893772      -0.0000000000000000       0.0000000000000000        401
  116.395606      61.975725      -0.0000000000000000       0.0000000000000000        401
  119.725047      62.051417      -0.0000000000000000       0.0000000000000000        401
  123.063078      62.120575      -0.0000000000000000       0.0000000000000000        401
  126.408972      62.182948      -0.0000000000000000       0.0000000000000000        401
  129.761956      62.238307      -0.0000000000000000       0.0000000000000000        401
  133.121212      62.286450      -0.0000000000000000       0.0000000000000000        401
  136.485886      62.327198      -0.0000000000000000       0.0000000000000000        401
  139.855088      62.360399      -0.0000000000000000       0.0000000000000000      43101
  37.351889      56.379835      -0.0000000000000000       0.0000000000000000        302
  40.393105      56.502239      -0.0000000000000000       0.0000000000000000        302
  43.443906      56.627322      -0.0000000000000000       0.0000000000000000        302
  46.504613      56.754738      -0.0000000000000000       0.0000000000000000        302
  49.575529      56.884131      -0.0000000000000000       0.0000000000000000        302
  52.656936      57.015135      -0.0000000000000000       0.0000000000000000        302
  55.749094      57.147376      -0.0000000000000000       0.0000000000000000        302
  58.852237      57.280473      -0.0000000000000000       0.0000000000000000        302
  61.966575      57.414038      -0.0000000000000000       0.0000000000000000        390
  65.092287      57.547677      -0.0000000000000000       0.0000000000000000        468
  68.229521      57.680992      -0.0000000000000000       0.0000000000000000        468
  71.378394      57.813581      -0.0000000000000000       0.0000000000000000        468
  74.538986      57.945041      -0.0000000000000000       0.0000000000000000        401
  77.711340      58.074967      -0.0000000000000000       0.0000000000000000        401
  80.895459      58.202955      -0.0000000000000000       0.0000000000000000        401
  84.091305      58.328600      -0.0000000000000000       0.0000000000000000        401
  87.298796      58.451504      -0.0000000000000000       0.0000000000000000        401
  90.517806      58.571270      -0.0000000000000000       0.0000000000000000        401
  93.748160      58.687509      -0.0000000000000000       0.0000000000000000        401
  96.989639      58.799838      -0.0000000000000000       0.0000000000000000        401
  100.241972      58.907885      -0.0000000000000000       0.0000000000000000        401
  103.504840      59.011286      -0.0000000000000000       0.0000000000000000        401
  106.777874      59.109690      -0.0000000000000000       0.0000000000000000        401
  110.060657      59.202762      -0.0000000000000000       0.0000000000000000        401
  113.352720      59.290180      -0.0000000000000000       0.0000000000000000        401
  116.653549      59.371639      -0.0000000000000000       0.0000000000000000        401
  119.962581      59.446854      -0.0000000000000000       0.0000000000000000        401
  123.279210      59.515559      -0.0000000000000000       0.0000000000000000        401
  126.602788      59.577508      -0.0000000000000000       0.0000000000000000        401
  129.932625      59.632481      -0.0000000000000000       0.0000000000000000        401
  133.267997      59.680278      -0.0000000000000000       0.0000000000000000        401
  136.608146      59.720726      -0.0000000000000000       0.0000000000000000      43101
  139.952286      59.753680      -0.0000000000000000       0.0000000000000000      43400
  37.668371      53.778987      -0.0000000000000000       0.0000000000000000        302
  40.717994      53.901689      -0.0000000000000000       0.0000000000000000        302
  43.776375      54.027040      -0.0000000000000000       0.0000000000000000        302
  46.843801      54.154691      -0.0000000000000000       0.0000000000000000        302
  49.920538      54.284282      -0.0000000000000000       0.0000000000000000        302
  53.006836      54.415444      -0.0000000000000000       0.0000000000000000        302
  56.102920      54.547802      -0.0000000000000000       0.0000000000000000        302
  59.208996      54.680972      -0.0000000000000000       0.0000000000000000        302
  62.325241      54.814565      -0.0000000000000000       0.0000000000000000        390
  65.451810      54.948187      -0.0000000000000000       0.0000000000000000        468
  68.588825      55.081439      -0.0000000000000000       0.0000000000000000        468
  71.736381      55.213921      -0.0000000000000000       0.0000000000000000        468
  74.894538      55.345228      -0.0000000000000000       0.0000000000000000        401
  78.063324      55.474958      -0.0000000000000000       0.0000000000000000          0
  81.242730      55.602708      -0.1584700583252176       0.0172763528609466          0
  84.432709      55.728077      -0.2668765191692503       0.0400301047036743          0
  87.633177      55.850669      -0.2795654250207759       0.0535555006818745          0
  90.844008      55.970091      -0.1976925356535236       0.0462269228892256          0
  94.065034      56.085958      -0.0383224882180783       0.0106114152137528          0
  97.296048      56.197891      -0.0000000000000000       0.0000000000000000        401
  100.536796      56.305524      -0.0000000000000000       0.0000000000000000        401
  103.786983      56.408497      -0.0000000000000000       0.0000000000000000        401
  107.046269      56.506466      -0.0000000000000000       0.0000000000000000        401
  110.314272      56.599100      -0.0000000000000000       0.0000000000000000          0
  113.590567      56.686083      -0.0004858419106043       0.0261720382424270          0
  116.874686      56.767117       0.0026949402408019       0.0770665089316813          0
  120.166122      56.841922       0.0105847235295569       0.1108185594320022          0
  123.464329      56.910238       0.0233110463515723       0.1306140152426566          0
  126.768724      56.971824       0.0384809762615791       0.1368673124076839          0
  130.078691      57.026464       0.0531132557607198       0.1299133130040777          0
  133.393581      57.073965       0.0651382099577411       0.1182915607420485          0
  136.712719      57.114158       0.0691182363082927       0.1041038499479847          0
  140.035404      57.146899       0.0560230510079748       0.0765029673427717          0
  37.947886      51.177402      -0.0000000000000000       0.0000000000000000        302
  41.004776      51.300365      -0.0000000000000000       0.0000000000000000        302
  44.069683      51.425949      -0.0000000000000000       0.0000000000000000        302
  47.142863      51.553803      -0.0000000000000000       0.0000000000000000        302
  50.224552      51.683564      -0.0000000000000000       0.0000000000000000        302
  53.314971      51.814862      -0.0000000000000000       0.0000000000000000        302
  56.414321      51.947319      -0.0000000000000000       0.0000000000000000        302
  59.522780      52.080549      -0.0000000000000000       0.0000000000000000        390
  62.640503      52.214163      -0.0000000000000000       0.0000000000000000        390
  65.767622      52.347766      -0.0000000000000000       0.0000000000000000        465
  68.904240      52.480959      -0.0000000000000000       0.0000000000000000        458
  72.050435      52.613341      -0.0000000000000000       0.0000000000000000        459
  75.206253      52.744510      -0.1840013753410212       0.0060237931880738          0
  78.371710      52.874064      -0.6050971943903872       0.0436728712379386          0
  81.546789      53.001602      -0.8712020632379967       0.0977176812615508          0
  84.731440      53.126726      -0.9892109037873674       0.1510585793472056          0
  87.925577      53.249041      -0.9833708485328629       0.1906105084473850          0
  91.129079      53.368159      -0.8697876913380211       0.2049181001674074          0
  94.341785      53.483698      -0.6491204873604110       0.1804817468684038          0
  97.563500      53.595283      -0.3459596300549417       0.1111449317502462          0
  100.793988      53.702552      -0.0000000000000000       0.0000000000000000        401
  104.032975      53.805150      -0.0000000000000000       0.0000000000000000        401
  107.280150      53.902737      -0.0000000000000000       0.0000000000000000        401
  110.535162      53.994988      -0.0098115632280377       0.1199767853236369          0
  113.797624      54.081592      -0.0048854249401574       0.2195879730540440          0
  117.067109      54.162255       0.0115975047574722       0.2845237573398565          0
  120.343160      54.236702       0.0378082509266236       0.3253796224808448          0
  123.625281      54.304678       0.0701967966795465       0.3499704346662570          0
  126.912948      54.365948       0.1069889770900069       0.3645160349867302          0
  130.205605      54.420300       0.1461864459572039       0.3689242883146738          0
  133.502670      54.467544       0.1885278433985629       0.3677602640967306          0
  136.803535      54.507514       0.2349330914696029       0.3704238736564323          0
  140.107574      54.540071       0.2822486029774600       0.3818151782745275          0
  38.197519      48.575223      -0.0000000000000000       0.0000000000000000        302
  41.260774      48.698415      -0.0000000000000000       0.0000000000000000        302
  44.331375      48.824205      -0.0000000000000000       0.0000000000000000        302
  47.409550      48.952238      -0.0000000000000000       0.0000000000000000        302
  50.495511      49.082148      -0.0000000000000000       0.0000000000000000        302
  53.589457      49.213563      -0.0000000000000000       0.0000000000000000        302
  56.691563      49.346104      -0.0000000000000000       0.0000000000000000        302
  59.801988      49.479385      -0.0000000000000000       0.0000000000000000        390
  62.920868      49.613014      -0.0000000000000000       0.0000000000000000        466
  66.048316      49.746596      -0.0000000000000000       0.0000000000000000        458
  69.184421      49.879733      -0.0000000000000000       0.0000000000000000        459
  72.329247      50.012023      -0.2346406460903497      -0.0004082417840790          0
  75.482829      50.143067      -0.8999156733236817       0.0329005777626669          0
  78.645176      50.272461      -1.3816986829459061       0.1042522336650965          0
  81.816266      50.399809      -1.6816269958914629       0.1934468437719535          0
  84.996046      50.524712      -1.7990774610809814       0.2792878633446502          0
  88.184432      50.646780      -1.7617043678349904       0.3453240907873800          0
  91.381307      50.765627      -1.5972560678116372       0.3790558567140969          0
  94.586521      50.880873      -1.3227479682894274       0.3692570628583891          0
  97.799890      50.992148      -0.9515512301635727       0.3295335424630480          0
  101.021195      51.099093      -0.5273660786348731       0.2694876507729081          0
  104.250184      51.201358      -0.1769671704172058       0.2416219978988989          0
  107.486569      51.298607      -0.0498874603205667       0.2860270497868187          0
  110.730029      51.390519      -0.0361980626476562       0.3816151724436491          0
  113.980210      51.476787      -0.0125011689359865       0.4637264947366353          0
  117.236726      51.557122       0.0225035669058567       0.5207086688073151          0
  120.499157      51.631254       0.0668477325536416       0.5586522843096856          0
  123.767058      51.698930       0.1175238112107071       0.5812292522864849          0
  127.039951      51.759922       0.1730644125132127       0.5925903293220856          0
  130.317335      51.814019       0.2325452920535340       0.5954355742986783          0
  133.598684      51.861036       0.2981312489688722       0.5957448754713379          0
  136.883452      51.900810       0.3740709426464329       0.6043154016673753          0
  140.171072      51.933204       0.4655016287084381       0.6344507435852337          0
  38.422693      45.972557      -0.0000000000000000       0.0000000000000000        302
  41.491590      46.095955      -0.0000000000000000       0.0000000000000000        301
  44.567217      46.221928      -0.0000000000000000       0.0000000000000000        301
  47.649782      46.350118      -0.0000000000000000       0.0000000000000000        302
  50.739477      46.480160      -0.0000000000000000       0.0000000000000000        302
  53.836477      46.611678      -0.0000000000000000       0.0000000000000000        302
  56.940942      46.744293      -0.0000000000000000       0.0000000000000000        302
  60.053010      46.877616      -0.0000000000000000       0.0000000000000000        390
  63.172803      47.011256      -0.0000000000000000       0.0000000000000000        466
  66.300419      47.144817      -0.0000000000000000       0.0000000000000000        458
  69.435934      47.277901      -0.0000000000000000       0.0000000000000000        459
  72.579403      47.410107      -0.9510318842901984       0.0032567535018492          0
  75.730852      47.541034      -1.7166069064479699       0.0694831219689711          0
  78.890285      47.670284      -2.2601101711510356       0.1776071504496447          0
  82.057677      47.797458      -2.5857660411510208       0.3044515848423692          0
  85.232975      47.922161      -2.6846509356659451       0.4233864075304991          0
  88.416097      48.044006      -2.5968847814640235       0.5147904049133881          0
  91.606934      48.162607      -2.3668239396878601       0.5659506673041943          0
  94.805343      48.277590      -2.0016548982798055       0.5910849523523293          0
  98.011152      48.388587      -1.5283359423852509       0.6138612066789366          0
  101.224161      48.495241      -0.9974826870100637       0.6192315721497161          0
  104.444134      48.597207      -0.5082663578913338       0.6218353186879508          0
  107.670809      48.694153      -0.1861094952422620       0.6311891570336208          0
  110.903891      48.785761      -0.0684178568142745       0.6753746087966452          0
  114.143056      48.871729      -0.0225450131057254       0.7335527056859978          0
  117.387951      48.951771       0.0316343811027771       0.7751993584891272          0
  120.638196      49.025621       0.0938328054595280       0.8031962138514707          0
  123.893384      49.093030       0.1615144638793325       0.8166670894498818          0
  127.153084      49.153773       0.2338580790071224       0.8181467836800520          0
  130.416839      49.207643       0.3104715346919648       0.8105191548328328          0
  133.684175      49.254458       0.3936180798869962       0.7986180452479915          0
  136.954596      49.294058       0.4886385495158659       0.7964119335858360          0
  140.227593      49.326308       0.6067475647523881       0.8271355740018966          0
  38.627640      43.369488      -0.0000000000000000       0.0000000000000000        551
  41.701586      43.493071      -0.0000000000000000       0.0000000000000000        301
  44.781698      43.619209      -0.0000000000000000       0.0000000000000000        301
  47.868164      43.747541      -0.0000000000000000       0.0000000000000000        301
  50.961157      43.877701      -0.0000000000000000       0.0000000000000000        301
  54.060835      44.009311      -0.0000000000000000       0.0000000000000000        301
  57.167340      44.141990      -0.0000000000000000       0.0000000000000000        301
  60.280797      44.275350      -0.0000000000000000       0.0000000000000000        390
  63.401314      44.408998      -0.0000000000000000       0.0000000000000000        466
  66.528977      44.542537      -0.0000000000000000       0.0000000000000000        466
  69.663853      44.675571      -0.6720634227901804      -0.0134337426239511          0
  72.805988      44.807697      -1.8319402987270355       0.0192282220744147          0
  75.955402      44.938518      -2.7149358784758419       0.1205904730940000          0
  79.112096      45.067634      -3.2799467362975898       0.2680076100267727          0
  82.276042      45.194649      -3.6067667961010192       0.4341453972674089          0
  85.447190      45.319170      -3.6217076290463250       0.5802637651046376          0
  88.625461      45.440811      -3.4512756726658944       0.6923383198113527          0
  91.810751      45.559189      -3.1380983415954331       0.7564595641481436          0
  95.002929      45.673933      -2.6604997225693436       0.8324015307364385          0
  98.201835      45.784676      -2.0665346131504840       0.9178209451862620          0
  101.407282      45.891067      -1.4306310732218162       0.9738157269071623          0
  104.619055      45.992763      -0.8041117926924453       0.9967079240292958          0
  107.836912      46.089435      -0.3294494810365673       0.9858000074986512          0
  111.060583      46.180768      -0.1065231790396354       0.9860895580791015          0
  114.289772      46.266464      -0.0352994126065388       1.0165413823984579          0
  117.524156      46.346242       0.0385098912294433       1.0384775758416702          0
  120.763390      46.419837       0.1174405616214215       1.0530985119208844          0
  124.007102      46.487006       0.2009733818501974       1.0546433699511830          0
  127.254900      46.547525       0.2882030118349139       1.0413931112701644          0
  130.506371      46.601191       0.3792706814898549       1.0157161385828311          0
  133.761084      46.647824       0.4753761266250224       0.9782172960727680          0
  137.018590      46.687267       0.5791713699101095       0.9422011926390717          0
  140.278425      46.719387       0.7017750741147846       0.9366763960517296          0
  38.815707      40.766084      -0.0000000000000000       0.0000000000000000        526
  41.894215      40.889836      -0.0000000000000000       0.0000000000000000        526
  44.978368      41.016123      -0.0000000000000000       0.0000000000000000        526
  48.068334      41.144584      -0.0000000000000000       0.0000000000000000        301
  51.164269      41.274849      -0.0000000000000000       0.0000000000000000        301
  54.266318      41.406542      -0.0000000000000000       0.0000000000000000        301
  57.374608      41.539278      -0.0000000000000000       0.0000000000000000        301
  60.489252      41.672669      -0.0000000000000000       0.0000000000000000        301
  63.610344      41.806322      -0.0000000000000000       0.0000000000000000        467
  66.737963      41.939841      -0.0000000000000000       0.0000000000000000        466
  69.872168      42.072826      -1.4324769445823484       0.1293074696656364          0
  73.012995      42.204879      -2.7523502147963201       0.1889256580881379          0
  76.160465      42.335600      -3.7826296830094623       0.1849736649763868        580
  79.314573      42.464592      -3.7840899267994406       0.3248431165213638        580
  82.475292      42.591460      -3.7740525576661117       0.4655398923133836        580
  85.642573      42.715814      -3.7524764250657627       0.6066102166265629        580
  88.816344      42.837267      -3.7193569182691659       0.7475877124179516        580
  91.996505      42.955441      -3.6747269221202430       0.8879952007978295        580
  95.182936      43.069965      -3.2389876631180594       1.0737623033320676          0
  98.375488      43.180477      -2.5766904509653807       1.2136380258804909          0
  101.573989      43.286627      -1.8755986777034372       1.3068884791440931          0
  104.778242      43.388076      -1.1359365724321677       1.3510767947676450          0
  107.988024      43.484497      -0.4349278124053315       1.3456883924812428          0
  111.203089      43.575580      -0.1531311495868025       1.3186700497373414          0
  114.423165      43.661029      -0.0521705239300112       1.3094059071916206          0
  117.647959      43.740566       0.0435645651161872       1.3070722613908785          0
  120.877155      43.813930       0.1380300859872668       1.3020575331999233          0
  124.110414      43.880880       0.2357188061936563       1.2925175363645220          0
  127.347381      43.941195       0.3367360095492539       1.2682308610438504          0
  130.587679      43.994675       0.4401217072245782       1.2177026441611494          0
  133.830917      44.041142       0.5417728604724508       1.1320614740659305          0
  137.076687      44.080443       0.6325013784062634       0.9821034390785997          0
  140.324569      44.112445      -0.0000000000000000       0.0000000000000000          0
  38.989584      38.162398      -2.1968728053686823       0.0007517150931960        503
  42.072251      38.286303      -2.3746106895565178       0.0677125267334575        503
  45.160075      38.412727      -0.0000000000000000       0.0000000000000000        526
  48.253208      38.541306      -0.0000000000000000       0.0000000000000000        505
  51.351794      38.671668      -0.0000000000000000       0.0000000000000000        301
  54.455961      38.803435      -0.0000000000000000       0.0000000000000000        301
  57.565827      38.936222      -0.0000000000000000       0.0000000000000000        301
  60.681492      39.069641      -0.0000000000000000       0.0000000000000000        301
  63.803042      39.203297      -0.0000000000000000       0.0000000000000000        301
  66.930547      39.336794      -0.5983494602279966       0.0852759715539506          0
  70.064058      39.469734      -2.4634967155323988       0.4059805766075986          0
  73.203610      39.601717      -3.5827652333616973       0.6565556127555375        501
  76.349216      39.732346      -3.7670906830508373       0.2970316091762034          0
  79.500873      39.861223      -3.7838174629973196       0.3411166295928481        580
  82.658554      39.987954      -3.7731179382229643       0.4745985457235922        580
  85.822212      40.112152      -3.7509083561451781       0.6084461713304226        580
  88.991780      40.233431      -3.7519755894887559       0.8233070089658016          0
  92.167167      40.351416      -3.7973819960875996       1.0457310870187704          0
  95.348260      40.465738      -3.6204302317479033       1.2898150309656327          0
  98.534923      40.576037      -3.0673392111194095       1.4765738161484532          0
  101.726997      40.681965      -2.3116928969262807       1.5679056345705105          0
  104.924302      40.783186      -1.4484104273259613       1.5683313586454770          0
  108.126634      40.879377      -0.6121751180533290       1.5042507101264528          0
  111.333768      40.970230      -0.1678959714286782       1.4171898508517879          0
  114.545455      41.055452      -0.0604583232824784       1.4370187374080194          0
  117.761429      41.134768       0.0481313978055081       1.4554911962568886          0
  120.981400      41.207919       0.1579209211315189       1.4699995874559089          0
  124.205062      41.274668       0.2687735374957092       1.4774373302159001          0
  127.432089      41.334796       0.3798133507261709       1.4769786897549266          0
  130.662141      41.388106       0.4897111708596964       1.4559567800521367          0
  133.894860      41.434422       0.5706040270082485       1.1747841897600670          0
  137.129877      41.473592      -0.0000000000000000       0.0000000000000000          0
  140.366811      41.505486      -0.0000000000000000       0.0000000000000000          0
  39.151462      35.558472      -2.2063689757057192       0.1987847206025389        503
  42.237949      35.682521      -2.3839742188540392       0.2616753465012314        503
  45.329134      35.809071      -2.5549173623971617       0.3304347379804759        503
  48.425157      35.937757      -0.0000000000000000       0.0000000000000000        505
  51.526149      36.068208      -0.0000000000000000       0.0000000000000000        505
  54.632227      36.200043      -0.0000000000000000       0.0000000000000000        505
  57.743495      36.332877      -0.0000000000000000       0.0000000000000000        505
  60.860047      36.466320      -0.0000000000000000       0.0000000000000000        301
  63.981959      36.599978      -0.0000000000000000       0.0000000000000000        301
  67.109294      36.733454      -1.3494195773752429       0.3263243918831408          0
  70.242099      36.866350      -3.4476928760012280       0.7288911660396638        501
  73.380403      36.998267      -3.5905294106092032       0.8358776127115275        501
  76.524220      37.128808      -3.7228187233611996       0.9484174299058374        501
  79.673543      37.257577      -3.8236737225243673       0.9679539162716618          0
  82.828350      37.384181      -3.8388609775951226       0.8268516382910498          0
  85.988595      37.508233      -3.8746425570461609       0.9887066570661641          0
  89.154217      37.629351      -3.9013563639372184       1.1484997494661224          0
  92.325131      37.747160      -3.9561026547396057       1.3136834124918457          0
  95.501234      37.861293      -3.9631907107512974       1.5143417005778217          0
  98.682402      37.971393      -3.5839754405094633       1.7008513995838745          0
  101.868489      38.077116      -2.6868788773463925       1.7039350934998054          0
  105.059330      38.178126      -1.6180964488439560       1.5624286217023589          0
  108.254740      38.274104      -0.6524184661564912       1.3390783628083369          0
  111.454512      38.364744      -0.1369825890115999       1.1933167825107376          0
  114.658420      38.449755      -0.0349587373652667       1.2171397251099219          0
  117.866222      38.528866       0.0662962020910144       1.2429908291162362          0
  121.077654      38.601822       0.1694599275415643       1.2609049678923889          0
  124.292436      38.668385       0.2737482463065978       1.2543867655356546          0
  127.510274      38.728340       0.3765260610260186       1.2150482487274958          0
  130.730858      38.781493       0.4737775288845647       1.1323707172365907          0
  133.953862      38.827670       0.5498287002709450       0.8983121865526813          0
  137.178952      38.866719      -0.0000000000000000       0.0000000000000000          0
  140.405781      38.898513      -0.0000000000000000       0.0000000000000000          0
  39.303146      32.954344      -2.2152511513632569       0.3957626192593255        503
  42.393166      33.078526      -2.3927274164422423       0.4543812905612963        503
  45.487452      33.205193      -2.5634763954730202       0.5185185195619837        503
  48.586133      33.333980      -0.0000000000000000       0.0000000000000000        505
  51.689326      33.464512      -0.0000000000000000       0.0000000000000000        505
  54.797138      33.596409      -0.0000000000000000       0.0000000000000000        505
  57.909665      33.729286      -0.0000000000000000       0.0000000000000000        505
  61.026992      33.862750      -0.0000000000000000       0.0000000000000000        506
  64.149187      33.996408      -0.0000000000000000       0.0000000000000000        506
  67.276308      34.129863      -0.0000000000000000       0.0000000000000000      50601
  70.408398      34.262717      -3.4555251733825170       0.9121145054194667        501
  73.545483      34.394572      -3.5977482954572357       1.0122850006715194        501
  76.687575      34.525030      -3.7293896109355948       1.1177024846224553        501
  79.834668      34.653697      -3.8500004986816894       1.2280965336103780        501
  82.986741      34.780181      -3.9591619667043858       1.3431706296186743        501
  86.143753      34.904097      -4.0156552675933401       1.3898622444014910          0
  89.305648      35.025063      -4.0473686762050685       1.4703191215959581          0
  92.472347      35.142707      -4.1028649999738995       1.5936030491150159          0
  95.643758      35.256663      -4.1864648504695845       1.7549883065000156          0
  98.819767      35.366579      -4.2072568826221381       1.9454674812883948          0
  102.000241      35.472109      -2.9347387848851509       1.7479981775678797          0
  105.185030      35.572922      -1.5364871547562760       1.3946051752446866          0
  108.373965      35.668701      -0.4820187802360185       1.0661635863130501          0
  111.566859      35.759142      -0.1036165357163061       0.9690013337280093          0
  114.763506      35.843958      -0.0110637459145337       1.0014525586366751          0
  117.963685      35.922878       0.0831444084225758       1.0357249436097580          0
  121.167157      35.995651       0.1802028119052427       1.0534201220449071          0
  124.373669      36.062041       0.2783317553468035       1.0401486005989462          0
  127.582952      36.121836       0.3745189924836275       0.9956104635854766          0
  130.794725      36.174843       0.4646035516330958       0.9033806507740082          0
  134.008693      36.220889      -0.0000000000000000       0.0000000000000000          0
  137.224553      36.259826      -0.0000000000000000       0.0000000000000000          0
  140.441989      36.291528      -0.0000000000000000       0.0000000000000000          0
  39.446141      30.350044      -2.2236103175629252       0.5913310373456588        503
  42.539451      30.474349      -2.4009608453248026       0.6454914230012521        503
  45.636618      30.601126      -2.5715227040112891       0.7048100319932400        503
  48.737758      30.730006      -2.7347764808225512       0.7691999979031261        503
  51.842979      30.860615      -2.8902194114369770       0.8385560761975643        503
  54.952378      30.992570      -0.0000000000000000       0.0000000000000000        505
  58.066043      31.125485      -0.0000000000000000       0.0000000000000000        505
  61.184049      31.258969      -0.0000000000000000       0.0000000000000000      50601
  64.306463      31.392626      -0.0000000000000000       0.0000000000000000      50601
  67.433334      31.526060      -0.0000000000000000       0.0000000000000000      50601
  70.564703      31.658874      -3.4628602612640078       1.0924114215729934        501
  73.700594      31.790668      -3.6045040627302214       1.1855198307788601        501
  76.841019      31.921048      -3.7355342182554825       1.2835650942287840        501
  79.985971      32.049618      -3.8555093159865761       1.3862966012329205        501
  83.135433      32.175989      -3.9640179648600520       1.4934388140300157        501
  86.289367      32.299775      -4.0606806584514583       1.6046916018314956        501
  89.447722      32.420598      -4.1451515916757700       1.7197307828783064        501
  92.610428      32.538087      -4.2171204168724445       1.8382088807543895        501
  95.777401      32.651877      -4.2763139249002311       1.9597560989213170        501
  98.948538      32.761618      -4.4612215230781365       2.3537879446082268        607
  102.123719      32.866967      -2.2307821752623562       1.3935969054465687          0
  105.302807      32.967596      -0.9751395133522527       1.0165622729728840          0
  108.485649      33.063188      -0.1628743352666329       0.7390313779528653          0
  111.672076      33.153442      -0.0737734831370514       0.7457084521684548          0
  114.861902      33.238075       0.0111482300526021       0.7883313422241223          0
  118.054926      33.316816       0.0982625579473835       0.8357416149595598          0
  121.250931      33.389417       0.1896465716975734       0.8589370928736818          0
  124.449689      33.455646       0.2824955650369215       0.8469553963639815          0
  127.650956      33.515291       0.3736983756049340       0.8106680503150652          0
  130.854477      33.568161       0.4605774203803619       0.7429668297650177          0
  134.059986      33.614086      -0.0000000000000000       0.0000000000000000          0
  137.267206      33.652918      -0.0000000000000000       0.0000000000000000          0
  140.475855      33.684533      -0.0000000000000000       0.0000000000000000          0
  39.581717      27.745595      -2.2315229803756607       0.7851295204316905        503
  42.678110      27.870018      -2.4087505840089376       0.8346599764153205        503
  45.777969      27.996898      -2.5791313885519100       0.8889789254834906        503
  48.881400      28.125866      -2.7421477448475340       0.9480120576889641        503
  51.988501      28.256546      -2.8972993199470185       1.0116677173660775        503
  55.099361      28.388555      -3.0441046740402027       1.0798361720711709        503
  58.214060      28.521506      -0.0000000000000000       0.0000000000000000        505
  61.332669      28.655006      -0.0000000000000000       0.0000000000000000        505
  64.455245      28.788662      -0.0000000000000000       0.0000000000000000      50601
  67.581837      28.922076      -0.0000000000000000       0.0000000000000000          0
  70.712481      29.054850      -3.4697714755649596       1.2694934547348720        501
  73.847201      29.186587      -3.6108651218536378       1.3553122559095361        501
  76.986007      29.316891      -3.7413156167726376       1.4457541063353900        501
  80.128896      29.445369      -3.8606883941085024       1.5405891385678467        501
  83.275851      29.571632      -3.9685792622479572       1.6395636981166692        501
  86.426840      29.695296      -4.0646161846129356       1.7424006473496025        501
  89.581817      29.815983      -4.1484610072532657       1.8487998708337976        501
  92.740720      29.933324      -4.2198111211104701       1.9584389876337391        501
  95.903473      30.046958      -4.4893472492965500       2.2672672609403404        607
  99.069983      30.156534      -4.4598379073150944       2.3899238422459090       7250
  102.240143      30.261712      -1.1236241503745199       0.9206472815661011          0
  105.413830      30.362165      -0.2489212011157460       0.6531849118292081          0
  108.590906      30.457581      -0.1627212455696425       0.6597803204043408          0
  111.771218      30.547659      -0.0729696898338250       0.6684405384767865          0
  114.954598      30.632118       0.0178866885786690       0.6760428401183294          0
  118.140866      30.710692       0.1084517435938747       0.6800530166401488          0
  121.329825      30.783131       0.1975585845369540       0.6798080404002773          0
  124.521270      30.849207       0.2859589935353607       0.6810814557631124          0
  127.714979      30.908711       0.3738610439726333       0.6680476069046217          0
  130.910724      30.961451      -0.0000000000000000       0.0000000000000000          0
  134.108264      31.007262      -0.0000000000000000       0.0000000000000000          0
  137.307350      31.045996      -0.0000000000000000       0.0000000000000000          0
  140.507725      31.077529      -0.0000000000000000       0.0000000000000000          0
  39.710956      25.141021      -0.0000000000000000       0.0000000000000000          0
  42.810255      25.265555      -2.4161612566121211       1.0215368956552651        503
  45.912645      25.392532      -2.5863661793383468       1.0706900173852638        503
  49.018223      25.521583      -2.7491530658699515       1.1241922783318332        503
  52.127078      25.652330      -2.9040239767949334       1.1819664105773133        503
  55.239292      25.784389      -3.0505004825270481       1.2439181073614720        503
  58.354938      25.917373      -0.0000000000000000       0.0000000000000000      50602
  61.474080      26.050890      -0.0000000000000000       0.0000000000000000      50602
  64.596772      26.184543      -0.0000000000000000       0.0000000000000000      50602
  67.723059      26.317937      -0.0000000000000000       0.0000000000000000          0
  70.852975      26.450673      -3.4763206335269663       1.4430645256763932        501
  73.986543      26.582354      -3.6168890671986711       1.5213845806151474        501
  77.123774      26.712586      -3.7467868383353968       1.6040103911619525        501
  80.264665      26.840975      -3.8655859143125482       1.6907336741773458        501
  83.409203      26.967135      -3.9728889586237766       1.7813234752381379        501
  86.557361      27.090682      -4.0683310315939956       1.8755264362194128        501
  89.709098      27.211239      -4.1515812332572803       1.9730672581604713        501
  92.864360      27.328440      -0.0000000000000000       0.0000000000000000          0
  96.023079      27.441924      -4.4884812991482281       2.3073157261613595        607
  99.185173      27.551343      -4.4585070441753114       2.4201512501824407       7250
  102.350546      27.656359      -0.4522481320351350       0.5771619318003254          0
  105.519088      27.756646      -0.2483633246859258       0.5631756125308369          0
  108.690677      27.851894      -0.1634137809251212       0.5811788725605668          0
  111.865173      27.941805      -0.0728972414694681       0.5941859133122289          0
  115.042429      28.026100       0.0189311651896552       0.6039109407689706          0
  118.222280      28.104513       0.1105248058555638       0.6101637665357975          0
  121.404553      28.176800       0.1996770752651884       0.6098332205506681          0
  124.589060      28.242731       0.2879651452113404       0.6054353490545255          0
  127.775605      28.302101       0.3756601165655431       0.5987693573264583          0
  130.963981      28.354719      -0.0000000000000000       0.0000000000000000          0
  134.153971      28.400421      -0.0000000000000000       0.0000000000000000          0
  137.345352      28.439061      -0.0000000000000000       0.0000000000000000          0
  140.537893      28.470517      -0.0000000000000000       0.0000000000000000          0
  39.834793      22.536339      -0.0000000000000000       0.0000000000000000          0
  42.936845      22.660979      -2.4232483650813377       1.2057699742274295        503
  46.041628      22.788049      -2.5932817560271708       1.2496055652607636        503
  49.149230      22.917178      -2.7558458993922454       1.2974180817190319        503
  52.259731      23.047988      -2.9104452184040359       1.3491453696896130        503
  55.373206      23.180096      -3.0566042338146824       1.4047092894690421        503
  58.489723      23.313111      -0.0000000000000000       0.0000000000000000      50602
  61.609339      23.446641      -0.0000000000000000       0.0000000000000000      50602
  64.732107      23.580292      -0.0000000000000000       0.0000000000000000          0
  67.858067      23.713665      -0.0000000000000000       0.0000000000000000          0
  70.987252      23.846364      -0.0000000000000000       0.0000000000000000          0
  74.119684      23.977992      -3.6226249245628170       1.6834545131320502        501
  77.255374      24.108153      -3.7519929669800827       1.7580701796144249        501
  80.394324      24.236458      -3.8702427804983817       1.8364851441917458        501
  83.536522      24.362518      -3.9769835887329705       1.9184918885272917        501
  86.681946      24.485953      -4.0718572293671098       2.0038615426175324        501
  89.830561      24.606386      -0.0000000000000000       0.0000000000000000          0
  92.982320      24.723452      -0.0000000000000000       0.0000000000000000          0
  96.137164      24.836793      -0.0000000000000000       0.0000000000000000          0
  99.295021      24.946062      -4.4572211142133442       2.4444776518979037       7250
  102.455806      25.050922      -0.3159376478217466       0.4366938470539789          0
  105.619423      25.151051      -0.2521819973995278       0.4811380875899668          0
  108.785761      25.246138      -0.1659337688328088       0.5049486075892432          0
  111.954700      25.335891      -0.0733621524874447       0.5216451806456136          0
  115.126105      25.420028       0.0200530812644780       0.5334235367723448          0
  118.299831      25.498289       0.1125488022867702       0.5409933623229966          0
  121.475723      25.570430       0.2017109203762277       0.5414821774848219          0
  124.653615      25.636224       0.2899229581860233       0.5383482362278753          0
  127.833330      25.695465      -0.0000000000000000       0.0000000000000000          0
  131.014683      25.747967      -0.0000000000000000       0.0000000000000000          0
  134.197482      25.793566      -0.0000000000000000       0.0000000000000000          0
  137.381525      25.832117      -0.0000000000000000       0.0000000000000000          0
  140.566607      25.863499      -0.0000000000000000       0.0000000000000000          0
  39.954040      19.931566      -0.0000000000000000       0.0000000000000000          0
  43.058716      20.056307      -0.0000000000000000       0.0000000000000000          0
  46.165774      20.183466      -2.5999255553572653       1.4253871931608166        503
  49.275293      20.312670      -2.7622725706342726       1.4673659715333014        503
  52.387347      20.443541      -2.9166079166273979       1.5128966355555153        503
  55.502004      20.575693      -0.0000000000000000       0.0000000000000000          0
  58.619325      20.708738      -0.0000000000000000       0.0000000000000000          0
  61.739366      20.842281      -0.0000000000000000       0.0000000000000000          0
  64.862173      20.975928      -0.0000000000000000       0.0000000000000000          0
  67.987786      21.109281      -0.0000000000000000       0.0000000000000000          0
  71.116235      21.241943      -0.0000000000000000       0.0000000000000000          0
  74.247544      21.373519      -0.0000000000000000       0.0000000000000000          0
  77.381724      21.503613      -3.7569727513206086       1.9076677726625753        501
  80.518779      21.631835      -3.8746940993634569       1.9775966434620265        501
  83.658701      21.757800      -3.9808944613546373       2.0508410081867732        501
  86.801473      21.881125      -0.0000000000000000       0.0000000000000000          0
  89.947065      22.001439      -0.0000000000000000       0.0000000000000000          0
  93.095439      22.118376      -0.0000000000000000       0.0000000000000000          0
  96.246543      22.231579      -0.0000000000000000       0.0000000000000000          0
  99.400315      22.340703      -4.4559731136107787       2.4629110720944256       7250
  102.556682      22.445414      -0.3148924905928865       0.3903680870423770      60401
  105.715559      22.545390      -0.2611467104863567       0.4031966360924704          0
  108.876850      22.640325      -0.1712504086700965       0.4324618254779126          0
  112.040449      22.729924      -0.0738987831837953       0.4520772260244832          0
  115.206237      22.813911       0.0220555738385845       0.4656379948525349          0
  118.374086      22.892026       0.1150733527506763       0.4732966657330867          0
  121.543859      22.964027       0.2036241543288063       0.4735701054723436          0
  124.715409      23.029689      -0.0000000000000000       0.0000000000000000          0
  127.888580      23.088808      -6.3834652469935582       3.4070926563762947        678
  131.063207      23.141199      -0.0000000000000000       0.0000000000000000          0
  134.239119      23.186698      -0.0000000000000000       0.0000000000000000          0
  137.416138      23.225165      -0.0000000000000000       0.0000000000000000          0
  140.594080      23.256476      -0.0000000000000000       0.0000000000000000          0
  40.069417      17.326716      -1.2083795246429787       0.3267254563385556        715
  43.176605      17.451555      -0.0000000000000000       0.0000000000000000          0
  46.285836      17.578799      -2.6063391988910283       1.5976975503312687        503
  49.397181      17.708075      -2.7684736808840098       1.6337132613419489        503
  52.510707      17.839003      -0.0000000000000000       0.0000000000000000          0
  55.626477      17.971199      -0.0000000000000000       0.0000000000000000          0
  58.744546      18.104271      -0.0000000000000000       0.0000000000000000          0
  61.864965      18.237826      -0.0000000000000000       0.0000000000000000          0
  64.987780      18.371469      -0.0000000000000000       0.0000000000000000          0
  68.113027      18.504802      -0.0000000000000000       0.0000000000000000          0
  71.240737      18.637428      -0.0000000000000000       0.0000000000000000          0
  74.370931      18.768952      -0.0000000000000000       0.0000000000000000          0
  77.503625      18.898981      -3.7617598641747469       2.0525377733124288        501
  80.638823      19.027123      -3.8789703348864202       2.1138216801494658        501
  83.776523      19.152994      -3.9846487019165950       2.1781434962832273        501
  86.916710      19.276215      -0.0000000000000000       0.0000000000000000          0
  90.059363      19.396413      -0.0000000000000000       0.0000000000000000          0
  93.204450      19.513225      -0.0000000000000000       0.0000000000000000          0
  96.351927      19.626295      -0.0000000000000000       0.0000000000000000          0
  99.501743      19.735279      -0.3430589077968450       0.2645456279644364        603
  102.653835      19.839846      -0.3132996766706099       0.3512858290316688        604
  105.808130      19.939675      -0.2611222197760152       0.3581985780661495      60405
  108.964546      20.034461      -0.1782477611299863       0.3687347818937931          0
  112.122989      20.123913      -0.0716880604333055       0.3880440724967452          0
  115.283358      20.207755       0.0271540434276758       0.4019425001793501          0
  118.445541      20.285730      -0.0000000000000000       0.0000000000000000          0
  121.609417      20.357596      -0.0000000000000000       0.0000000000000000          0
  124.774857      20.423131      -0.0000000000000000       0.0000000000000000          0
  127.941726      20.482132      -0.0000000000000000       0.0000000000000000          0
  131.109878      20.534416      -6.4372815449670231       3.6499889859506975        678
  134.279163      20.579820      -0.0000000000000000       0.0000000000000000          0
  137.449424      20.618204      -0.0000000000000000       0.0000000000000000          0
  140.620499      20.649449      -0.0000000000000000       0.0000000000000000          0
  40.181565      14.721802      -1.2091700749315011       0.3509068122976305        715
  43.291170      14.846735      -1.3368916554684804       1.1598138078144362        710
  46.402486      14.974061      -0.0000000000000000       0.0000000000000000          0
  49.515579      15.103407      -0.0000000000000000       0.0000000000000000          0
  52.630508      15.234391      -0.0000000000000000       0.0000000000000000          0
  55.747329      15.366627      -0.0000000000000000       0.0000000000000000          0
  58.866096      15.499725      -0.0000000000000000       0.0000000000000000          0
  61.986855      15.633291      -0.0000000000000000       0.0000000000000000          0
  65.109649      15.766929      -0.0000000000000000       0.0000000000000000          0
  68.234512      15.900242      -0.0000000000000000       0.0000000000000000          0
  71.361476      16.032834      -0.0000000000000000       0.0000000000000000          0
  74.490562      16.164308      -0.0000000000000000       0.0000000000000000          0
  77.621787      16.294271      -0.0000000000000000       0.0000000000000000          0
  80.755159      16.422336      -3.8830982208613976       2.2449160470417642        501
  83.890679      16.548116      -3.9882700751423532       2.3001744765226428        501
  87.028338      16.671235      -0.0000000000000000       0.0000000000000000          0
  90.168120      16.791320      -0.0000000000000000       0.0000000000000000          0
  93.310001      16.908010      -0.0000000000000000       0.0000000000000000          0
  96.453946      17.020951      -0.0000000000000000       0.0000000000000000          0
  99.599913      17.129800      -0.3405972597469173       0.1993866037135684        603
  102.747850      17.234227      -0.3117574664755205       0.3114250238072785        604
  105.897694      17.333914      -0.2596283702278411       0.3176497003957047        604
  109.049378      17.428556      -0.2066837196779679       0.3229818541775561      60405
  112.202821      17.517865      -0.0000000000000000       0.0000000000000000          0
  115.357937      17.601567      -0.0000000000000000       0.0000000000000000          0
  118.514630      17.679406      -0.0000000000000000       0.0000000000000000          0
  121.672796      17.751141      -0.0000000000000000       0.0000000000000000          0
  124.832323      17.816553      -0.0000000000000000       0.0000000000000000          0
  127.993094      17.875440      -0.0000000000000000       0.0000000000000000          0
  131.154984      17.927621      -6.4378910085616479       3.7476754542006088        678
  134.317861      17.972933      -0.0000000000000000       0.0000000000000000          0
  137.481589      18.011238      -0.0000000000000000       0.0000000000000000          0
  140.646027      18.042417      -0.0000000000000000       0.0000000000000000          0
  40.291063      12.116835      -1.2099374780513548       0.3741439942706862        715
  43.403004      12.241860      -1.3517735176534733       1.5316871645189560        710
  46.516332      12.369266      -0.0000000000000000       0.0000000000000000          0
  49.631105      12.498678      -1.1691530615759764       0.9808233995530653        709
  52.747376      12.629716      -1.1477680969907229       0.9949505968853281        709
  55.865198      12.761992      -0.0000000000000000       0.0000000000000000          0
  58.984618      12.895115      -0.0000000000000000       0.0000000000000000          0
  62.105681      13.028691      -0.0000000000000000       0.0000000000000000          0
  65.228426      13.162324      -0.0000000000000000       0.0000000000000000          0
  68.352889      13.295617      -0.0000000000000000       0.0000000000000000          0
  71.479098      13.428173      -0.0000000000000000       0.0000000000000000          0
  74.607079      13.559598      -0.0000000000000000       0.0000000000000000          0
  77.736848      13.689498      -0.0000000000000000       0.0000000000000000          0
  80.868416      13.817486      -3.8871014920898364       2.3706393914140529        501
  84.001790      13.943178      -3.9917796429703678       2.4167130938087853        502
  87.136965      14.066196      -0.0000000000000000       0.0000000000000000          0
  90.273932      14.186172      -0.0000000000000000       0.0000000000000000          0
  93.412673      14.302743      -0.0000000000000000       0.0000000000000000          0
  96.553162      14.415557      -0.0000000000000000       0.0000000000000000          0
  99.695367      14.524275      -0.3382027488194444       0.1337582089385982        603
  102.839246      14.628566      -0.3102573881753666       0.2708708450625801        604
  105.984750      14.728114      -0.2581757573178378       0.2764045108361384        604
  109.131820      14.822616      -0.2052896928610093       0.2811721551843479        604
  112.280392      14.911786      -0.0562611063935276       0.2571900319286251        612
  115.430394      14.995352      -0.0000000000000000       0.0000000000000000          0
  118.581744      15.073058      -0.0000000000000000       0.0000000000000000          0
  121.734355      15.144667      -0.0000000000000000       0.0000000000000000          0
  124.888132      15.209959      -0.0000000000000000       0.0000000000000000          0
  128.042976      15.268736      -0.0000000000000000       0.0000000000000000          0
  131.198780      15.320815      -0.0000000000000000       0.0000000000000000          0
  134.355432      15.366039      -0.0000000000000000       0.0000000000000000          0
  137.512815      15.404267      -0.0000000000000000       0.0000000000000000          0
  140.670809      15.435382      -0.0000000000000000       0.0000000000000000          0
  40.398443       9.511826      -1.2120192180121367       0.9397496632363307        709
  43.512652       9.636940      -1.2010314500704935       0.9507592864040051        709
  46.627929       9.764424      -1.1864907976053398       0.9619386523481420        709
  49.744324       9.893902      -1.1684362893654265       0.9732566123475570        709
  52.861886      10.024992      -0.0000000000000000       0.0000000000000000          0
  55.980662      10.157306      -0.0000000000000000       0.0000000000000000          0
  59.100697      10.290453      -0.0000000000000000       0.0000000000000000          0
  62.222031      10.424038      -0.0000000000000000       0.0000000000000000          0
  65.344704      10.557665      -0.0000000000000000       0.0000000000000000          0
  68.468748      10.690938      -0.0000000000000000       0.0000000000000000          0
  71.594194      10.823459      -0.0000000000000000       0.0000000000000000          0
  74.721066      10.954835      -0.0000000000000000       0.0000000000000000          0
  77.849386      11.084673      -0.0000000000000000       0.0000000000000000          0
  80.979167      11.212585      -0.0000000000000000       0.0000000000000000          0
  84.110418      11.338190      -0.0000000000000000       0.0000000000000000          0
  87.243143      11.461110      -0.0000000000000000       0.0000000000000000          0
  90.377336      11.580978      -0.0000000000000000       0.0000000000000000          0
  93.512989      11.697432      -0.0000000000000000       0.0000000000000000          0
  96.650084      11.810124      -0.4140964376459548       0.0608353680412844      60302
  99.788597      11.918712      -0.3358631335274082       0.0677990125975761      60302
  102.928497      12.022869      -0.3087917668122961       0.2297094422760993      60402
  106.069747      12.122282      -0.2567569153164465       0.2345501929369964        604
  109.212300      12.216648      -0.2039284371112500       0.2387524872014800        604
  112.356106      12.305682      -0.0000000000000000       0.0000000000000000          0
  115.501104      12.389114      -0.0000000000000000       0.0000000000000000          0
  118.647231      12.466691      -0.0000000000000000       0.0000000000000000          0
  121.794415      12.538176      -0.0000000000000000       0.0000000000000000          0
  124.942577      12.603352      -0.0000000000000000       0.0000000000000000          0
  128.091634      12.662020      -0.0000000000000000       0.0000000000000000          0
  131.241498      12.714002      -0.0000000000000000       0.0000000000000000          0
  134.392075      12.759138      -6.4895942551434196       4.4016630529275957        679
  137.543268      12.797291      -0.0000000000000000       0.0000000000000000          0
  140.694975      12.828345      -0.0000000000000000       0.0000000000000000          0
  40.504198       6.906785      -1.2117046502122262       0.9384017051841156        709
  43.620619       7.031986      -1.2005866729640333       0.9465621696805373        709
  46.737792       7.159546      -1.1859137111544673       0.9549248784429071        709
  49.855760       7.289088      -1.1677263473617723       0.9634669050893060        709
  52.974569       7.420229      -0.0000000000000000       0.0000000000000000          0
  56.094260       7.552580      -0.0000000000000000       0.0000000000000000          0
  59.214874       7.685750      -0.0000000000000000       0.0000000000000000          0
  62.336450       7.819343      -0.0000000000000000       0.0000000000000000          0
  65.459026       7.952965      -0.0000000000000000       0.0000000000000000          0
  68.582634       8.086217      -0.0000000000000000       0.0000000000000000          0
  71.707304       8.218704      -0.0000000000000000       0.0000000000000000          0
  74.833064       8.350031      -0.0000000000000000       0.0000000000000000          0
  77.959936       8.479807      -0.0000000000000000       0.0000000000000000          0
  81.087938       8.607645      -0.0000000000000000       0.0000000000000000          0
  84.217083       8.733163      -0.0000000000000000       0.0000000000000000          0
  87.347380       8.855987      -0.0000000000000000       0.0000000000000000          0
  90.478831       8.975748      -0.0000000000000000       0.0000000000000000          0
  93.611433       9.092088      -0.0000000000000000       0.0000000000000000          0
  96.745179       9.204658      -0.4117430958350278      -0.0043737876234883      60302
  99.880053       9.313119      -0.3971121029023271       0.0929331376777484        647
  103.016035       9.417145      -0.3073535554835402       0.1880278223806219      60402
  106.153098       9.516424      -0.2553649955890621       0.1921748685634233      60402
  109.291209       9.610656      -0.2025933575705929       0.1958118327557077        604
  112.430330       9.699557      -0.0520481993146963       0.1110321003689350        613
  115.570415       9.782859       0.0362190347321803       0.1134527381508033        613
  118.711414       9.860308      -0.0000000000000000       0.0000000000000000          0
  121.853271       9.931672      -0.0000000000000000       0.0000000000000000          0
  124.995924       9.996734      -0.0000000000000000       0.0000000000000000          0
  128.139306      10.055296      -0.0000000000000000       0.0000000000000000          0
  131.283346      10.107182      -0.0000000000000000       0.0000000000000000          0
  134.427970      10.152233      -6.4911069729095878       4.5558593120765734        679
  137.573097      10.190312      -0.0000000000000000       0.0000000000000000          0
  140.718645      10.221305      -0.0000000000000000       0.0000000000000000          0
  40.608793       4.301721      -1.2113894702967780       0.9349104313148731        709
  43.727381       4.427008      -1.2001426681932812       0.9402025602652052        709
  46.846406       4.554643      -1.1853388968498186       0.9457302908237819        709
  49.965908       4.684247      -0.0000000000000000       0.0000000000000000          0
  53.085924       4.815437      -0.0000000000000000       0.0000000000000000          0
  56.206495       4.947825      -0.0000000000000000       0.0000000000000000          0
  59.327657       5.081017      -0.0000000000000000       0.0000000000000000          0
  62.449449       5.214618      -0.0000000000000000       0.0000000000000000          0
  65.571904       5.348233      -0.0000000000000000       0.0000000000000000          0
  68.695057       5.481465      -0.0000000000000000       0.0000000000000000          0
  71.818938       5.613917      -0.0000000000000000       0.0000000000000000          0
  74.943576       5.745195      -0.0000000000000000       0.0000000000000000          0
  78.068996       5.874910      -0.0000000000000000       0.0000000000000000          0
  81.195221       6.002674      -0.0000000000000000       0.0000000000000000          0
  84.322267       6.128107      -0.0000000000000000       0.0000000000000000          0
  87.450149       6.250835      -0.0000000000000000       0.0000000000000000          0
  90.578877       6.370491      -0.0000000000000000       0.0000000000000000          0
  93.708454       6.486717      -0.0000000000000000       0.0000000000000000          0
  96.838882       6.599167      -0.4094230979809287      -0.0696376138212653      60302
  99.970154       6.707503      -0.3946688263259049       0.0220410284256515        647
  103.102261       6.811400      -0.3091708371761907       0.0271558867595540      64701
  106.235187       6.910547      -0.2539936262920820       0.1493674541634312      60402
  109.368911       7.004647      -0.1379557886316056       0.0343882886197630      61404
  112.503408       7.093417      -0.0499947301473236       0.0375218904382122        613
  115.638646       7.176589      -0.0000000000000000       0.0000000000000000          0
  118.774589       7.253914      -0.0000000000000000       0.0000000000000000          0
  121.911196       7.325158      -0.0000000000000000       0.0000000000000000          0
  125.048421       7.390107      -0.0000000000000000       0.0000000000000000          0
  128.186214       7.448566      -0.0000000000000000       0.0000000000000000          0
  131.324521       7.500356      -5.7519475171244991       0.9168303608419322      61502
  134.463284       7.545323      -6.7538877773176420       0.9471164376184629      61501
  137.602442       7.583331      -0.0000000000000000       0.0000000000000000          0
  140.741929       7.614263      -7.3097530885055768       1.6934076302546817        698
  40.712675       1.696642      -1.2110724445315240       0.9292858174151920        709
  43.833393       1.822015      -1.1996976571526003       0.9316964968439836        709
  46.954236       1.949723      -0.0000000000000000       0.0000000000000000          0
  50.075236       2.079389      -0.0000000000000000       0.0000000000000000          0
  53.196429       2.210628      -0.0000000000000000       0.0000000000000000          0
  56.317850       2.343051      -0.0000000000000000       0.0000000000000000          0
  59.439532       2.476264      -0.0000000000000000       0.0000000000000000          0
  62.561512       2.609874      -0.0000000000000000       0.0000000000000000          0
  65.683825       2.743482      -0.0000000000000000       0.0000000000000000          0
  68.806502       2.876692      -0.0000000000000000       0.0000000000000000          0
  71.929578       3.009109      -0.0000000000000000       0.0000000000000000          0
  75.053081       3.140339      -0.0000000000000000       0.0000000000000000          0
  78.177041       3.269992      -0.0000000000000000       0.0000000000000000          0
  81.301482       3.397683      -0.0000000000000000       0.0000000000000000          0
  84.426429       3.523031      -0.0000000000000000       0.0000000000000000          0
  87.551899       3.645663      -0.0000000000000000       0.0000000000000000          0
  90.677911       3.765215      -0.0000000000000000       0.0000000000000000          0
  93.804476       3.881329      -0.0000000000000000       0.0000000000000000          0
  96.931603       3.993659      -0.4764886030734258      -0.0535560980534154      67352
  100.059295       4.101870      -0.3922506029357615      -0.0489540613141340      67301
  103.187554       4.205640      -0.3068284705031737      -0.0447248754647612      64701
  106.316375       4.304657      -0.2204763386096096      -0.0409111908888600      64701
  109.445749       4.398626      -0.0000000000000000       0.0000000000000000          0
  112.575663       4.487265      -0.0000000000000000       0.0000000000000000          0
  115.706100       4.570310      -0.0000000000000000       0.0000000000000000          0
  118.837036       4.647511       0.5410725511014555      -0.3466984329785171      61407
  121.968447       4.718637      -0.0000000000000000       0.0000000000000000          0
  125.100303       4.783475      -0.0000000000000000       0.0000000000000000          0
  128.232568       4.841830      -0.0000000000000000       0.0000000000000000          0
  131.365205       4.893527      -5.7650514805126587       1.7684003465208855        681
  134.498175       4.938411      -7.3723156521379254       1.5873225814553298        684
  137.631433       4.976347      -7.3518308001253985       1.6222785164443494        615
  140.764932       5.007221      -7.3093614920475920       1.6575142540196361        615
  40.816278      -0.908442      -1.2107523070594555       0.9215409962157866        709
  43.939099      -0.782985      -0.0000000000000000       0.0000000000000000          0
  47.061732      -0.655203      -0.0000000000000000       0.0000000000000000          0
  50.184205      -0.525476      -0.0000000000000000       0.0000000000000000          0
  53.306547      -0.394189      -0.0000000000000000       0.0000000000000000          0
  56.428790      -0.261732      -0.0000000000000000       0.0000000000000000          0
  59.550968      -0.128497      -0.0000000000000000       0.0000000000000000          0
  62.673112       0.005119      -0.0000000000000000       0.0000000000000000          0
  65.795258       0.138719      -0.0000000000000000       0.0000000000000000          0
  68.917440       0.271908      -0.0000000000000000       0.0000000000000000          0
  72.039689       0.404290      -0.0000000000000000       0.0000000000000000          0
  75.162041       0.535471      -0.0000000000000000       0.0000000000000000          0
  78.284524       0.665063      -0.0000000000000000       0.0000000000000000          0
  81.407171       0.792680      -0.0000000000000000       0.0000000000000000          0
  84.530008       0.917943      -0.0000000000000000       0.0000000000000000          0
  87.653061       1.040480      -0.0000000000000000       0.0000000000000000          0
  90.776354       1.159927      -0.0000000000000000       0.0000000000000000          0
  93.899907       1.275929      -0.0000000000000000       0.0000000000000000          0
  97.023737       1.388141      -0.0000000000000000       0.0000000000000000          0
  100.147857       1.496228      -0.3898471720482353      -0.1199039087359558      67301
  103.272279       1.599870      -0.3045010562341748      -0.1165551610026005      64701
  106.397009       1.698758      -0.2182411284979439      -0.1134087789550447      64701
  109.522051       1.792596      -0.1313235645723225      -0.1105021926748260        614
  112.647404       1.881106      -0.0000000000000000       0.0000000000000000          0
  115.773064       1.964024      -0.0000000000000000       0.0000000000000000          0
  118.899023       2.041102       0.1307850118853243      -0.1035504765418813      61405
  122.025270       2.112111      -1.5321164645628813      -0.4384226585060518        667
  125.151790       2.176839      -0.0000000000000000       0.0000000000000000          0
  128.278565       2.235091      -7.3476806966531525       1.5526385441548598        684
  131.405574       2.286696      -7.3709203258479965       1.5680481121509116        684
  134.532793       2.331497      -7.3722096915375239       1.5841944912016388        801
  137.660195       2.369362      -7.3515407997872257       1.6008856003406196        801
  140.787752       2.400177      -7.3089718435024036       1.6179228347112169        615
>