>anchorPlateId 301
>reconstructionTime 85
>DeformingMeshPoints.gpml lat_lon_velocity_domain_28_32.gpml
>MeshNode <identity>GPlates-b7a3af0e-8119-4abb-9ae6-39bb7e5702ce</identity> <revision>GPlates-7b04c5e6-7801-49f1-bcc4-23d6f4e5417f</revision>
> reconstructionPlateId 0
> validTime TimePeriod <begin> TimeInstant <timePosition>http://gplates.org/times/distantPast</timePosition></begin> <end> TimeInstant <timePosition>http://gplates.org/times/distantFuture</timePosition></end>
  34.373298      72.028730      -0.0000000000000000       0.0000000000000000        302
  37.321088      72.140639      -0.0000000000000000       0.0000000000000000        302
  40.285899      72.255312      -0.0000000000000000       0.0000000000000000        302
  43.268478      72.372457      -0.0000000000000000       0.0000000000000000        302
  46.269556      72.491770      -0.0000000000000000       0.0000000000000000        302
  49.289851      72.612938      -0.0000000000000000       0.0000000000000000        302
  52.330056      72.735634      -0.0000000000000000       0.0000000000000000        373
  55.390842      72.859522      -0.0000000000000000       0.0000000000000000        373
  58.472847      72.984256      -0.0000000000000000       0.0000000000000000        372
  61.576672      73.109479      -0.0000000000000000       0.0000000000000000        372
  64.702876      73.234827      -0.0000000000000000       0.0000000000000000        372
  67.851969      73.359924      -0.0000000000000000       0.0000000000000000        372
  71.024403      73.484391      -0.0000000000000000       0.0000000000000000        372
  74.220567      73.607841      -0.0000000000000000       0.0000000000000000        401
  77.440779      73.729878      -0.0000000000000000       0.0000000000000000        401
  80.685275      73.850108      -0.0000000000000000       0.0000000000000000        401
  83.954204      73.968128      -0.0000000000000000       0.0000000000000000        404
  87.247616      74.083536      -0.0000000000000000       0.0000000000000000        404
  90.565458      74.195931      -0.0000000000000000       0.0000000000000000        401
  93.907563      74.304913      -0.0000000000000000       0.0000000000000000        401
  97.273642      74.410084      -0.0000000000000000       0.0000000000000000        401
  100.663279      74.511054      -0.0000000000000000       0.0000000000000000        401
  104.075923      74.607439      -0.0000000000000000       0.0000000000000000        401
  107.510883      74.698866      -0.0000000000000000       0.0000000000000000        401
  110.967326      74.784973      -0.0000000000000000       0.0000000000000000        401
  114.444275      74.865414      -0.0000000000000000       0.0000000000000000        401
  117.940604      74.939859      -0.0000000000000000       0.0000000000000000          0
  121.455045      75.007999      -0.0000000000000000       0.0000000000000000          0
  124.986189      75.069545      -0.0000000000000000       0.0000000000000000          0
  128.532493      75.124233      -0.0000000000000000       0.0000000000000000          0
  132.092287      75.171826      -0.0000000000000000       0.0000000000000000          0
  135.663786      75.212115      -0.0000000000000000       0.0000000000000000          0
  139.245101      75.244920       0.1144885245318929       0.3957041997575783      42101
  35.270257      69.438367      -0.0000000000000000       0.0000000000000000        302
  38.246508      69.551159      -0.0000000000000000       0.0000000000000000        302
  41.237862      69.666646      -0.0000000000000000       0.0000000000000000        302
  44.244931      69.784525      -0.0000000000000000       0.0000000000000000        302
  47.268314      69.904484      -0.0000000000000000       0.0000000000000000        302
  50.308585      70.026198      -0.0000000000000000       0.0000000000000000        302
  53.366296      70.149335      -0.0000000000000000       0.0000000000000000        302
  56.441971      70.273550      -0.0000000000000000       0.0000000000000000        302
  59.536100      70.398492      -0.0000000000000000       0.0000000000000000        302
  62.649135      70.523800      -0.0000000000000000       0.0000000000000000        372
  65.781488      70.649104      -0.0000000000000000       0.0000000000000000        372
  68.933520      70.774029      -0.0000000000000000       0.0000000000000000        372
  72.105543      70.898193      -0.0000000000000000       0.0000000000000000        401
  75.297806      71.021210      -0.0000000000000000       0.0000000000000000        401
  78.510498      71.142690      -0.0000000000000000       0.0000000000000000        401
  81.743733      71.262240      -0.0000000000000000       0.0000000000000000        401
  84.997553      71.379465      -0.0000000000000000       0.0000000000000000        401
  88.271914      71.493972      -0.0000000000000000       0.0000000000000000        401
  91.566686      71.605369      -0.0000000000000000       0.0000000000000000        401
  94.881646      71.713267      -0.0000000000000000       0.0000000000000000        401
  98.216474      71.817283      -0.0000000000000000       0.0000000000000000        401
  101.570745      71.917040      -0.0000000000000000       0.0000000000000000        401
  104.943930      72.012171      -0.0000000000000000       0.0000000000000000        401
  108.335393      72.102321      -0.0000000000000000       0.0000000000000000        401
  111.744386      72.187147      -0.0000000000000000       0.0000000000000000        401
  115.170053      72.266320      -0.0000000000000000       0.0000000000000000        401
  118.611425      72.339530      -0.0000000000000000       0.0000000000000000        401
  122.067431      72.406488      -0.0000000000000000       0.0000000000000000        401
  125.536891      72.466922      -0.0000000000000000       0.0000000000000000          0
  129.018531      72.520587      -0.0000000000000000       0.0000000000000000          0
  132.510984      72.567263      -0.0000000000000000       0.0000000000000000          0
  136.012798      72.606756      -0.0000000000000000       0.0000000000000000          0
  139.522450      72.638899      -0.0000000000000000       0.0000000000000000          0
  35.974027      66.844380      -0.0000000000000000       0.0000000000000000        302
  38.971594      66.957846      -0.0000000000000000       0.0000000000000000        302
  41.982659      67.073948      -0.0000000000000000       0.0000000000000000        302
  45.007735      67.192378      -0.0000000000000000       0.0000000000000000        302
  48.047321      67.312815      -0.0000000000000000       0.0000000000000000        302
  51.101891      67.434929      -0.0000000000000000       0.0000000000000000        302
  54.171893      67.558381      -0.0000000000000000       0.0000000000000000        302
  57.257746      67.682823      -0.0000000000000000       0.0000000000000000        302
  60.359840      67.807897      -0.0000000000000000       0.0000000000000000        302
  63.478524      67.933240      -0.0000000000000000       0.0000000000000000        302
  66.614111      68.058480      -0.0000000000000000       0.0000000000000000        302
  69.766866      68.183241      -0.0000000000000000       0.0000000000000000        401
  72.937008      68.307143      -0.0000000000000000       0.0000000000000000        401
  76.124701      68.429799      -0.0000000000000000       0.0000000000000000        401
  79.330054      68.550822      -0.0000000000000000       0.0000000000000000        401
  82.553111      68.669824      -0.0000000000000000       0.0000000000000000        401
  85.793852      68.786415      -0.0000000000000000       0.0000000000000000        401
  89.052185      68.900210      -0.0000000000000000       0.0000000000000000        401
  92.327946      69.010823      -0.0000000000000000       0.0000000000000000        401
  95.620892      69.117876      -0.0000000000000000       0.0000000000000000        401
  98.930698      69.220996      -0.0000000000000000       0.0000000000000000        401
  102.256956      69.319818      -0.0000000000000000       0.0000000000000000        401
  105.599174      69.413988      -0.0000000000000000       0.0000000000000000        401
  108.956769      69.503162      -0.0000000000000000       0.0000000000000000        401
  112.329076      69.587011      -0.0000000000000000       0.0000000000000000        401
  115.715337      69.665222      -0.0000000000000000       0.0000000000000000        401
  119.114714      69.737498      -0.0000000000000000       0.0000000000000000        401
  122.526281      69.803563      -0.0000000000000000       0.0000000000000000        401
  125.949034      69.863161      -0.0000000000000000       0.0000000000000000        401
  129.381893      69.916058      -0.0000000000000000       0.0000000000000000      43101
  132.823710      69.962047      -0.0000000000000000       0.0000000000000000      43101
  136.273269      70.000944       0.0602681373898496       0.1613919947950203      43202
  139.729303      70.032593       0.1232973586397226       0.1576336460251178      43202
  36.542921      64.247867      -0.0000000000000000       0.0000000000000000        302
  39.557057      64.361863      -0.0000000000000000       0.0000000000000000        302
  42.583332      64.478449      -0.0000000000000000       0.0000000000000000        302
  45.622186      64.597307      -0.0000000000000000       0.0000000000000000        302
  48.674039      64.718114      -0.0000000000000000       0.0000000000000000        302
  51.739289      64.840533      -0.0000000000000000       0.0000000000000000        302
  54.818308      64.964221      -0.0000000000000000       0.0000000000000000        302
  57.911442      65.088825      -0.0000000000000000       0.0000000000000000        302
  61.019004      65.213987      -0.0000000000000000       0.0000000000000000        302
  64.141273      65.339339      -0.0000000000000000       0.0000000000000000        390
  67.278491      65.464510      -0.0000000000000000       0.0000000000000000        468
  70.430858      65.589122      -0.0000000000000000       0.0000000000000000        401
  73.598531      65.712795      -0.0000000000000000       0.0000000000000000        401
  76.781618      65.835145      -0.0000000000000000       0.0000000000000000        401
  79.980177      65.955788      -0.0000000000000000       0.0000000000000000        401
  83.194211      66.074339      -0.0000000000000000       0.0000000000000000        401
  86.423664      66.190412      -0.0000000000000000       0.0000000000000000        401
  89.668421      66.303628      -0.0000000000000000       0.0000000000000000        401
  92.928301      66.413609      -0.0000000000000000       0.0000000000000000        401
  96.203060      66.519984      -0.0000000000000000       0.0000000000000000        401
  99.492382      66.622387      -0.0000000000000000       0.0000000000000000        401
  102.795885      66.720464      -0.0000000000000000       0.0000000000000000        401
  106.113111      66.813869      -0.0000000000000000       0.0000000000000000        401
  109.443536      66.902270      -0.0000000000000000       0.0000000000000000        401
  112.786558      66.985349      -0.0000000000000000       0.0000000000000000        401
  116.141510      67.062802      -0.0000000000000000       0.0000000000000000        401
  119.507652      67.134344      -0.0000000000000000       0.0000000000000000        401
  122.884177      67.199710      -0.0000000000000000       0.0000000000000000        401
  126.270216      67.258653      -0.0000000000000000       0.0000000000000000      43102
  129.664838      67.310951      -0.0000000000000000       0.0000000000000000      43101
  133.067056      67.356403      -0.0000000000000000       0.0000000000000000      43101
  136.475835      67.394836       0.0639707071504950       0.0419363514623766      43202
  139.890094      67.426101       0.1262206181955399       0.0381338016216792      43200
  37.014013      61.649523      -0.0000000000000000       0.0000000000000000        302
  40.041418      61.763950      -0.0000000000000000       0.0000000000000000        302
  43.079797      61.880926      -0.0000000000000000       0.0000000000000000        302
  46.129531      62.000129      -0.0000000000000000       0.0000000000000000        302
  49.190980      62.121229      -0.0000000000000000       0.0000000000000000        302
  52.264485      62.243888      -0.0000000000000000       0.0000000000000000        302
  55.350359      62.367759      -0.0000000000000000       0.0000000000000000        302
  58.448890      62.492485      -0.0000000000000000       0.0000000000000000        302
  61.560338      62.617707      -0.0000000000000000       0.0000000000000000        390
  64.684928      62.743054      -0.0000000000000000       0.0000000000000000        390
  67.822852      62.868155      -0.0000000000000000       0.0000000000000000        468
  70.974265      62.992633      -0.0000000000000000       0.0000000000000000        401
  74.139279      63.116107      -0.0000000000000000       0.0000000000000000        401
  77.317966      63.238195      -0.0000000000000000       0.0000000000000000        401
  80.510350      63.358516      -0.0000000000000000       0.0000000000000000        401
  83.716408      63.476687      -0.0000000000000000       0.0000000000000000        401
  86.936066      63.592329      -0.0000000000000000       0.0000000000000000        401
  90.169196      63.705065      -0.0000000000000000       0.0000000000000000        401
  93.415614      63.814523      -0.0000000000000000       0.0000000000000000        401
  96.675082      63.920339      -0.0000000000000000       0.0000000000000000        401
  99.947300      64.022154      -0.0000000000000000       0.0000000000000000        401
  103.231910      64.119621      -0.0000000000000000       0.0000000000000000        401
  106.528494      64.212402      -0.0000000000000000       0.0000000000000000        401
  109.836573      64.300174      -0.0000000000000000       0.0000000000000000        401
  113.155609      64.382627      -0.0000000000000000       0.0000000000000000        401
  116.485003      64.459465      -0.0000000000000000       0.0000000000000000        401
  119.824100      64.530414      -0.0000000000000000       0.0000000000000000        401
  123.172189      64.595214      -0.0000000000000000       0.0000000000000000        401
  126.528506      64.653629      -0.0000000000000000       0.0000000000000000      43102
  129.892239      64.705443      -0.0000000000000000       0.0000000000000000      43102
  133.262529      64.750464      -0.0000000000000000       0.0000000000000000      43101
  136.638476      64.788524      -0.0000000000000000       0.0000000000000000      43101
  140.019145      64.819480      -0.0000000000000000       0.0000000000000000      43101
  37.411995      59.049811      -0.0000000000000000       0.0000000000000000        302
  40.450288      59.164597      -0.0000000000000000       0.0000000000000000        302
  43.498543      59.281894      -0.0000000000000000       0.0000000000000000        302
  46.557095      59.401380      -0.0000000000000000       0.0000000000000000        302
  49.626256      59.522721      -0.0000000000000000       0.0000000000000000        302
  52.706320      59.645574      -0.0000000000000000       0.0000000000000000        302
  55.797557      59.769590      -0.0000000000000000       0.0000000000000000        302
  58.900209      59.894411      -0.0000000000000000       0.0000000000000000        302
  62.014494      60.019674      -0.0000000000000000       0.0000000000000000        390
  65.140598      60.145009      -0.0000000000000000       0.0000000000000000        468
  68.278676      60.270043      -0.0000000000000000       0.0000000000000000        468
  71.428848      60.394399      -0.0000000000000000       0.0000000000000000        401
  74.591199      60.517698      -0.0000000000000000       0.0000000000000000        401
  77.765771      60.639560      -0.0000000000000000       0.0000000000000000        401
  80.952570      60.759604      -0.0000000000000000       0.0000000000000000        401
  84.151554      60.877451      -0.0000000000000000       0.0000000000000000        401
  87.362641      60.992726      -0.0000000000000000       0.0000000000000000        401
  90.585697      61.105056      -0.0000000000000000       0.0000000000000000        401
  93.820542      61.214073      -0.0000000000000000       0.0000000000000000        401
  97.066947      61.319419      -0.0000000000000000       0.0000000000000000        401
  100.324631      61.420741      -0.0000000000000000       0.0000000000000000        401
  103.593262      61.517697      -0.0000000000000000       0.0000000000000000        401
  106.872455      61.609958      -0.0000000000000000       0.0000000000000000        401
  110.161776      61.697206      -0.0000000000000000       0.0000000000000000        401
  113.460736      61.779138      -0.0000000000000000       0.0000000000000000        401
  116.768800      61.855467      -0.0000000000000000       0.0000000000000000        401
  120.085382      61.925923      -0.0000000000000000       0.0000000000000000        401
  123.409849      61.990255      -0.0000000000000000       0.0000000000000000        401
  126.741524      62.048234      -0.0000000000000000       0.0000000000000000        401
  130.079691      62.099649      -0.0000000000000000       0.0000000000000000        401
  133.423592      62.144314      -0.0000000000000000       0.0000000000000000        401
  136.772439      62.182066      -0.0000000000000000       0.0000000000000000        401
  140.125410      62.212766      -0.0000000000000000       0.0000000000000000      43101
  37.753942      56.449052      -0.0000000000000000       0.0000000000000000        302
  40.801352      56.564140      -0.0000000000000000       0.0000000000000000        302
  43.857838      56.681710      -0.0000000000000000       0.0000000000000000        302
  46.923692      56.801433      -0.0000000000000000       0.0000000000000000        302
  49.999192      56.922975      -0.0000000000000000       0.0000000000000000        302
  53.084591      57.045989      -0.0000000000000000       0.0000000000000000        302
  56.180123      57.170123      -0.0000000000000000       0.0000000000000000        302
  59.285999      57.295018      -0.0000000000000000       0.0000000000000000        302
  62.402401      57.420310      -0.0000000000000000       0.0000000000000000        390
  65.529485      57.545628      -0.0000000000000000       0.0000000000000000        468
  68.667379      57.670598      -0.0000000000000000       0.0000000000000000        468
  71.816178      57.794845      -0.0000000000000000       0.0000000000000000        401
  74.975943      57.917989      -0.0000000000000000       0.0000000000000000        401
  78.146701      58.039652      -0.0000000000000000       0.0000000000000000        401
  81.328441      58.159455      -0.0000000000000000       0.0000000000000000        401
  84.521114      58.277022      -0.0000000000000000       0.0000000000000000        401
  87.724631      58.391980      -0.0000000000000000       0.0000000000000000        401
  90.938859      58.503960      -0.0000000000000000       0.0000000000000000        401
  94.163626      58.612600      -0.0000000000000000       0.0000000000000000        401
  97.398713      58.717544      -0.0000000000000000       0.0000000000000000        401
  100.643858      58.818445      -0.0000000000000000       0.0000000000000000        401
  103.898752      58.914967      -0.0000000000000000       0.0000000000000000        401
  107.163045      59.006785      -0.0000000000000000       0.0000000000000000        401
  110.436339      59.093588      -0.0000000000000000       0.0000000000000000        401
  113.718192      59.175078      -0.0000000000000000       0.0000000000000000        401
  117.008119      59.250975      -0.0000000000000000       0.0000000000000000        401
  120.305596      59.321015      -0.0000000000000000       0.0000000000000000        401
  123.610055      59.384952      -0.0000000000000000       0.0000000000000000        401
  126.920892      59.442562      -0.0000000000000000       0.0000000000000000        401
  130.237468      59.493641      -0.0000000000000000       0.0000000000000000        401
  133.559111      59.538006      -0.0000000000000000       0.0000000000000000        401
  136.885121      59.575499      -0.0000000000000000       0.0000000000000000      43101
  140.214773      59.605985      -0.0000000000000000       0.0000000000000000      43400
  38.052043      53.847474      -0.0000000000000000       0.0000000000000000        302
  41.107222      53.962822      -0.0000000000000000       0.0000000000000000        302
  44.170688      54.080624      -0.0000000000000000       0.0000000000000000        302
  47.242703      54.200551      -0.0000000000000000       0.0000000000000000        302
  50.323511      54.322263      -0.0000000000000000       0.0000000000000000        302
  53.413335      54.445412      -0.0000000000000000       0.0000000000000000        302
  56.512381      54.569645      -0.0000000000000000       0.0000000000000000        302
  59.620829      54.694600      -0.0000000000000000       0.0000000000000000        302
  62.738838      54.819913      -0.0000000000000000       0.0000000000000000        390
  65.866540      54.945211      -0.0000000000000000       0.0000000000000000        468
  69.004039      55.070122      -0.0000000000000000       0.0000000000000000        468
  72.151413      55.194269      -0.0000000000000000       0.0000000000000000        468
  75.308707      55.317274      -0.0000000000000000       0.0000000000000000        401
  78.475935      55.438761      -0.0141139135942632       0.0010467837206278          0
  81.653077      55.558352      -0.1837639016173795       0.0210451319109021          0
  84.840079      55.675673      -0.2783529009705274       0.0432327118571996          0
  88.036849      55.790354      -0.2827680290802975       0.0556189734397664          0
  91.243260      55.902029      -0.1941558821865932       0.0463562662276566          0
  94.459145      56.010340      -0.0314946649520759       0.0088693348234012          0
  97.684300      56.114934      -0.0000000000000000       0.0000000000000000        401
  100.918479      56.215471      -0.0000000000000000       0.0000000000000000        401
  104.161400      56.311617      -0.0000000000000000       0.0000000000000000        401
  107.412738      56.403052      -0.0000000000000000       0.0000000000000000        401
  110.672131      56.489471      -0.0000000000000000       0.0000000000000000          0
  113.939178      56.570581      -0.0005319541617683       0.0391553287971803          0
  117.213439      56.646107       0.0037027527139206       0.0903465526499753          0
  120.494439      56.715788       0.0129083114350210       0.1235419858057307          0
  123.781668      56.779386       0.0273457043798695       0.1431990386085325          0
  127.074585      56.836680       0.0440759820261712       0.1496070747271322          0
  130.372615      56.887470       0.0603802512227267       0.1433781533892613          0
  133.675159      56.931578       0.0743698229708075       0.1330280864236230          0
  136.981590      56.968849       0.0808362071461377       0.1211001829048989          0
  140.291262      56.999151       0.0700008702745391       0.0951240097341305          0
  38.315233      51.245243      -0.0000000000000000       0.0000000000000000        302
  41.377131      51.360818      -0.0000000000000000       0.0000000000000000        302
  44.446610      51.478824      -0.0000000000000000       0.0000000000000000        302
  47.523905      51.598926      -0.0000000000000000       0.0000000000000000        302
  50.609231      51.720785      -0.0000000000000000       0.0000000000000000        302
  53.702789      51.844050      -0.0000000000000000       0.0000000000000000        302
  56.804757      51.968366      -0.0000000000000000       0.0000000000000000        302
  59.915295      52.093371      -0.0000000000000000       0.0000000000000000        390
  63.034540      52.218698      -0.0000000000000000       0.0000000000000000        465
  66.162605      52.343976      -0.0000000000000000       0.0000000000000000        465
  69.299579      52.468831      -0.0000000000000000       0.0000000000000000        458
  72.445523      52.592887      -0.0000000000000000       0.0000000000000000        459
  75.600472      52.715767      -0.2487504843270003       0.0094955860890128          0
  78.764429      52.837095      -0.6364907413409187       0.0493265917932647          0
  81.937370      52.956497      -0.8765900479563563       0.1028441252103523          0
  85.119238      53.073600      -0.9768789057750182       0.1540318793607377          0
  88.309942      53.188035      -0.9600338216866259       0.1906650027055171          0
  91.509361      53.299442      -0.8405822563529404       0.2018624651084153          0
  94.717335      53.407462      -0.6189999498466403       0.1747778557044435          0
  97.933675      53.511750      -0.3172278792222111       0.1032045879507160          0
  101.158152      53.611966      -0.0000000000000000       0.0000000000000000        401
  104.390504      53.707782      -0.0000000000000000       0.0000000000000000        401
  107.630434      53.798883      -0.0008723787564989       0.0059787351748387          0
  110.877612      53.884966      -0.0109308069287058       0.1422233934278634          0
  114.131669      53.965743      -0.0039742912385983       0.2377972313283700          0
  117.392209      54.040944       0.0143839512936623       0.3003498245233309          0
  120.658800      54.110313       0.0423840614970408       0.3399673467270454          0
  123.930981      54.173615       0.0764075200443891       0.3643694051059708          0
  127.208263      54.230633       0.1148085674363691       0.3788749734717939          0
  130.490129      54.281172       0.1558522969212598       0.3838590708829731          0
  133.776040      54.325056       0.2006385509981635       0.3842423470165786          0
  137.065434      54.362134       0.2500774950337900       0.3894719448368993          0
  140.357729      54.392277       0.3012738457044942       0.4055428315875406          0
  38.550214      48.642486      -0.0000000000000000       0.0000000000000000        302
  41.618000      48.758261      -0.0000000000000000       0.0000000000000000        302
  44.692729      48.876445      -0.0000000000000000       0.0000000000000000        302
  47.774610      48.996702      -0.0000000000000000       0.0000000000000000        302
  50.863839      49.118689      -0.0000000000000000       0.0000000000000000        302
  53.960592      49.242055      -0.0000000000000000       0.0000000000000000        302
  57.065029      49.366442      -0.0000000000000000       0.0000000000000000        302
  60.177291      49.491489      -0.0000000000000000       0.0000000000000000        390
  63.297496      49.616826      -0.0000000000000000       0.0000000000000000        465
  66.425744      49.742083      -0.0000000000000000       0.0000000000000000        458
  69.562110      49.866885      -0.0000000000000000       0.0000000000000000        459
  72.706643      49.990858      -0.3184569337473229       0.0011141680876341          0
  75.859370      50.113624      -0.9453687743268482       0.0393880526855716          0
  79.020288      50.234810      -1.3920250510613490       0.1119983654901400          0
  82.189370      50.354041      -1.6618980415243390       0.1992490335448139          0
  85.366557      50.470948      -1.7596289508219232       0.2813772151391041          0
  88.551763      50.585164      -1.7105869029429648       0.3429171371032085          0
  91.744870      50.696330      -1.5426466033357340       0.3725864845655536          0
  94.945730      50.804093      -1.2679572076353027       0.3612889536585581          0
  98.154165      50.908107      -0.8985452427575529       0.3264833679898558          0
  101.369964      51.008038      -0.4816239656008433       0.2714212815863166          0
  104.592885      51.103561      -0.1559335110301169       0.2560604441992547          0
  107.822656      51.194365      -0.0500350066770157       0.3080877953488390          0
  111.058972      51.280150      -0.0358666031073518       0.4030349255453653          0
  114.301500      51.360634      -0.0101369527418413       0.4819002758269387          0
  117.549877      51.435548       0.0268747173461274       0.5369116764291134          0
  120.803711      51.504641       0.0728541287288743       0.5738546810639331          0
  124.062584      51.567682       0.1251443862223712       0.5958673391351448          0
  127.326053      51.624457       0.1822640014504756       0.6069180329932051          0
  130.593651      51.674773       0.2436007157614048       0.6101396837983575          0
  133.864890      51.718460       0.3116624743494389       0.6115119705722362          0
  137.139265      51.755369       0.3911294542527875       0.6231351463218915          0
  140.416250      51.785371       0.4883094722209316       0.6596474590655921          0
  38.762117      46.039297      -0.0000000000000000       0.0000000000000000        302
  41.835122      46.155252      -0.0000000000000000       0.0000000000000000        301
  44.914488      46.273595      -0.0000000000000000       0.0000000000000000        301
  48.000404      46.393989      -0.0000000000000000       0.0000000000000000        302
  51.093045      46.516090      -0.0000000000000000       0.0000000000000000        302
  54.192569      46.639544      -0.0000000000000000       0.0000000000000000        302
  57.299119      46.763993      -0.0000000000000000       0.0000000000000000        302
  60.412820      46.889074      -0.0000000000000000       0.0000000000000000        390
  63.533777      47.014419      -0.0000000000000000       0.0000000000000000        466
  66.662077      47.139654      -0.0000000000000000       0.0000000000000000        458
  69.797783      47.264407      -0.0987109002187335      -0.0026847103248728          0
  72.940937      47.388303      -1.0213969903022844       0.0083687105075823          0
  76.091559      47.510965      -1.7407529582744665       0.0787136365882037          0
  79.249643      47.632021      -2.2437401013356690       0.1868737579423366          0
  82.415159      47.751097      -2.5365431072269011       0.3102991829498014          0
  85.588049      47.867826      -2.6151119504535787       0.4239333161029945          0
  88.768231      47.981845      -2.5163770093354243       0.5093105465624351          0
  91.955593      48.092794      -2.2861709322454402       0.5556581041470675          0
  95.149999      48.200324      -1.9149642135414791       0.5874946711325072          0
  98.351280      48.304092      -1.4462984658236961       0.6129451812035719          0
  101.559243      48.403768      -0.9262168643879261       0.6219586926444698          0
  104.773665      48.499028      -0.4579194441179847       0.6303116229131359          0
  107.994295      48.589566      -0.1630391849634373       0.6450131996294762          0
  111.220855      48.675085      -0.0662940802350112       0.6943023866756666          0
  114.453040      48.755305      -0.0186829515154425       0.7503842853419009          0
  117.690519      48.829962       0.0372718265476632       0.7907701907094549          0
  120.932935      48.898809       0.1009353090290342       0.8180997812608879          0
  124.179908      48.961617       0.1700700403569872       0.8306957696084242          0
  127.431037      49.018175       0.2439000117800441       0.8316031053274763          0
  130.685898      49.068294       0.3222009210189657       0.8236810689074327          0
  133.944049      49.111805       0.4075497796562690       0.8118301474005030          0
  137.205032      49.148562       0.5056174445477829       0.8115998181184967          0
  140.468372      49.178439       0.6289457725528161       0.8481931656467945          0
  38.954938      43.435752      -0.0000000000000000       0.0000000000000000        551
  42.032618      43.551868      -0.0000000000000000       0.0000000000000000        301
  45.116124      43.670355      -0.0000000000000000       0.0000000000000000        301
  48.205626      43.790872      -0.0000000000000000       0.0000000000000000        301
  51.301283      43.913074      -0.0000000000000000       0.0000000000000000        301
  54.403238      44.036607      -0.0000000000000000       0.0000000000000000        301
  57.511618      44.161111      -0.0000000000000000       0.0000000000000000        301
  60.626535      44.286222      -0.0000000000000000       0.0000000000000000        390
  63.748083      44.411571      -0.0000000000000000       0.0000000000000000        466
  66.876337      44.536785      -0.0000000000000000       0.0000000000000000        466
  70.011353      44.661492      -0.7949220290208493      -0.0140371430373024          0
  73.153167      44.785315      -1.8823570563454970       0.0251353124475406          0
  76.301792      44.907882      -2.6975623808688574       0.1317250462258485          0
  79.457221      45.028818      -3.2271254784169394       0.2778599795216173          0
  82.619422      45.147753      -3.5133071488689929       0.4381803923638803          0
  85.788341      45.264320      -3.5168184036032741       0.5781120940425395          0
  88.963899      45.378157      -3.3448563425760409       0.6840549239041102          0
  92.145992      45.488910      -3.0291070416006982       0.7437543001825315          0
  95.334492      45.596228      -2.5441767959587822       0.8305700121672227          0
  98.529245      45.699774      -1.9597359598235422       0.9170429986573038          0
  101.730070      45.799217      -1.3344220255873946       0.9753775910411882          0
  104.936763      45.894240      -0.7278420831466039       1.0005257877019267          0
  108.149094      45.984537      -0.2863120354590607       0.9940099666681967          0
  111.366808      46.069815      -0.1020566925950951       1.0015572161087867          0
  114.589626      46.149798      -0.0299061215620121       1.0312272531768478          0
  117.817247      46.224223       0.0451500196987181       1.0526495481087030          0
  121.049344      46.292848       0.1253270452992576       1.0672192981043802          0
  124.285573      46.355445       0.2101354236345735       1.0678206481767867          0
  127.525568      46.411807       0.2986796517007112       1.0536112279141805          0
  130.768943      46.461748       0.3911698093088979       1.0262224924492407          0
  134.015299      46.505101       0.4887271565468427       0.9865638080758443          0
  137.264220      46.541721       0.5940406640376907       0.9486685183314696          0
  140.515275      46.571486       0.6534732718870582       0.3133794263488786        625
  39.131840      40.831910      -0.0000000000000000       0.0000000000000000        526
  42.213746      40.948173      -0.0000000000000000       0.0000000000000000        526
  45.300983      41.066789      -0.0000000000000000       0.0000000000000000        526
  48.393705      41.187418      -0.0000000000000000       0.0000000000000000        301
  51.492056      41.309712      -0.0000000000000000       0.0000000000000000        301
  54.596165      41.433316      -0.0000000000000000       0.0000000000000000        301
  57.706147      41.557868      -0.0000000000000000       0.0000000000000000        301
  60.822102      41.683005      -0.0000000000000000       0.0000000000000000        301
  63.944114      41.808356      -0.0000000000000000       0.0000000000000000        467
  67.072249      41.933550      -0.1425506070323303       0.0155788179952679          0
  70.206558      42.058212      -1.5442438530564928       0.1226839435783481          0
  73.347069      42.181969      -2.8276200217537704       0.1620400958576780          0
  76.493795      42.304446      -3.7833259337051910       0.1999745220119840        580
  79.646725      42.425272      -3.7835762345691126       0.3397731440147145        580
  82.805829      42.544076      -3.7723388718981421       0.4802904204123963        580
  85.971055      42.660494      -3.7495811806499111       0.6210741254436170        580
  89.142328      42.774166      -3.7153069820127893       0.7616605558510650        580
  92.319554      42.884737      -3.6695574426976014       0.9015763212983330        580
  95.502611      42.991862      -3.1120181476931159       1.0752501966932035          0
  98.691358      43.095204      -2.4546298686480803       1.2138330247732676          0
  101.885629      43.194435      -1.7589591020737465       1.3081899193632369          0
  105.085237      43.289241      -1.0286237925216453       1.3547182046404078          0
  108.289970      43.379317      -0.3616879963537027       1.3505595918589246          0
  111.499595      43.464376      -0.1467461593785288       1.3301812100031070          0
  114.713857      43.544142      -0.0452052311094822       1.3215466720389870          0
  117.932482      43.618357       0.0510763260367971       1.3196457188006652          0
  121.155171      43.686779       0.1465022116998911       1.3145868933725500          0
  124.381611      43.749184       0.2452432443544141       1.3051187540320481          0
  127.611469      43.805369       0.3474676042694820       1.2801761919517558          0
  130.844395      43.855148       0.4517485892367196       1.2257147727753941          0
  134.080025      43.898357       0.5530869511668963       1.1304357500054356          0
  137.317981      43.934853       0.6330913389032087       0.9313525632627497          0
  140.557873      43.964515      -0.0000000000000000       0.0000000000000000          0
  39.295362      38.227818      -2.2178852041532515      -0.0067900173859005        503
  42.381122      38.344216      -2.3955627654189766       0.0616210225986330        503
  45.471751      38.462951      -0.0000000000000000       0.0000000000000000        526
  48.567390      38.583682      -0.0000000000000000       0.0000000000000000        505
  51.668168      38.706059      -0.0000000000000000       0.0000000000000000        301
  54.774204      38.829727      -0.0000000000000000       0.0000000000000000        301
  57.885600      38.954323      -0.0000000000000000       0.0000000000000000        301
  61.002449      39.079482      -0.0000000000000000       0.0000000000000000        301
  64.124824      39.204834      -0.0000000000000000       0.0000000000000000        301
  67.252785      39.330007      -0.8002616345621687       0.1160520189646606          0
  70.386377      39.454628      -2.5519189492520660       0.4230489036172660          0
  73.525625      39.578322      -3.6057010911378224       0.6616092361678280        501
  76.670538      39.700716      -3.7836431630351992       0.2221659914589657        580
  79.821106      39.821438      -3.7832556413523069       0.3547752497136669        580
  82.977299      39.940122      -3.7714004120741946       0.4880783078125521        580
  86.139070      40.056402      -3.7480526445412048       0.6216449594456790        580
  89.306348      40.169919      -3.7404014769126288       0.8141114143544259          0
  92.479045      40.280323      -3.7961337184854109       1.0534701957992163          0
  95.657051      40.387270      -3.5257404676876170       1.2977512210739426          0
  98.840234      40.490423      -2.9347951476459269       1.4775674330692867          0
  102.028443      40.589459      -2.1573940804703584       1.5518512195813967          0
  105.221506      40.684065      -1.3046445564010676       1.5479368331315206          0
  108.419230      40.773939      -0.5023614267486728       1.4741803712443038          0
  111.621401      40.858796      -0.1582174781246080       1.4099802501904022          0
  114.827787      40.938363      -0.0509832168278517       1.4284490007006805          0
  118.038137      41.012384       0.0571892400944910       1.4466330081312395          0
  121.252180      41.080620       0.1665763959062793       1.4597577125097070          0
  124.469630      41.142850       0.2769155415826273       1.4660548826332953          0
  127.690183      41.198872       0.3876350996830789       1.4702954459754132          0
  130.913523      41.248502       0.4963549173970460       1.4399342993112241          0
  134.139317      41.291579       0.5722029419608399       1.1197976136200900          0
  137.367223      41.327962      -0.0000000000000000       0.0000000000000000          0
  140.596887      41.357530      -0.0000000000000000       0.0000000000000000          0
  39.447573      35.623515      -2.2268045803758945       0.1907852424014167        503
  42.536873      35.740037      -2.4043509747747711       0.2550591801571289        503
  45.630610      35.858883      -0.0000000000000000       0.0000000000000000        505
  48.728912      35.979708      -0.0000000000000000       0.0000000000000000        505
  51.831896      36.102161      -0.0000000000000000       0.0000000000000000        505
  54.939670      36.225887      -0.0000000000000000       0.0000000000000000        505
  58.052327      36.350522      -0.0000000000000000       0.0000000000000000        505
  61.169950      36.475701      -0.0000000000000000       0.0000000000000000        301
  64.292607      36.601053      -0.0000000000000000       0.0000000000000000        301
  67.420351      36.726206      -1.5536311117778454       0.3556677605985084          0
  70.553222      36.850787      -3.4708476114201097       0.7315588992141094        501
  73.691243      36.974421      -3.6129327968911684       0.8398216067004930        501
  76.834420      37.096737      -3.7443898159477054       0.9535514984461722        501
  79.982745      37.217363      -3.8195217158258101       0.8716454708973406          0
  83.136189      37.335933      -3.8324712412716249       0.7776439412502197          0
  86.294708      37.452084      -3.8661244064870912       0.9689118874429461          0
  89.458238      37.565459      -3.8946320053350614       1.1346221079808112          0
  92.626696      37.675707      -3.9554431867137394       1.3096269068875710          0
  95.799983      37.782487      -3.9002204720977636       1.5192493936646776          0
  98.977977      37.885466      -3.4243619235694482       1.6853593008925116          0
  102.160541      37.984321      -2.4840420960225940       1.6621513798903760          0
  105.347517      38.078741      -1.4446310844477006       1.5150444974213946          0
  108.538728      38.168428      -0.5329371990977011       1.2924642852591472          0
  111.733981      38.253098      -0.1258447004714983       1.1849788093048590          0
  114.933063      38.332480      -0.0261481502631455       1.2098393255198352          0
  118.135746      38.406322       0.0748109027566168       1.2348611788652994          0
  121.341783      38.474386       0.1776796230795061       1.2498874516812930          0
  124.550914      38.536454       0.2814489247623024       1.2390241639897401          0
  127.762864      38.592325       0.3833247065917679       1.1935499555531268          0
  130.977343      38.641818       0.4790002527423036       1.1013258295713020          0
  134.194050      38.684773      -0.0000000000000000       0.0000000000000000          0
  137.412674      38.721051      -0.0000000000000000       0.0000000000000000          0
  140.632894      38.750533      -0.0000000000000000       0.0000000000000000          0
  39.590175      33.019032      -2.2351466262253488       0.3873521882961458        503
  42.682752      33.135671      -2.4125659935634061       0.4472886835052247        503
  45.779357      33.254618      -2.5831755463389268       0.5127365050106325        503
  48.880108      33.375530      -0.0000000000000000       0.0000000000000000        505
  51.985112      33.498055      -0.0000000000000000       0.0000000000000000        505
  55.094465      33.621834      -0.0000000000000000       0.0000000000000000        505
  58.208255      33.746505      -0.0000000000000000       0.0000000000000000        505
  61.326554      33.871702      -0.0000000000000000       0.0000000000000000        506
  64.449426      33.997052      -0.0000000000000000       0.0000000000000000        506
  67.576919      34.122186      -2.5899395080214358       0.7024449500112691          0
  70.709068      34.246728      -3.4781533692196214       0.9138019071324700        501
  73.845894      34.370306      -3.6196584211618017       1.0151769301659492        501
  76.987404      34.492547      -3.7505036225340000       1.1217156868063567        501
  80.133589      34.613083      -3.8702458650504807       1.2331406829650911        501
  83.284423      34.731546      -3.9637775034090637       1.3050438892647738          0
  86.439866      34.847576      -4.0086676478175516       1.3598799547791527          0
  89.599858      34.960817      -4.0425839118725992       1.4524429576931803          0
  92.764326      35.070919      -4.1040333461527334       1.5853904732955437          0
  95.933176      35.177544      -4.1928991428007567       1.7561096894704868          0
  99.106301      35.280359      -4.0305881174335330       1.9216552708271593          0
  102.283574      35.379045      -2.6900062254028265       1.6864830291905251          0
  105.464851      35.473292      -1.3567858463252969       1.3391938365927238          0
  108.649973      35.562804      -0.3761681884570055       1.0225381739309285          0
  111.838762      35.647299      -0.0949305272417764       0.9615993060383792          0
  115.031026      35.726510      -0.0028555346249903       0.9951906478918577          0
  118.226556      35.800185       0.0911506161487979       1.0285372967869590          0
  121.425131      35.868089       0.1880176261532296       1.0422482280509680          0
  124.626511      35.930006       0.2856586676164876       1.0253885701544105          0
  127.830448      35.985736       0.3810777988640042       0.9763301866726708          0
  131.036680      36.035102       0.4700497546621298       0.8790955536619550          0
  134.244933      36.077944      -0.0000000000000000       0.0000000000000000          0
  137.454924      36.114124      -0.0000000000000000       0.0000000000000000          0
  140.666362      36.143525      -0.0000000000000000       0.0000000000000000          0
  39.724588      30.414397      -2.2429969334548554       0.5825551882604598        503
  42.820216      30.531144      -2.4202929079380189       0.6379690877374280        503
  45.919488      30.650187      -2.5907213978796411       0.6985334125568803        503
  49.022507      30.771180      -2.7537634720052244       0.7641521468283403        503
  52.129373      30.893770      -2.9089173903998349       0.8347110226979981        503
  55.240173      31.017599      -0.0000000000000000       0.0000000000000000        505
  58.354986      31.142304      -0.0000000000000000       0.0000000000000000        505
  61.473880      31.267516      -0.0000000000000000       0.0000000000000000      50601
  64.596911      31.392865      -0.0000000000000000       0.0000000000000000      50601
  67.724124      31.517978      -0.0000000000000000       0.0000000000000000      50601
  70.855552      31.642484      -3.4849968245211631       1.0931717757969583        501
  73.991214      31.766008      -3.6259541912585762       1.1874136705043747        501
  77.131116      31.888179      -3.7562225172350949       1.2865119020899309        501
  80.275251      32.008628      -3.8753655120717490       1.3902092017991985        501
  83.423594      32.126991      -3.9829773981605938       1.4982242408725501        501
  86.576111      32.242906      -4.0786847236545416       1.6102520318797893        501
  89.732747      32.356020      -4.1621481214580340       1.7259645281208928        501
  92.893435      32.465986      -4.2330640012950909       1.8450114262029627        501
  96.058093      32.572464      -4.2911661611803016       1.9670211747272215        501
  99.226621      32.675126      -4.4626485717770024       2.3698486492286697        607
  102.398905      32.773652      -2.1211830173707797       1.3658114271498076          0
  105.574815      32.867736      -0.8179016112897404       0.9606955768774202          0
  108.754207      32.957084      -0.1551868763763202       0.7350520050596112          0
  111.936919      33.041416      -0.0661755363859682       0.7414246439992924          0
  115.122778      33.120466       0.0186856157590655       0.7841442351322725          0
  118.311594      33.193984       0.1057930943771414       0.8295441490742149          0
  121.503166      33.261738       0.1970889526906064       0.8486344045397312          0
  124.697280      33.323513       0.2895203920910699       0.8341745304495376          0
  127.893708      33.379112       0.3801377207931684       0.7952925708086082          0
  131.092213      33.428358       0.4664534350588169       0.7276416543418025          0
  134.292548      33.471094      -0.0000000000000000       0.0000000000000000          0
  137.494457      33.507183      -0.0000000000000000       0.0000000000000000          0
  140.697675      33.536509       0.8202371754254383       1.2079333979368887        629
  39.852008      27.809631      -2.2504274599492571       0.7760327716388266        503
  42.950498      27.926481      -2.4276031863083039       0.8267534214039154        503
  46.052262      28.045613      -2.5978568243311422       0.8822542238847344        503
  49.157396      28.166683      -2.7606711770619450       0.9424520410144811        503
  52.265990      28.289334      -2.9155468665855286       1.0072465272447082        503
  55.378123      28.413210      -3.0620039151156475       1.0765194855675579        503
  58.493868      28.537945      -0.0000000000000000       0.0000000000000000        505
  61.613286      28.663170      -0.0000000000000000       0.0000000000000000        505
  64.736430      28.788517      -0.0000000000000000       0.0000000000000000      50601
  67.863341      28.913612      -0.0000000000000000       0.0000000000000000          0
  70.994049      29.038081      -3.4914461565222119       1.2693775254525699        501
  74.128573      29.161553      -3.6318835890615020       1.3562592562879066        501
  77.266918      29.283657      -3.7616049107913341       1.4476860822188657        501
  80.409079      29.404025      -3.8801803021256944       1.5434218655346421        501
  83.555035      29.522292      -3.9872107756077924       1.6432075280261551        501
  86.704754      29.638098      -4.0823299097687178       1.7467614171392258        501
  89.858190      29.751092      -4.1652055239511920       1.8537798637747067        501
  93.015281      29.860928      -4.2355412821198293       1.9639379362363627        501
  96.175953      29.967267      -4.4921376565608568       2.2821338023090858        607
  99.340117      30.069784      -4.4613068016907436       2.4045790008088832       7250
  102.507671      30.168160      -0.9925353916594585       0.8767028532073820          0
  105.678497      30.262090      -0.2421106593710285       0.6498724485057421          0
  108.852466      30.351283      -0.1554972232762959       0.6571317672532336          0
  112.029431      30.435460      -0.0656623331029776       0.6657962385047274          0
  115.209237      30.514358       0.0251483448063522       0.6731874712636630          0
  118.391713      30.587728       0.1154848382706492       0.6766756385042421          0
  121.576677      30.655341       0.2045206872968938       0.6747288589248863          0
  124.763935      30.716982       0.2926749243014303       0.6737157348811639          0
  127.953282      30.772458       0.3803405904092277       0.6608763352334512          0
  131.144505      30.821592      -0.0000000000000000       0.0000000000000000          0
  134.337380      30.864228      -0.0000000000000000       0.0000000000000000          0
  137.531676      30.900230      -0.0000000000000000       0.0000000000000000          0
  140.727154      30.929486      -0.0000000000000000       0.0000000000000000          0
  39.973456      25.204754      -2.2574993771949874       0.9674199372074506        503
  43.074644      25.321700      -2.4345575298178725       1.0132906689579544        503
  46.178753      25.440918      -2.6046416136086403       1.0635626504191336        503
  49.285870      25.562059      -2.7672361527208853       1.1181663788724863        503
  52.396077      25.684769      -2.9218440873136520       1.1770162109404578        503
  55.509446      25.808688      -3.0679883358214717       1.2400096985889564        503
  58.626044      25.933451      -0.0000000000000000       0.0000000000000000      50602
  61.745927      26.058690      -0.0000000000000000       0.0000000000000000      50602
  64.869144      26.184033      -0.0000000000000000       0.0000000000000000      50602
  67.995733      26.309109      -0.0000000000000000       0.0000000000000000          0
  71.125723      26.433544      -3.4975588537980760       1.4421211875298345        501
  74.259130      26.556966      -3.6375000806941942       1.5214339593376947        501
  77.395963      26.679006      -3.7666999381271946       1.6049769368924847        501
  80.536216      26.799294      -3.8847347796309579       1.6925359338504833        501
  83.679873      26.917470      -3.9912120813736940       1.7838749204127424        501
  86.826906      27.033173      -4.0857721004662562       1.8787363485899058        501
  89.977274      27.146052      -4.1680894698182787       1.9768416631112466        501
  93.130923      27.255764      -0.0000000000000000       0.0000000000000000          0
  96.287787      27.361971      -4.4912810355506592       2.3208193003322113        607
  99.447787      27.464349      -4.4600177356911130       2.4334332716276315       7250
  102.610831      27.562582      -0.3929099244135244       0.5580632818209995          0
  105.776816      27.656366      -0.2420740827743339       0.5617492101731367          0
  108.945623      27.745412      -0.1563430966907845       0.5791393398050218          0
  112.117125      27.829442      -0.0656584986558567       0.5918304903046184          0
  115.291179      27.908196       0.0261327485122820       0.6012577455316099          0
  118.467634      27.981426       0.1175415201344925       0.6070096419226607          0
  121.646325      28.048905       0.2064100129463451       0.6061503659357436          0
  124.827079      28.110420       0.2945459270295823       0.6014854499357899          0
  128.009712      28.165778       0.3821157224967593       0.5947911369125851          0
  131.194032      28.214805      -0.0000000000000000       0.0000000000000000          0
  134.379837      28.257346      -0.0000000000000000       0.0000000000000000          0
  137.566920      28.293268      -0.0000000000000000       0.0000000000000000          0
  140.755068      28.322456      -0.0000000000000000       0.0000000000000000          0
  40.089812      22.599782      -0.0000000000000000       0.0000000000000000          0
  43.193559      22.716820      -2.4412080658181923       1.1972278586627858        503
  46.299885      22.836119      -2.6111270604627994       1.2421200827050167        503
  49.408873      22.957329      -2.7735084830886274       1.2909716079560452        503
  52.520594      23.080094      -2.9278575556487740       1.3437122022826524        503
  55.635116      23.204053      -3.0737000292784491       1.4002558902925919        503
  58.752499      23.328843      -0.0000000000000000       0.0000000000000000      50602
  61.872796      23.454093      -0.0000000000000000       0.0000000000000000      50602
  64.996052      23.579433      -0.0000000000000000       0.0000000000000000          0
  68.122302      23.704489      -0.0000000000000000       0.0000000000000000          0
  71.251573      23.828891      -0.0000000000000000       0.0000000000000000          0
  74.383883      23.952265      -3.6428491957284428       1.6826540121193105        501
  77.519240      24.074242      -3.7715493895118009       1.7581191391229332        501
  80.657642      24.194456      -3.8890667808354791       1.8373047186841243        501
  83.799075      24.312543      -3.9950150299050451       1.9199984894758300        501
  86.943515      24.428146      -4.0890407711229875       2.0059677028317910        501
  90.090928      24.540916      -0.0000000000000000       0.0000000000000000          0
  93.241267      24.650509      -0.0000000000000000       0.0000000000000000          0
  96.394474      24.756590      -0.0000000000000000       0.0000000000000000          0
  99.550480      24.858836      -4.4587735654209686       2.4564169877037294       7250
  102.709204      24.956932      -0.3118784062318407       0.4387378092840272          0
  105.870554      25.050577      -0.2461613131471089       0.4804267655799197          0
  109.034425      25.139482      -0.1588931760970740       0.5034143982312194          0
  112.200703      25.223372      -0.0661110111549952       0.5195932689934354          0
  115.369263      25.301988       0.0272411558101668       0.5309885772093007          0
  118.539969      25.375084       0.1194984086807189       0.5379901676498357          0
  121.712675      25.442435       0.2083116170999690       0.5379061986705200          0
  124.887225      25.503829       0.2964023447360525       0.5345517380966098          0
  128.063456      25.559076      -0.0000000000000000       0.0000000000000000          0
  131.241196      25.608001      -0.0000000000000000       0.0000000000000000          0
  134.420266      25.650452      -0.0000000000000000       0.0000000000000000          0
  137.600479      25.686296      -0.0000000000000000       0.0000000000000000          0
  140.781644      25.715420      -0.0000000000000000       0.0000000000000000          0
  40.201843      19.994728      -0.0000000000000000       0.0000000000000000          0
  43.308027      20.111856      -0.0000000000000000       0.0000000000000000          0
  46.416464      20.231232      -2.6173576635005222       1.4175874707624168        503
  49.527224      20.352507      -2.7795315727181533       1.4605434877987264        503
  52.640375      20.475324      -2.9336292615276842       1.5070257247548329        503
  55.755978      20.599323      -3.0791792616592271       1.5569653344308478        503
  58.874088      20.724137      -0.0000000000000000       0.0000000000000000          0
  61.994754      20.849397      -0.0000000000000000       0.0000000000000000          0
  65.118018      20.974733      -0.0000000000000000       0.0000000000000000          0
  68.243913      21.099771      -0.0000000000000000       0.0000000000000000          0
  71.372465      21.224140      -0.0000000000000000       0.0000000000000000          0
  74.503693      21.347467      -0.0000000000000000       0.0000000000000000          0
  77.637606      21.469384      -3.7761891997989112       1.9068459207132413        501
  80.774203      21.589524      -3.8932087972812184       1.9774802129761540        501
  83.913475      21.707527      -3.9986485309024382       2.0513491859315121        501
  87.055402      21.823034      -0.0000000000000000       0.0000000000000000          0
  90.199957      21.935698      -0.0000000000000000       0.0000000000000000          0
  93.347098      22.045177      -0.0000000000000000       0.0000000000000000          0
  96.496777      22.151137      -0.0000000000000000       0.0000000000000000          0
  99.648933      22.253255      -4.4575673267593583       2.4735369526676996       7250
  102.803497      22.351220      -0.3111687249341882       0.3891632967101433      60401
  105.960387      22.444730      -0.2560709437653272       0.4034777635869453          0
  109.119512      22.533500      -0.1639375924403825       0.4313477745470665          0
  112.280773      22.617256      -0.0664734208855551       0.4503392650446031          0
  115.444057      22.695740       0.0293069668415726       0.4634207455086800          0
  118.609247      22.768709       0.1217143186685706       0.4701592714057677          0
  121.776211      22.835937       0.2100896078442012       0.4700000791805130        602
  124.944814      22.897216      -0.0000000000000000       0.0000000000000000          0
  128.114910      22.952355      -6.3911172446623459       3.4153606133215186        678
  131.286347      23.001183      -0.0000000000000000       0.0000000000000000          0
  134.458964      23.043548      -0.0000000000000000       0.0000000000000000          0
  137.632599      23.079317      -0.0000000000000000       0.0000000000000000          0
  140.807079      23.108380      -0.0000000000000000       0.0000000000000000          0
  40.310225      17.389607      -0.0000000000000000       0.0000000000000000          0
  43.418745      17.506820      -0.0000000000000000       0.0000000000000000          0
  46.529197      17.626270      -2.6233724653785813       1.5896269464968618        503
  49.641647      17.747608      -2.7853434645435127       1.6265587755272790        503
  52.756154      17.870475      -0.0000000000000000       0.0000000000000000          0
  55.872776      17.994511      -0.0000000000000000       0.0000000000000000          0
  58.991562      18.119348      -0.0000000000000000       0.0000000000000000          0
  62.112558      18.244619      -0.0000000000000000       0.0000000000000000          0
  65.235802      18.369950      -0.0000000000000000       0.0000000000000000          0
  68.361328      18.494970      -0.0000000000000000       0.0000000000000000          0
  71.489160      18.619306      -0.0000000000000000       0.0000000000000000          0
  74.619317      18.742588      -0.0000000000000000       0.0000000000000000          0
  77.751810      18.864446      -3.7806506123943495       2.0508912150462462        501
  80.886641      18.984515      -3.8971890398468298       2.1128152495445573        501
  84.023804      19.102435      -0.0000000000000000       0.0000000000000000          0
  87.163285      19.217849      -0.0000000000000000       0.0000000000000000          0
  90.305061      19.330411      -0.0000000000000000       0.0000000000000000          0
  93.449099      19.439779      -0.0000000000000000       0.0000000000000000          0
  96.595358      19.545621      -0.0000000000000000       0.0000000000000000          0
  99.743786      19.647617      -0.3609174329859738       0.3422842445011637      60301
  102.894325      19.745455      -0.3096776537092585       0.3499779114672929        604
  106.046904      19.838836      -0.2574677046275554       0.3566984899401325      60405
  109.201446      19.927476      -0.1694636705390196       0.3679290103661540          0
  112.357862      20.011103      -0.0636746785492731       0.3866705287865221          0
  115.516057      20.089459       0.0344627069609786       0.3998752772095185          0
  118.675927      20.162304      -0.0000000000000000       0.0000000000000000          0
  121.837358      20.229414      -0.0000000000000000       0.0000000000000000          0
  125.000230      20.290582      -0.0000000000000000       0.0000000000000000          0
  128.164417      20.345618      -0.0000000000000000       0.0000000000000000          0
  131.329785      20.394352      -6.4437243887013640       3.6561835648206786        678
  134.496193      20.436634      -0.0000000000000000       0.0000000000000000          0
  137.663496      20.472332      -0.0000000000000000       0.0000000000000000          0
  140.831545      20.501336      -0.0000000000000000       0.0000000000000000          0
  40.415562      14.784429      -1.2092597018942506       0.3497004759814031        715
  43.526329      14.901724      -1.3708406660147292       1.1365808126633175        710
  46.638718      15.021246      -0.0000000000000000       0.0000000000000000          0
  49.752785      15.142644      -0.0000000000000000       0.0000000000000000          0
  52.868587      15.265560      -0.0000000000000000       0.0000000000000000          0
  55.986173      15.389631      -0.0000000000000000       0.0000000000000000          0
  59.105590      15.514491      -0.0000000000000000       0.0000000000000000          0
  62.226881      15.639770      -0.0000000000000000       0.0000000000000000          0
  65.350081      15.765096      -0.0000000000000000       0.0000000000000000          0
  68.475223      15.890098      -0.0000000000000000       0.0000000000000000          0
  71.602332      16.014402      -0.0000000000000000       0.0000000000000000          0
  74.731426      16.137639      -0.0000000000000000       0.0000000000000000          0
  77.862518      16.259440      -3.7849611012728768       2.1899914497873030        501
  80.995614      16.379440      -3.9010322802881752       2.2430652971135840        501
  84.130711      16.497279      -0.0000000000000000       0.0000000000000000          0
  87.267799      16.612604      -0.0000000000000000       0.0000000000000000          0
  90.406863      16.725066      -0.0000000000000000       0.0000000000000000          0
  93.547876      16.834326      -0.0000000000000000       0.0000000000000000          0
  96.690804      16.940055      -0.4129937934874089       0.1890728946669446      60302
  99.835607      17.041931      -0.3594387753921113       0.3031287845733089      60301
  102.982234      17.139646      -0.3082337746297702       0.3100206445772384        604
  106.130626      17.232902      -0.2560698523165358       0.3160622946443623        604
  109.280719      17.321416      -0.2031041660032654       0.3212171698803596      60405
  112.432437      17.404917      -0.0000000000000000       0.0000000000000000          0
  115.585699      17.483150      -0.0000000000000000       0.0000000000000000          0
  118.740414      17.555876      -0.0000000000000000       0.0000000000000000          0
  121.896486      17.622871      -0.0000000000000000       0.0000000000000000          0
  125.053812      17.683931      -0.0000000000000000       0.0000000000000000          0
  128.212281      17.738868      -0.0000000000000000       0.0000000000000000          0
  131.371777      17.787512      -6.4442776340927956       3.7524112998472958        678
  134.532179      17.829713      -0.0000000000000000       0.0000000000000000          0
  137.693360      17.865342      -0.0000000000000000       0.0000000000000000          0
  140.855192      17.894289      -0.0000000000000000       0.0000000000000000          0
  40.518398      12.179205      -1.2099812491461079       0.3729420009286225        715
  43.631339      12.296580      -1.3848237903274683       1.5085999882618930        710
  46.745596      12.416171      -0.0000000000000000       0.0000000000000000          0
  49.861220      12.537628      -1.1664914760220961       0.9810334306308866        709
  52.978261      12.660590      -0.0000000000000000       0.0000000000000000          0
  56.096764      12.784695      -0.0000000000000000       0.0000000000000000          0
  59.216774      12.909576      -0.0000000000000000       0.0000000000000000          0
  62.338328      13.034863      -0.0000000000000000       0.0000000000000000          0
  65.461462      13.160185      -0.0000000000000000       0.0000000000000000          0
  68.586206      13.285168      -0.0000000000000000       0.0000000000000000          0
  71.712586      13.409441      -0.0000000000000000       0.0000000000000000          0
  74.840621      13.532633      -0.0000000000000000       0.0000000000000000          0
  77.970326      13.654378      -0.0000000000000000       0.0000000000000000          0
  81.101710      13.774310      -3.9047605259832601       2.3679899707550223        501
  84.234774      13.892071      -4.0087681349174247       2.4144996283088931        502
  87.369514      14.007307      -0.0000000000000000       0.0000000000000000          0
  90.505918      14.119672      -0.0000000000000000       0.0000000000000000          0
  93.643969      14.228827      -0.0000000000000000       0.0000000000000000          0
  96.783641      14.334445      -0.4106958071365043       0.1242775919245314      60302
  99.924900      14.436205      -0.3323436886166529       0.1319006372707977        603
  103.067708      14.533800      -0.3068291704275649       0.2693766366281227        604
  106.212018      14.626934      -0.2547103948237264       0.2747361401616197        604
  109.357773      14.715325      -0.2018002283291054       0.2793354667826817        604
  112.504914      14.798704      -0.0499524098597668       0.2540898991220165        612
  115.653372      14.876817      -0.0000000000000000       0.0000000000000000          0
  118.803071      14.949427      -0.0000000000000000       0.0000000000000000          0
  121.953929      15.016311      -0.0000000000000000       0.0000000000000000          0
  125.105860      15.077267      -0.0000000000000000       0.0000000000000000          0
  128.258770      15.132106      -0.0000000000000000       0.0000000000000000          0
  131.412559      15.180662      -6.4448116362930303       3.8404283402860209        678
  134.567126      15.222785      -0.0000000000000000       0.0000000000000000          0
  137.722361      15.258348      -0.0000000000000000       0.0000000000000000          0
  140.878153      15.287239      -0.0000000000000000       0.0000000000000000          0
  40.619235       9.573943      -1.2091320173851619       0.9400089316119414        709
  43.734287       9.691396      -1.1982286284302774       0.9510499544655728        709
  46.850354       9.811055      -1.1837790238718613       0.9622429151352289        709
  49.967483       9.932569      -1.1658222028067768       0.9735564562493326        709
  53.085716      10.055576      -0.0000000000000000       0.0000000000000000          0
  56.205096      10.179714      -0.0000000000000000       0.0000000000000000          0
  59.325662      10.304616      -0.0000000000000000       0.0000000000000000          0
  62.447452      10.429910      -0.0000000000000000       0.0000000000000000          0
  65.570498      10.555226      -0.0000000000000000       0.0000000000000000          0
  68.694830      10.680191      -0.0000000000000000       0.0000000000000000          0
  71.820474      10.804433      -0.0000000000000000       0.0000000000000000          0
  74.947451      10.927582      -0.0000000000000000       0.0000000000000000          0
  78.075777      11.049270      -0.0000000000000000       0.0000000000000000          0
  81.205466      11.169136      -0.0000000000000000       0.0000000000000000          0
  84.336521      11.286819      -4.0119464895977357       2.5245143347683214        502
  87.468945      11.401968      -0.0000000000000000       0.0000000000000000          0
  90.602732      11.514238      -0.0000000000000000       0.0000000000000000          0
  93.737870      11.623291      -0.0000000000000000       0.0000000000000000          0
  96.874343      11.728800      -0.4084496116729122       0.0591617953340956      60302
  100.012126      11.830446      -0.0000000000000000       0.0000000000000000          0
  103.151190      11.927923      -0.3054566661255791       0.2281320287161827      60402
  106.291498      12.020938      -0.2533823586377246       0.2328072122506503        604
  109.433007      12.109209      -0.2005267448586701       0.2368498934665672        604
  112.575669      12.192468      -0.0000000000000000       0.0000000000000000          0
  115.719427      12.270465      -0.0000000000000000       0.0000000000000000          0
  118.864222      12.342961      -0.0000000000000000       0.0000000000000000          0
  122.009986      12.409737       0.7837633712569830       1.0259585867915111        563
  125.156647      12.470590      -0.0000000000000000       0.0000000000000000          0
  128.304128      12.525335      -0.0000000000000000       0.0000000000000000          0
  131.452347      12.573805      -0.0000000000000000       0.0000000000000000          0
  134.601218      12.615853      -0.0000000000000000       0.0000000000000000          0
  137.750650      12.651349      -0.0000000000000000       0.0000000000000000          0
  140.900550      12.680187      -0.0000000000000000       0.0000000000000000          0
  40.718535       6.968652      -1.2088394363295969       0.9387647634945431        709
  43.835647       7.086182      -1.1978141578423684       0.9469564237022708        709
  46.953477       7.205908      -1.1832407256637567       0.9553321898500968        709
  50.072065       7.327477      -1.1651595945831830       0.9638689464252510        709
  53.191451       7.450528      -0.0000000000000000       0.0000000000000000          0
  56.311672       7.574699      -0.0000000000000000       0.0000000000000000          0
  59.432764       7.699620      -0.0000000000000000       0.0000000000000000          0
  62.554763       7.824921      -0.0000000000000000       0.0000000000000000          0
  65.677700       7.950231      -0.0000000000000000       0.0000000000000000          0
  68.801605       8.075177      -0.0000000000000000       0.0000000000000000          0
  71.926504       8.199387      -0.0000000000000000       0.0000000000000000          0
  75.052420       8.322493      -0.0000000000000000       0.0000000000000000          0
  78.179371       8.444127      -0.0000000000000000       0.0000000000000000          0
  81.307374       8.563927      -0.0000000000000000       0.0000000000000000          0
  84.436437       8.681534      -0.0000000000000000       0.0000000000000000          0
  87.566568       8.796597      -0.0000000000000000       0.0000000000000000          0
  90.697767       8.908773      -0.0000000000000000       0.0000000000000000          0
  93.830029       9.017725      -0.0000000000000000       0.0000000000000000          0
  96.963347       9.123126      -0.4062444691181457      -0.0061372347543761      60302
  100.097704       9.224661      -0.3913194279687372       0.0907083131633259        647
  103.233081       9.322023      -0.3041096714972366       0.1863738386422340      60402
  106.369452       9.414920      -0.2520793439605188       0.1903636495050623      60402
  109.506786       9.503073      -0.1992775577629012       0.1938494548051071        604
  112.645045       9.586216      -0.0460145667834954       0.1078690527851827        613
  115.784188       9.664097       0.0422271933657660       0.1100812414801502        613
  118.924167       9.736482       0.3534079629205447       0.6597761643568098        677
  122.064931       9.803152      -0.0000000000000000       0.0000000000000000          0
  125.206422       9.863905      -0.0000000000000000       0.0000000000000000          0
  128.348578       9.918557      -0.0000000000000000       0.0000000000000000          0
  131.491335       9.966943      -0.0000000000000000       0.0000000000000000          0
  134.634622      10.008915      -6.5162717937114190       4.5393673372418837        680
  137.778366      10.044348      -0.0000000000000000       0.0000000000000000          0
  140.922493      10.073133      -0.0000000000000000       0.0000000000000000          0
  40.816737       4.363341      -1.2085465208159192       0.9353890204737489        709
  43.935867       4.480946      -1.1974006639638399       0.9407122373019603        709
  47.055420       4.600737      -1.1827048179419228       0.9462525421859939        709
  50.175431       4.722361      -0.0000000000000000       0.0000000000000000          0
  53.295935       4.845455      -0.0000000000000000       0.0000000000000000          0
  56.416966       4.969657      -0.0000000000000000       0.0000000000000000          0
  59.538557       5.094597      -0.0000000000000000       0.0000000000000000          0
  62.660741       5.219905      -0.0000000000000000       0.0000000000000000          0
  65.783549       5.345208      -0.0000000000000000       0.0000000000000000          0
  68.907011       5.470136      -0.0000000000000000       0.0000000000000000          0
  72.031153       5.594315      -0.0000000000000000       0.0000000000000000          0
  75.156001       5.717378      -0.0000000000000000       0.0000000000000000          0
  78.281575       5.838957      -0.0000000000000000       0.0000000000000000          0
  81.407894       5.958691      -0.0000000000000000       0.0000000000000000          0
  84.534974       6.076223      -0.0000000000000000       0.0000000000000000          0
  87.662825       6.191202      -0.0000000000000000       0.0000000000000000          0
  90.791455       6.303284      -0.0000000000000000       0.0000000000000000          0
  93.920867       6.412136      -0.5563463716994239       0.0083180203467097      67352
  97.051060       6.517432      -0.4040703649591519      -0.0714823388819730      60302
  100.182027       6.618856      -0.3890307106621966       0.0197339045998211        647
  103.313758       6.716104      -0.3034736453408810       0.0246016710855036      64701
  106.446239       6.808886      -0.2507953938583185       0.1474943958706861      60402
  109.579449       6.896922      -0.1320576425218008       0.0314156380638420      61404
  112.713363       6.979949      -0.0440946555251766       0.0343389710632205        613
  115.847952       7.057717      -0.0000000000000000       0.0000000000000000          0
  118.983183       7.129993      -0.0000000000000000       0.0000000000000000          0
  122.119018       7.196558      -0.0000000000000000       0.0000000000000000          0
  125.255415       7.257212      -0.0000000000000000       0.0000000000000000          0
  128.392326       7.311773      -0.0000000000000000       0.0000000000000000          0
  131.529703       7.360076      -0.0000000000000000       0.0000000000000000          0
  134.667493       7.401975      -6.8695402098504141       0.7862998301354358      61502
  137.805639       7.437344      -0.0000000000000000       0.0000000000000000          0
  140.944084       7.466077      -0.0000000000000000       0.0000000000000000          0
  40.914259       1.758017      -1.2082521187654198       0.9298912910105148        709
  44.035375       1.875697      -1.1969864838914146       0.9323330336522666        709
  47.156620       1.995552      -0.0000000000000000       0.0000000000000000          0
  50.278023       2.117230      -0.0000000000000000       0.0000000000000000          0
  53.399616       2.240367      -0.0000000000000000       0.0000000000000000          0
  56.521430       2.364599      -0.0000000000000000       0.0000000000000000          0
  59.643494       2.489557      -0.0000000000000000       0.0000000000000000          0
  62.765841       2.614871      -0.0000000000000000       0.0000000000000000          0
  65.888501       2.740168      -0.0000000000000000       0.0000000000000000          0
  69.011502       2.865076      -0.0000000000000000       0.0000000000000000          0
  72.134874       2.989224      -0.0000000000000000       0.0000000000000000          0
  75.258642       3.112244      -0.0000000000000000       0.0000000000000000          0
  78.382832       3.233768      -0.0000000000000000       0.0000000000000000          0
  81.507465       3.353437      -0.0000000000000000       0.0000000000000000          0
  84.632561       3.470894      -0.0000000000000000       0.0000000000000000          0
  87.758137       3.585789      -0.0000000000000000       0.0000000000000000          0
  90.884207       3.697779      -0.0000000000000000       0.0000000000000000          0
  94.010781       3.806532      -0.0000000000000000       0.0000000000000000          0
  97.137865       3.911722      -0.4710839860669731      -0.0556963507533853      67352
  100.265464       4.013037      -0.3867652105112092      -0.0513342180388934        647
  103.393575       4.110172      -0.3012801605995970      -0.0473370733349251      64701
  106.522195       4.202839      -0.2148832027756866      -0.0437449138799587      64701
  109.651316       4.290761      -0.0000000000000000       0.0000000000000000          0
  112.780923       4.373673      -0.0000000000000000       0.0000000000000000          0
  115.911002       4.451329      -0.0000000000000000       0.0000000000000000          0
  119.041531       4.523496      -0.0000000000000000       0.0000000000000000          0
  122.172487       4.589957      -0.0000000000000000       0.0000000000000000          0
  125.303842       4.650514      -0.0000000000000000       0.0000000000000000          0
  128.435566       4.704984      -0.0000000000000000       0.0000000000000000          0
  131.567623       4.753205      -5.8802061470072289       1.6055115863633498        681
  134.699978       4.795032      -7.3769809943228850       1.5916646675620059        684
  137.832590       4.830339      -7.3550199500076765       1.6256265289738308        615
  140.965418       4.859020      -7.3110743114310290       1.6598317669985023        615
  41.011510      -0.847312      -1.2079550521031543       0.9222843744664568        709
  44.134587      -0.729558      -0.0000000000000000       0.0000000000000000          0
  47.257499      -0.609639      -0.0000000000000000       0.0000000000000000          0
  50.380271      -0.487908      -0.0000000000000000       0.0000000000000000          0
  53.502929      -0.364729      -0.0000000000000000       0.0000000000000000          0
  56.625502      -0.240467      -0.0000000000000000       0.0000000000000000          0
  59.748018      -0.115491      -0.0000000000000000       0.0000000000000000          0
  62.870506       0.009828      -0.0000000000000000       0.0000000000000000          0
  65.992996       0.135118      -0.0000000000000000       0.0000000000000000          0
  69.115519       0.260007      -0.0000000000000000       0.0000000000000000          0
  72.238103       0.384124      -0.0000000000000000       0.0000000000000000          0
  75.360777       0.507100      -0.0000000000000000       0.0000000000000000          0
  78.483570       0.628570      -0.0000000000000000       0.0000000000000000          0
  81.606506       0.748174      -0.0000000000000000       0.0000000000000000          0
  84.729611       0.865555      -0.0000000000000000       0.0000000000000000          0
  87.852907       0.980366      -0.0000000000000000       0.0000000000000000          0
  90.976415       1.092264      -0.0000000000000000       0.0000000000000000          0
  94.100151       1.200918      -0.0000000000000000       0.0000000000000000          0
  97.224132       1.306004      -0.0000000000000000       0.0000000000000000          0
  100.348369       1.407209      -0.3845133188897729      -0.1223478126426583      67301
  103.472872       1.504232      -0.2991003980104935      -0.1192164865565829      64701
  106.597646       1.596785      -0.2127906967398366      -0.1162768315991004      64701
  109.722693       1.684592      -0.1258405924686528      -0.1135638159592644        735
  112.848015       1.767391      -0.0000000000000000       0.0000000000000000          0
  115.973606       1.844936      -0.0000000000000000       0.0000000000000000          0
  119.099460       1.916995       0.1362613733772490      -0.1070917344861703      61405
  122.225567       1.983353      -1.5492849541119205      -0.4490087577085570        667
  125.351913       2.043813      -0.0000000000000000       0.0000000000000000          0
  128.478483       2.098194      -4.8771742918837626       2.4571386521539287        681
  131.605257       2.146333      -7.3770284174475131       1.5719258306882309        684
  134.732215       2.188088      -7.3768672096139483       1.5871129867864715        801
  137.859334       2.223333      -7.3547376910128310       1.6028010774185548        801
  140.986588       2.251963      -7.3107028322100396       1.6188034527901771        615
>