>anchorPlateId 301
>reconstructionTime 96
>DeformingMeshPoints.gpml lat_lon_velocity_domain_28_32.gpml
>MeshNode <identity>GPlates-b7a3af0e-8119-4abb-9ae6-39bb7e5702ce</identity> <revision>GPlates-7b04c5e6-7801-49f1-bcc4-23d6f4e5417f</revision>
> reconstructionPlateId 0
> validTime TimePeriod <begin> TimeInstant <timePosition>http://gplates.org/times/distantPast</timePosition></begin> <end> TimeInstant <timePosition>http://gplates.org/times/distantFuture</timePosition></end>
  41.327151      72.777682      -0.0000000000000000       0.0000000000000000        302
  44.413907      72.809098      -0.0000000000000000       0.0000000000000000        302
  47.506123      72.841104      -0.0000000000000000       0.0000000000000000        302
  50.603922      72.873608      -0.0000000000000000       0.0000000000000000        302
  53.707419      72.906514      -0.0000000000000000       0.0000000000000000        373
  56.816707      72.939728      -0.0000000000000000       0.0000000000000000        372
  59.931868      72.973152      -0.0000000000000000       0.0000000000000000        372
  63.052966      73.006687      -0.0000000000000000       0.0000000000000000        372
  66.180049      73.040235      -0.0000000000000000       0.0000000000000000        372
  69.313146      73.073695      -0.0000000000000000       0.0000000000000000        372
  72.452270      73.106967      -0.0000000000000000       0.0000000000000000        372
  75.597413      73.139950      -0.0000000000000000       0.0000000000000000        401
  78.748550      73.172546      -0.0000000000000000       0.0000000000000000        401
  81.905637      73.204653      -0.0000000000000000       0.0000000000000000        401
  85.068609      73.236174      -0.0000000000000000       0.0000000000000000        401
  88.237383      73.267012      -0.0000000000000000       0.0000000000000000        401
  91.411855      73.297071      -0.0000000000000000       0.0000000000000000        401
  94.591901      73.326256      -0.0000000000000000       0.0000000000000000        401
  97.777377      73.354478      -0.0000000000000000       0.0000000000000000        401
  100.968121      73.381647      -0.0000000000000000       0.0000000000000000        401
  104.163948      73.407676      -0.0000000000000000       0.0000000000000000        401
  107.364658      73.432483      -0.0000000000000000       0.0000000000000000        401
  110.570028      73.455989      -0.0000000000000000       0.0000000000000000        401
  113.779821      73.478119      -0.0000000000000000       0.0000000000000000        401
  116.993779      73.498800      -0.0000000000000000       0.0000000000000000          0
  120.211630      73.517967      -0.0000000000000000       0.0000000000000000          0
  123.433083      73.535557      -0.0000000000000000       0.0000000000000000          0
  126.657836      73.551512      -0.0000000000000000       0.0000000000000000          0
  129.885570      73.565780      -0.0000000000000000       0.0000000000000000          0
  133.115955      73.578315      -0.0000000000000000       0.0000000000000000          0
  136.348650      73.589076      -0.0000000000000000       0.0000000000000000          0
  139.583303      73.598027      -0.0000000000000000       0.0000000000000000          0
  142.819554      73.605138       0.1792826573111299       0.3125717175174634      42201
  41.588616      70.171857      -0.0000000000000000       0.0000000000000000        302
  44.681120      70.203327      -0.0000000000000000       0.0000000000000000        302
  47.778339      70.235380      -0.0000000000000000       0.0000000000000000        302
  50.880377      70.267923      -0.0000000000000000       0.0000000000000000        302
  53.987326      70.300861      -0.0000000000000000       0.0000000000000000        302
  57.099263      70.334098      -0.0000000000000000       0.0000000000000000        302
  60.216253      70.367536      -0.0000000000000000       0.0000000000000000        372
  63.338346      70.401077      -0.0000000000000000       0.0000000000000000        372
  66.465578      70.434621      -0.0000000000000000       0.0000000000000000        372
  69.597969      70.468068      -0.0000000000000000       0.0000000000000000        372
  72.735523      70.501317      -0.0000000000000000       0.0000000000000000        401
  75.878229      70.534270      -0.0000000000000000       0.0000000000000000        401
  79.026062      70.566826      -0.0000000000000000       0.0000000000000000        401
  82.178977      70.598886      -0.0000000000000000       0.0000000000000000        401
  85.336914      70.630353      -0.0000000000000000       0.0000000000000000        401
  88.499797      70.661129      -0.0000000000000000       0.0000000000000000        401
  91.667533      70.691120      -0.0000000000000000       0.0000000000000000        401
  94.840011      70.720233      -0.0000000000000000       0.0000000000000000        401
  98.017106      70.748377      -0.0000000000000000       0.0000000000000000        401
  101.198674      70.775464      -0.0000000000000000       0.0000000000000000        401
  104.384555      70.801410      -0.0000000000000000       0.0000000000000000        401
  107.574576      70.826132      -0.0000000000000000       0.0000000000000000        401
  110.768545      70.849553      -0.0000000000000000       0.0000000000000000        401
  113.966258      70.871598      -0.0000000000000000       0.0000000000000000        401
  117.167493      70.892196      -0.0000000000000000       0.0000000000000000        401
  120.372019      70.911282      -0.0000000000000000       0.0000000000000000        401
  123.579588      70.928795      -0.0000000000000000       0.0000000000000000        401
  126.789943      70.944678      -0.0000000000000000       0.0000000000000000        401
  130.002813      70.958881      -0.0000000000000000       0.0000000000000000      43101
  133.217919      70.971356      -0.0000000000000000       0.0000000000000000      43101
  136.434971      70.982065      -0.0000000000000000       0.0000000000000000          0
  139.653674      70.990971      -0.0000000000000000       0.0000000000000000          0
  142.873724      70.998047      -0.0000000000000000       0.0000000000000000          0
  41.791472      67.565736      -0.0000000000000000       0.0000000000000000        302
  44.888344      67.597248      -0.0000000000000000       0.0000000000000000        302
  47.989349      67.629337      -0.0000000000000000       0.0000000000000000        302
  51.094574      67.661910      -0.0000000000000000       0.0000000000000000        302
  54.204098      67.694872      -0.0000000000000000       0.0000000000000000        302
  57.317983      67.728126      -0.0000000000000000       0.0000000000000000        302
  60.436285      67.761574      -0.0000000000000000       0.0000000000000000        302
  63.559042      67.795119      -0.0000000000000000       0.0000000000000000        302
  66.686282      67.828659      -0.0000000000000000       0.0000000000000000        302
  69.818020      67.862095      -0.0000000000000000       0.0000000000000000        401
  72.954256      67.895328      -0.0000000000000000       0.0000000000000000        401
  76.094977      67.928256      -0.0000000000000000       0.0000000000000000        401
  79.240156      67.960781      -0.0000000000000000       0.0000000000000000        401
  82.389753      67.992805      -0.0000000000000000       0.0000000000000000        401
  85.543711      68.024228      -0.0000000000000000       0.0000000000000000        401
  88.701961      68.054957      -0.0000000000000000       0.0000000000000000        401
  91.864419      68.084895      -0.0000000000000000       0.0000000000000000        401
  95.030986      68.113951      -0.0000000000000000       0.0000000000000000        401
  98.201551      68.142035      -0.0000000000000000       0.0000000000000000        401
  101.375986      68.169060      -0.0000000000000000       0.0000000000000000        401
  104.554152      68.194941      -0.0000000000000000       0.0000000000000000        401
  107.735894      68.219598      -0.0000000000000000       0.0000000000000000        401
  110.921047      68.242953      -0.0000000000000000       0.0000000000000000        401
  114.109431      68.264932      -0.0000000000000000       0.0000000000000000        401
  117.300854      68.285466      -0.0000000000000000       0.0000000000000000        401
  120.495113      68.304491      -0.0000000000000000       0.0000000000000000        401
  123.691996      68.321945      -0.0000000000000000       0.0000000000000000        401
  126.891278      68.337773      -0.0000000000000000       0.0000000000000000      43102
  130.092726      68.351924      -0.0000000000000000       0.0000000000000000      43101
  133.296099      68.364354      -0.0000000000000000       0.0000000000000000      43101
  136.501147      68.375023       0.0644333155547624       0.0867844466506139      43202
  139.707615      68.383895       0.1229029791166106       0.0823159393822722      43200
  142.915241      68.390943       0.1810087099264205       0.0747270860819661      43204
  41.954040      64.959412      -0.0000000000000000       0.0000000000000000        302
  45.054356      64.990957      -0.0000000000000000       0.0000000000000000        302
  48.158334      65.023074      -0.0000000000000000       0.0000000000000000        302
  51.266050      65.055671      -0.0000000000000000       0.0000000000000000        302
  54.377571      65.088652      -0.0000000000000000       0.0000000000000000        302
  57.492951      65.121919      -0.0000000000000000       0.0000000000000000        302
  60.612235      65.155376      -0.0000000000000000       0.0000000000000000        302
  63.735457      65.188923      -0.0000000000000000       0.0000000000000000        390
  66.862637      65.222460      -0.0000000000000000       0.0000000000000000        468
  69.993787      65.255888      -0.0000000000000000       0.0000000000000000        401
  73.128904      65.289106      -0.0000000000000000       0.0000000000000000        401
  76.267974      65.322014      -0.0000000000000000       0.0000000000000000        401
  79.410972      65.354515      -0.0000000000000000       0.0000000000000000        401
  82.557859      65.386508      -0.0000000000000000       0.0000000000000000        401
  85.708583      65.417897      -0.0000000000000000       0.0000000000000000        401
  88.863082      65.448587      -0.0000000000000000       0.0000000000000000        401
  92.021278      65.478483      -0.0000000000000000       0.0000000000000000        401
  95.183085      65.507494      -0.0000000000000000       0.0000000000000000        401
  98.348400      65.535530      -0.0000000000000000       0.0000000000000000        401
  101.517112      65.562505      -0.0000000000000000       0.0000000000000000        401
  104.689095      65.588335      -0.0000000000000000       0.0000000000000000        401
  107.864213      65.612939      -0.0000000000000000       0.0000000000000000        401
  111.042319      65.636241      -0.0000000000000000       0.0000000000000000        401
  114.223254      65.658168      -0.0000000000000000       0.0000000000000000        401
  117.406850      65.678652      -0.0000000000000000       0.0000000000000000        401
  120.592928      65.697627      -0.0000000000000000       0.0000000000000000        401
  123.781300      65.715034      -0.0000000000000000       0.0000000000000000        401
  126.971770      65.730819      -0.0000000000000000       0.0000000000000000      43102
  130.164134      65.744930      -0.0000000000000000       0.0000000000000000      43101
  133.358179      65.757323      -0.0000000000000000       0.0000000000000000      43101
  136.553688      65.767960      -0.0000000000000000       0.0000000000000000      43101
  139.750437      65.776806       0.1236816350122188      -0.0370518064105623      43202
  142.948198      65.783832       0.1816030784598130      -0.0445018691565060      43202
  42.087739      62.352943      -0.0000000000000000       0.0000000000000000        302
  45.190849      62.384515      -0.0000000000000000       0.0000000000000000        302
  48.297232      62.416655      -0.0000000000000000       0.0000000000000000        302
  51.406955      62.449271      -0.0000000000000000       0.0000000000000000        302
  54.520075      62.482267      -0.0000000000000000       0.0000000000000000        302
  57.636639      62.515546      -0.0000000000000000       0.0000000000000000        302
  60.756687      62.549009      -0.0000000000000000       0.0000000000000000        390
  63.880245      62.582557      -0.0000000000000000       0.0000000000000000        390
  67.007332      62.616091      -0.0000000000000000       0.0000000000000000        468
  70.137955      62.649512      -0.0000000000000000       0.0000000000000000        468
  73.272110      62.682718      -0.0000000000000000       0.0000000000000000        401
  76.409784      62.715610      -0.0000000000000000       0.0000000000000000        401
  79.550952      62.748090      -0.0000000000000000       0.0000000000000000        401
  82.695577      62.780058      -0.0000000000000000       0.0000000000000000        401
  85.843612      62.811420      -0.0000000000000000       0.0000000000000000        401
  88.995001      62.842078      -0.0000000000000000       0.0000000000000000        401
  92.149672      62.871939      -0.0000000000000000       0.0000000000000000        401
  95.307548      62.900913      -0.0000000000000000       0.0000000000000000        401
  98.468536      62.928909      -0.0000000000000000       0.0000000000000000        401
  101.632535      62.955843      -0.0000000000000000       0.0000000000000000        401
  104.799434      62.981630      -0.0000000000000000       0.0000000000000000        401
  107.969111      63.006192      -0.0000000000000000       0.0000000000000000        401
  111.141434      63.029451      -0.0000000000000000       0.0000000000000000        401
  114.316262      63.051336      -0.0000000000000000       0.0000000000000000        401
  117.493445      63.071777      -0.0000000000000000       0.0000000000000000        401
  120.672824      63.090712      -0.0000000000000000       0.0000000000000000        401
  123.854233      63.108081      -0.0000000000000000       0.0000000000000000        401
  127.037496      63.123830      -0.0000000000000000       0.0000000000000000        401
  130.222433      63.137908      -0.0000000000000000       0.0000000000000000        401
  133.408857      63.150272      -0.0000000000000000       0.0000000000000000        401
  136.596575      63.160882      -0.0000000000000000       0.0000000000000000        401
  139.785388      63.169706      -0.0000000000000000       0.0000000000000000      43101
  142.975094      63.176715      -0.0000000000000000       0.0000000000000000      43101
  42.200058      59.746366      -0.0000000000000000       0.0000000000000000        302
  45.305488      59.777960      -0.0000000000000000       0.0000000000000000        302
  48.413863      59.810120      -0.0000000000000000       0.0000000000000000        302
  51.525242      59.842752      -0.0000000000000000       0.0000000000000000        302
  54.639675      59.875761      -0.0000000000000000       0.0000000000000000        302
  57.757204      59.909048      -0.0000000000000000       0.0000000000000000        302
  60.877861      59.942516      -0.0000000000000000       0.0000000000000000        390
  64.001671      59.976066      -0.0000000000000000       0.0000000000000000        390
  67.128649      60.009598      -0.0000000000000000       0.0000000000000000        468
  70.258800      60.043012      -0.0000000000000000       0.0000000000000000        401
  73.392119      60.076207      -0.0000000000000000       0.0000000000000000        401
  76.528592      60.109086      -0.0000000000000000       0.0000000000000000        401
  79.668197      60.141548      -0.0000000000000000       0.0000000000000000        401
  82.810900      60.173496      -0.0000000000000000       0.0000000000000000        401
  85.956656      60.204833      -0.0000000000000000       0.0000000000000000        401
  89.105415      60.235465      -0.0000000000000000       0.0000000000000000        401
  92.257111      60.265297      -0.0000000000000000       0.0000000000000000        401
  95.411673      60.294239      -0.0000000000000000       0.0000000000000000        401
  98.569019      60.322203      -0.0000000000000000       0.0000000000000000        401
  101.729057      60.349102      -0.0000000000000000       0.0000000000000000        401
  104.891686      60.374854      -0.0000000000000000       0.0000000000000000        401
  108.056797      60.399380      -0.0000000000000000       0.0000000000000000        401
  111.224271      60.422603      -0.0000000000000000       0.0000000000000000        401
  114.393981      60.444452      -0.0000000000000000       0.0000000000000000        401
  117.565794      60.464859      -0.0000000000000000       0.0000000000000000        401
  120.739566      60.483760      -0.0000000000000000       0.0000000000000000        401
  123.915148      60.501097      -0.0000000000000000       0.0000000000000000        401
  127.092386      60.516815      -0.0000000000000000       0.0000000000000000        401
  130.271116      60.530866      -0.0000000000000000       0.0000000000000000        401
  133.451171      60.543205      -0.0000000000000000       0.0000000000000000        401
  136.632380      60.553794      -0.0000000000000000       0.0000000000000000      43101
  139.814565      60.562599      -0.0000000000000000       0.0000000000000000      43101
  142.997547      60.569593      -0.0000000000000000       0.0000000000000000      43400
  42.296113      57.139707      -0.0000000000000000       0.0000000000000000        302
  45.403508      57.171320      -0.0000000000000000       0.0000000000000000        302
  48.513566      57.203497      -0.0000000000000000       0.0000000000000000        302
  51.626340      57.236143      -0.0000000000000000       0.0000000000000000        302
  54.741874      57.269162      -0.0000000000000000       0.0000000000000000        302
  57.860204      57.302457      -0.0000000000000000       0.0000000000000000        302
  60.981361      57.335929      -0.0000000000000000       0.0000000000000000        390
  64.105364      57.369480      -0.0000000000000000       0.0000000000000000        390
  67.232226      57.403009      -0.0000000000000000       0.0000000000000000        468
  70.361952      57.436417      -0.0000000000000000       0.0000000000000000        468
  73.494535      57.469604      -0.0000000000000000       0.0000000000000000        401
  76.629963      57.502471      -0.0000000000000000       0.0000000000000000        401
  79.768213      57.534918      -0.0000000000000000       0.0000000000000000        401
  82.909255      57.566848      -0.0000000000000000       0.0000000000000000        401
  86.053049      57.598165      -0.0000000000000000       0.0000000000000000        401
  89.199545      57.628774      -0.0000000000000000       0.0000000000000000        401
  92.348687      57.658581      -0.0000000000000000       0.0000000000000000        401
  95.500409      57.687497      -0.0000000000000000       0.0000000000000000        401
  98.654635      57.715432      -0.0000000000000000       0.0000000000000000        401
  101.811283      57.742302      -0.0000000000000000       0.0000000000000000        401
  104.970261      57.768024      -0.0000000000000000       0.0000000000000000        401
  108.131470      57.792518      -0.0000000000000000       0.0000000000000000        401
  111.294804      57.815711      -0.0000000000000000       0.0000000000000000        401
  114.460147      57.837530      -0.0000000000000000       0.0000000000000000          0
  117.627379      57.857907       0.0006349244631048       0.0170544488246304          0
  120.796371      57.876779       0.0039622722150402       0.0402097391535641          0
  123.966989      57.894089       0.0105818805953746       0.0562846188337658          0
  127.139093      57.909782       0.0183747898857078       0.0570976534812538          0
  130.312538      57.923809       0.0248366121687186       0.0521538278982970          0
  133.487172      57.936127       0.0230961563545755       0.0402341036774184          0
  136.662841      57.946698       0.0074517476756212       0.0117367291765123          0
  139.839386      57.955487      -0.0000000000000000       0.0000000000000000      43400
  143.016646      57.962469      -0.0000000000000000       0.0000000000000000          0
  42.379520      54.532984      -0.0000000000000000       0.0000000000000000        302
  45.488606      54.564614      -0.0000000000000000       0.0000000000000000        302
  48.600111      54.596805      -0.0000000000000000       0.0000000000000000        302
  51.714079      54.629463      -0.0000000000000000       0.0000000000000000        302
  54.830553      54.662491      -0.0000000000000000       0.0000000000000000        302
  57.949563      54.695792      -0.0000000000000000       0.0000000000000000        302
  61.071136      54.729268      -0.0000000000000000       0.0000000000000000        390
  64.195290      54.762820      -0.0000000000000000       0.0000000000000000        468
  67.322036      54.796347      -0.0000000000000000       0.0000000000000000        468
  70.451376      54.829750      -0.0000000000000000       0.0000000000000000        468
  73.583305      54.862929      -0.0000000000000000       0.0000000000000000        468
  76.717810      54.895785      -0.0000000000000000       0.0000000000000000        401
  79.854871      54.928220      -0.0288413828774662      -0.0071943342279627          0
  82.994459      54.960134      -0.0563358706485338      -0.0118124608859572          0
  86.136537      54.991433      -0.0689051566311683      -0.0117551985778744          0
  89.281061      55.022022      -0.0683261387037544      -0.0090198999290471          0
  92.427978      55.051808      -0.0544276163268984      -0.0051087377780462          0
  95.577227      55.080700      -0.0260898759825440      -0.0014667629286874          0
  98.728741      55.108611      -0.0000000000000000       0.0000000000000000        401
  101.882443      55.135455      -0.0000000000000000       0.0000000000000000        401
  105.038252      55.161151      -0.0000000000000000       0.0000000000000000        401
  108.196076      55.185619      -0.0000000000000000       0.0000000000000000        401
  111.355820      55.208785      -0.0036716856239975       0.0572477427267308          0
  114.517378      55.230577      -0.0014647642500115       0.1432216476615770          0
  117.680642      55.250929       0.0112055932742643       0.2039726222345879          0
  120.845495      55.269777       0.0331489878741311       0.2465273736817596          0
  124.011815      55.287063       0.0612596208363626       0.2771845671576145          0
  127.179477      55.302734       0.0942912686451149       0.2994930529595978          0
  130.348348      55.316741       0.1304958445908490       0.3122125813304578          0
  133.518293      55.329041       0.1708845508637114       0.3220178157275372          0
  136.689171      55.339595       0.2146119706079211       0.3380479920487139          0
  139.860841      55.348371       0.2550666418684826       0.3617520162963756          0
  143.033154      55.355342       0.2668073789320740       0.3449330324274193          0
  42.452907      51.926211      -0.0000000000000000       0.0000000000000000        302
  45.563470      51.957855      -0.0000000000000000       0.0000000000000000        302
  48.676235      51.990059      -0.0000000000000000       0.0000000000000000        302
  51.791243      52.022727      -0.0000000000000000       0.0000000000000000        302
  54.908530      52.055763      -0.0000000000000000       0.0000000000000000        302
  58.028126      52.089070      -0.0000000000000000       0.0000000000000000        302
  61.150053      52.122549      -0.0000000000000000       0.0000000000000000        390
  64.274327      52.156101      -0.0000000000000000       0.0000000000000000        465
  67.400957      52.189627      -0.0000000000000000       0.0000000000000000        458
  70.529946      52.223025      -0.0000000000000000       0.0000000000000000        459
  73.661287      52.256198      -0.0038087705488317      -0.0012437753407635          0
  76.794970      52.289044      -0.0755402788741915      -0.0216021033090990          0
  79.930975      52.321467      -0.1291562473598934      -0.0317817648031648          0
  83.069274      52.353368      -0.1624618135132077      -0.0336086125575634          0
  86.209835      52.384652      -0.1773652098118713      -0.0298461758015848          0
  89.352616      52.415223      -0.1751116520956441      -0.0228114453133403          0
  92.497569      52.444990      -0.1575423524405672      -0.0146309608980519          0
  95.644639      52.473861      -0.1246275662543617      -0.0061391531384573          0
  98.793764      52.501751      -0.0768528190942187       0.0097186184570406          0
  101.944874      52.528573      -0.0179818094737975       0.0224266704036738          0
  105.097894      52.554245      -0.0115224873328340       0.0468009155160978          0
  108.252742      52.578690      -0.0238059577530032       0.1591221001894407          0
  111.409330      52.601833      -0.0219509170259428       0.2742884082605154          0
  114.567564      52.623602      -0.0053458979167384       0.3640618747076966          0
  117.727343      52.643931       0.0244815224559729       0.4293622630774204          0
  120.888563      52.662757       0.0640466440801010       0.4758026399659043          0
  124.051112      52.680022       0.1110549471849509       0.5091092403031508          0
  127.214877      52.695674       0.1638492671629465       0.5334060107124586          0
  130.379737      52.709663       0.2224921823316078       0.5515261380050882          0
  133.545570      52.721947       0.2897504055539849       0.5693770094400564          0
  136.712248      52.732487       0.3703628789909964       0.6001963664167648          0
  139.879643      52.741252       0.4718729136869759       0.6655879948597755          0
  143.047621      52.748213       0.6032849732626506       0.7777732511995916          0
  42.518231      49.319398      -0.0000000000000000       0.0000000000000000        302
  45.630101      49.351055      -0.0000000000000000       0.0000000000000000        302
  48.743979      49.383269      -0.0000000000000000       0.0000000000000000        302
  51.859902      49.415946      -0.0000000000000000       0.0000000000000000        302
  54.977904      49.448989      -0.0000000000000000       0.0000000000000000        302
  58.098011      49.482301      -0.0000000000000000       0.0000000000000000        302
  61.220242      49.515783      -0.0000000000000000       0.0000000000000000        390
  64.344613      49.549336      -0.0000000000000000       0.0000000000000000        465
  67.471131      49.582859      -0.0000000000000000       0.0000000000000000        458
  70.599797      49.616254      -0.0000000000000000       0.0000000000000000        460
  73.730607      49.649420      -0.0903295303263555      -0.0291743090015257          0
  76.863549      49.682259      -0.1787135230946628      -0.0505548862277441          0
  79.998605      49.714671      -0.2429315106329839      -0.0591299176293110          0
  83.135750      49.746560      -0.2822661143723766      -0.0577456416138193          0
  86.274954      49.777829      -0.2989359825881272      -0.0497443250947146          0
  89.416179      49.808385      -0.2947021084457707      -0.0380175514866599          0
  92.559379      49.838135      -0.2748129018990091      -0.0131078341745741          0
  95.704506      49.866988      -0.2437330723966247       0.0472910687133553          0
  98.851502      49.894859      -0.1998220587224938       0.1326289085387978          0
  102.000304      49.921661      -0.1476504660606047       0.2430811188145209          0
  105.150842      49.947313      -0.1055546367855778       0.3739293438998884          0
  108.303043      49.971737      -0.0768141754986526       0.4619671009129053          0
  111.456826      49.994859      -0.0499955546550055       0.5438779470138645          0
  114.612104      50.016607      -0.0135399510259389       0.6163724491259244          0
  117.768787      50.036916       0.0341861905372493       0.6742561306455031          0
  120.926779      50.055723       0.0909719305701635       0.7163762378693283          0
  124.085979      50.072970       0.1550828001047699       0.7442841337294425          0
  127.246284      50.088605       0.2253678694175940       0.7616125169665606          0
  130.407584      50.102578       0.3017912778724937       0.7713777755338702          0
  133.569767      50.114848       0.3878314818012483       0.7800874735868082          0
  136.732719      50.125376       0.4906349576162302       0.8049740479856812          0
  139.896321      50.134130       0.6244956670534292       0.8783411977828755          0
  143.060454      50.141082      -0.0000000000000000       0.0000000000000000          0
  42.576984      46.712551      -0.0000000000000000       0.0000000000000000        301
  45.690021      46.744219      -0.0000000000000000       0.0000000000000000        302
  48.804892      46.776443      -0.0000000000000000       0.0000000000000000        302
  51.921632      46.809129      -0.0000000000000000       0.0000000000000000        302
  55.040268      46.842178      -0.0000000000000000       0.0000000000000000        302
  58.160826      46.875494      -0.0000000000000000       0.0000000000000000        302
  61.283323      46.908979      -0.0000000000000000       0.0000000000000000        390
  64.407773      46.942532      -0.0000000000000000       0.0000000000000000        466
  67.534181      46.976054      -0.0000000000000000       0.0000000000000000        458
  70.662550      47.009445      -0.0617063053635815      -0.0222134293609478          0
  73.792874      47.042606      -0.1919181049099003      -0.0614385974890167          0
  76.925143      47.075437      -0.2963545530156324      -0.0831350542860845          0
  80.059340      47.107840      -0.3717567909334796      -0.0897218121876270          0
  83.195442      47.139718      -0.4162032467808134      -0.0843945408853339          0
  86.333420      47.170974      -0.4325888168183615      -0.0713486274530062          0
  89.473240      47.201516      -0.4236878589950537      -0.0532831547367249          0
  92.614862      47.231251      -0.4023139229169453       0.0079042369543205          0
  95.758238      47.260088      -0.3701188320983519       0.1230811515251471          0
  98.903318      47.287941      -0.3245969762876841       0.2803022406748138          0
  102.050043      47.314725      -0.2667377591647275       0.4742565114961724          0
  105.198350      47.340359      -0.2027335795205285       0.6625976571014457          0
  108.348171      47.364764      -0.1392223382876489       0.7788252415792445          0
  111.499433      47.387868      -0.0845154612515537       0.8336862409352930          0
  114.652056      47.409598      -0.0263188333119394       0.8867398910153699          0
  117.805959      47.429889       0.0391678962844297       0.9315633638629364          0
  120.961054      47.448678       0.1125434488028264       0.9648430845088060          0
  124.117249      47.465909       0.1923421394085643       0.9816472153681788          0
  127.274448      47.481528       0.2777901157936050       0.9854026470985513          0
  130.432554      47.495487       0.3689234696540169       0.9764197720634052          0
  133.591464      47.507744       0.4678032381455068       0.9575782540325091          0
  136.751074      47.518261       0.5788794213765771       0.9461378750739075          0
  139.911275      47.527005      -0.0000000000000000       0.0000000000000000          0
  143.071959      47.533950      -0.0000000000000000       0.0000000000000000          0
  42.630319      44.105677      -0.0000000000000000       0.0000000000000000        301
  45.744410      44.137355      -0.0000000000000000       0.0000000000000000        301
  48.860177      44.169589      -0.0000000000000000       0.0000000000000000        301
  51.977650      44.202281      -0.0000000000000000       0.0000000000000000        301
  55.096856      44.235336      -0.0000000000000000       0.0000000000000000        301
  58.217817      44.268656      -0.0000000000000000       0.0000000000000000        301
  61.340549      44.302143      -0.0000000000000000       0.0000000000000000        390
  64.465064      44.335696      -0.0000000000000000       0.0000000000000000        466
  67.591367      44.369217      -0.0000000000000000       0.0000000000000000        466
  70.719459      44.402605      -0.1600200433255012      -0.0571339629126281          0
  73.849337      44.435760      -0.3111108100220571      -0.0989045038068808          0
  76.980989      44.468585      -0.4316863945420858      -0.1203666944743836          0
  80.114400      44.500979      -0.5163098668725434      -0.1238514823393712          0
  83.249550      44.532847      -0.5646945206207771      -0.1137193072210067          0
  86.386411      44.564092      -0.5759951099144696      -0.0943436317897748          0
  89.524953      44.594622      -0.5573507897043559      -0.0706412520068009          0
  92.665138      44.624342      -0.5294471154528020       0.0188325662216761          0
  95.806924      44.653165      -0.4956579934338656       0.1983634084984989          0
  98.950263      44.681002      -0.4487354113112684       0.4398961274067875          0
  102.095102      44.707770      -0.3836282645754101       0.7178039858973830          0
  105.241384      44.733387      -0.3002603357318543       0.9712654210429953          0
  108.389046      44.757776      -0.2098031321046978       1.1133168932700921          0
  111.538021      44.780862      -0.1261503730514611       1.1381882949161639          0
  114.688238      44.802575      -0.0436792020920269       1.1665272153306943          0
  117.839620      44.822850       0.0400710883447241       1.1939325318431420          0
  120.992089      44.841624       0.1284311346984107       1.2160341644680788          0
  124.145561      44.858840       0.2227296146681715       1.2243117904577523          0
  127.299948      44.874445       0.3218436840988264       1.2132875356763579          0
  130.455161      44.888391       0.4244962547416649       1.1704851544291648          0
  133.611107      44.900637       0.5284885548040941       1.0918021295385472          0
  136.767690      44.911143      -0.0000000000000000       0.0000000000000000        619
  139.924812      44.919879       0.6871227821750741       0.4647086742992890        625
  143.082374      44.926817      -0.0000000000000000       0.0000000000000000          0
  42.679145      41.498780      -0.0000000000000000       0.0000000000000000        526
  45.794197      41.530468      -0.0000000000000000       0.0000000000000000        301
  48.910778      41.562709      -0.0000000000000000       0.0000000000000000        301
  52.028918      41.595409      -0.0000000000000000       0.0000000000000000        301
  55.148640      41.628469      -0.0000000000000000       0.0000000000000000        301
  58.269965      41.661793      -0.0000000000000000       0.0000000000000000        301
  61.392906      41.695281      -0.0000000000000000       0.0000000000000000        390
  64.517475      41.728835      -0.0000000000000000       0.0000000000000000        467
  67.643676      41.762354      -0.0722847776350858      -0.0209494161365713          0
  70.771510      41.795739      -0.3293207749875019      -0.0748279334996761          0
  73.900973      41.828890      -0.4590734826586031      -0.1417487816258337          0
  77.032056      41.861708      -0.5973367593218623      -0.1658777949875410          0
  80.164744      41.894094      -0.6859382578228300      -0.1639653807331128          0
  83.299018      41.925953      -0.6901776544626643      -0.1388069692506674        580
  86.434854      41.957188      -0.6923182336816440      -0.1134813482905885        580
  89.572223      41.987706      -0.6904273970874642      -0.0878810969404784          0
  92.711090      42.017413      -0.6471348772291024      -0.0012354276915663          0
  95.851418      42.046222      -0.6319611492766908       0.2749942087778079          0
  98.993162      42.074045      -0.5868425285372220       0.5809963098951326          0
  102.136274      42.100798      -0.4905416839904704       0.8986720733153183          0
  105.280702      42.126400      -0.3896286127517208       1.2638803874457885          0
  108.426389      42.150774      -0.2852888442965798       1.4560687324723423          0
  111.573272      42.173845      -0.1778772419770829       1.4623114451743968          0
  114.721288      42.195543      -0.0705629085760610       1.4678023984333874          0
  117.870367      42.215802       0.0369875287331981       1.4618549542415356          0
  121.020436      42.234562       0.1419370157213136       1.4605001648579290          0
  124.171418      42.251764       0.2479782236477360       1.4591181384867582          0
  127.323236      42.267356       0.3588534767150508       1.4663450346177147          0
  130.475806      42.281291       0.4655078371564058       1.3564874922211303          0
  133.629044      42.293526       0.5426638708874095       1.0227975188552643          0
  136.782862      42.304024      -0.0000000000000000       0.0000000000000000          0
  139.937172      42.312752      -0.0000000000000000       0.0000000000000000          0
  143.091883      42.319684       0.5058715932773070       0.6720208118276663        625
  42.724190      38.891864      -0.0000000000000000       0.0000000000000000        526
  45.840123      38.923561      -0.0000000000000000       0.0000000000000000        526
  48.957452      38.955810      -0.0000000000000000       0.0000000000000000        301
  52.076203      38.988515      -0.0000000000000000       0.0000000000000000        301
  55.196397      39.021580      -0.0000000000000000       0.0000000000000000        301
  58.318052      39.054907      -0.0000000000000000       0.0000000000000000        301
  61.441181      39.088397      -0.0000000000000000       0.0000000000000000        301
  64.565795      39.121951      -0.0000000000000000       0.0000000000000000        301
  67.691897      39.155469      -0.5234281969335418       0.0521796508728296          0
  70.819489      39.188851      -1.1091225138463880       0.0916251162593460          0
  73.948566      39.221998      -1.0870253005611603      -0.0167548939474281          0
  77.079119      39.254810      -0.6798284445419452      -0.1879317763303818        580
  80.211137      39.287190      -0.6860500513122723      -0.1642966992576792        580
  83.344600      39.319040      -0.6902235958946688      -0.1404381908800929        580
  86.479487      39.350265      -0.6923337439443165      -0.1164281495036356        580
  89.615771      39.380772      -0.6923713708597319      -0.0923394238827304        580
  92.753421      39.410468      -0.9618375061582980       0.1265018101941143          0
  95.892402      39.439264      -0.9923955759946939       0.4430498435776333          0
  99.032674      39.467074      -0.8662991654352278       0.7177410721091944          0
  102.174193      39.493813      -0.6552935413139083       0.9570441226925531          0
  105.316911      39.519401      -0.4174928268487370       1.1572478475827446          0
  108.460776      39.543761      -0.2586677701315076       1.2981319829966147          0
  111.605731      39.566817      -0.1553772071856664       1.3078541168587565          0
  114.751718      39.588501      -0.0524785179809232       1.3205488545945490          0
  117.898674      39.608747       0.0507439133513860       1.3328517342688475          0
  121.046531      39.627494       0.1550128086763633       1.3362772885229273          0
  124.195222      39.644683       0.2599102203601218       1.3138620832390284          0
  127.344673      39.660264       0.3628990413403787       1.2578667241946722          0
  130.494809      39.674188       0.4600622012875661       1.1511544213304128          0
  133.645554      39.686413      -0.0000000000000000       0.0000000000000000          0
  136.796828      39.696902      -0.0000000000000000       0.0000000000000000          0
  139.948549      39.705623       0.6857714082266271       0.9233423283319471        626
  143.100636      39.712549       0.5053682924529578       0.9017971508510951        625
  42.766043      36.284932      -2.4539861107446654       0.1156703030086810        503
  45.882793      36.316637      -0.0000000000000000       0.0000000000000000        505
  49.000812      36.348893      -0.0000000000000000       0.0000000000000000        505
  52.120126      36.381604      -0.0000000000000000       0.0000000000000000        505
  55.240754      36.414673      -0.0000000000000000       0.0000000000000000        505
  58.362712      36.448003      -0.0000000000000000       0.0000000000000000        505
  61.486013      36.481495      -0.0000000000000000       0.0000000000000000        301
  64.610665      36.515049      -0.0000000000000000       0.0000000000000000        301
  67.736671      36.548566      -1.5401120174637071       0.3155232872407482          0
  70.864034      36.581945      -2.7943363287687841       0.5267135175967761          0
  73.992748      36.615088      -3.0022017873462383       0.5740465087508895          0
  77.122807      36.647894      -1.3697856658655871       0.0838836563018046          0
  80.254197      36.680267      -0.8029392634070415      -0.1125269305419073          0
  83.386904      36.712110      -0.6967614024559626      -0.1386439286623158          0
  86.520907      36.743326      -1.1375391239753769       0.1116695666385554          0
  89.656181      36.773823      -1.4358576340693245       0.2878941456517323          0
  92.792699      36.803508      -1.7025164057937796       0.5027900052559106          0
  95.930427      36.832293      -1.6304805490887455       0.7172264795542737          0
  99.069331      36.860091      -1.3160802606726043       0.8773319073758520          0
  102.209369      36.886817      -0.8875567171800151       0.9752713829187862          0
  105.350498      36.912392      -0.4675717404618787       1.0260165005640631          0
  108.492671      36.936738      -0.2194587093445740       1.0732555786717175          0
  111.635836      36.959781      -0.1222931098051200       1.0835864900296726          0
  114.779940      36.981453      -0.0271602457179406       1.1046947019660900          0
  117.924925      37.001686       0.0691190847518554       1.1240494496500169          0
  121.070731      37.020420       0.1676161859919380       1.1230365623474947          0
  124.217295      37.037598       0.2665395758885764       1.0928765642981226          0
  127.364550      37.053167       0.3631315453085514       1.0288126164408598          0
  130.512429      37.067081       0.4534377309259150       0.9143734415419699          0
  133.660862      37.079298      -0.0000000000000000       0.0000000000000000          0
  136.809776      37.089779      -0.0000000000000000       0.0000000000000000          0
  139.959097      37.098493      -0.0000000000000000       0.0000000000000000          0
  143.108750      37.105414       0.5049016637542537       1.1297155096146119        627
  42.805189      33.677986      -2.4562424387427857       0.3067357892154459        503
  45.922698      33.709699      -2.6321631950380162       0.3812733575733341        503
  49.041361      33.741961      -0.0000000000000000       0.0000000000000000        505
  52.161198      33.774678      -0.0000000000000000       0.0000000000000000        505
  55.282229      33.807751      -0.0000000000000000       0.0000000000000000        505
  58.404467      33.841084      -0.0000000000000000       0.0000000000000000        505
  61.527924      33.874577      -0.0000000000000000       0.0000000000000000        506
  64.652608      33.908132      -0.0000000000000000       0.0000000000000000        506
  67.778522      33.941647      -2.4423511725732689       0.6092282488610764          0
  70.905666      33.975024      -3.5781348073256551       0.8337266446758143        501
  74.034039      34.008162      -3.7219289077059639       0.9429902921950661        501
  77.163631      34.040964      -3.4741277087252627       0.9342022508073484          0
  80.294433      34.073331      -2.4440835270610153       0.6310512071550728          0
  83.426430      34.105166      -2.0790559434855420       0.5389640946732649          0
  86.559604      34.136374      -2.1801785773593774       0.6436467664005923          0
  89.693932      34.166861      -2.3850738353757976       0.7857938206723680          0
  92.829388      34.196536      -2.6051272509730063       0.9558831974427686          0
  95.965944      34.225310      -2.4375187890360253       1.0811955303345380          0
  99.103567      34.253096      -1.8874797693676175       1.1050520728445514          0
  102.242220      34.279811      -1.1418103543729539       1.0219953483113855          0
  105.381864      34.305374      -0.4630705273515862       0.8960315311559394          0
  108.522454      34.329707      -0.1801647404177471       0.8489686937358260          0
  111.663946      34.352739      -0.0900141743245508       0.8592177486645264          0
  114.806291      34.374398      -0.0030370991465414       0.8921146855917421          0
  117.949435      34.394619       0.0862437172880966       0.9211204840215983          0
  121.093324      34.413341       0.1790522683657435       0.9233494810113644          0
  124.237901      34.430509       0.2725231186596347       0.8972788795306959          0
  127.383106      34.446068       0.3640327855008975       0.8446072607681550          0
  130.528877      34.459973       0.4510486805195569       0.7607528904886500          0
  133.675151      34.472181      -0.0000000000000000       0.0000000000000000          0
  136.821862      34.482654      -0.0000000000000000       0.0000000000000000          0
  139.968943      34.491363      -0.0000000000000000       0.0000000000000000          0
  143.116324      34.498278      -0.0000000000000000       0.0000000000000000          0
  42.842030      31.071029      -2.4583648357216950       0.4969899749183594        503
  45.960251      31.102749      -2.6342358297394584       0.5662945893619767        503
  49.079516      31.135017      -2.8023613075240674       0.6405597797570264        503
  52.199843      31.167738      -0.0000000000000000       0.0000000000000000        505
  55.321249      31.200816      -0.0000000000000000       0.0000000000000000        505
  58.443748      31.234151      -0.0000000000000000       0.0000000000000000        505
  61.567349      31.267646      -0.0000000000000000       0.0000000000000000      50601
  64.692060      31.301200      -0.0000000000000000       0.0000000000000000      50601
  67.817883      31.334715      -3.3245360848232210       0.8998245778319252          0
  70.944820      31.368089      -3.5800013292773647       1.0095663573113451        501
  74.072868      31.401224      -3.7236448268778695       1.1112643766843273        501
  77.202019      31.434021      -3.8562372180128168       1.2171509890910439        501
  80.332265      31.466382      -3.7461189158153569       1.2450848830186132          0
  83.463592      31.498210      -3.3399245059394493       1.1562813963246286          0
  86.595983      31.529410      -3.2255605458494845       1.1825496796120316          0
  89.729419      31.559889      -3.3057373318876575       1.2814945382465226          0
  92.863876      31.589554      -3.5239130413415429       1.4426438182792722          0
  95.999328      31.618318      -3.5477556182382211       1.5849671432824857          0
  99.135744      31.646093      -2.5846161147571047       1.4120977003582909          0
  102.273094      31.672797      -1.3093554509633609       1.0558388284518303          0
  105.411339      31.698348      -0.2484761365241973       0.6968889224563756          0
  108.550442      31.722670      -0.1620354660195416       0.6981988071898057          0
  111.690360      31.745690      -0.0737746509656371       0.7036604275155636          0
  114.831049      31.767337       0.0153563605341256       0.7087406263139169          0
  117.972462      31.787547       0.1014560092114999       0.7280692662919630          0
  121.114550      31.806259       0.1889630411918783       0.7399342069205698          0
  124.257260      31.823416       0.2776091122756277       0.7260591655028089          0
  127.400538      31.838966       0.3651620141740022       0.6990083700080535          0
  130.544329      31.852862      -0.0000000000000000       0.0000000000000000          0
  133.688574      31.865062      -0.0000000000000000       0.0000000000000000          0
  136.833215      31.875529      -0.0000000000000000       0.0000000000000000          0
  139.978191      31.884231      -0.0000000000000000       0.0000000000000000          0
  143.123439      31.891142      -0.0000000000000000       0.0000000000000000          0
  42.876903      28.464062      -2.4603729501966467       0.6860534313112561        503
  45.995796      28.495788      -2.6361965987427913       0.7499665210291530        503
  49.115628      28.528062      -2.8042600355657221       0.8184698576354921        503
  52.236416      28.560788      -2.9640586824774395       0.8913817045495274        503
  55.358175      28.593870      -3.1151114070224830       0.9685059844152480        503
  58.480918      28.627208      -0.0000000000000000       0.0000000000000000        505
  61.604653      28.660704      -0.0000000000000000       0.0000000000000000        505
  64.729386      28.694258      -0.0000000000000000       0.0000000000000000      50601
  67.855122      28.727771      -3.4276445606102182       1.0933037646098045        501
  70.981859      28.761143      -3.5817654909772916       1.1830641781426696        501
  74.109597      28.794275      -3.7252663680743852       1.2769778911089531        501
  77.238329      28.827067      -3.8577090036686723       1.3747777987921872        501
  80.368046      28.859423      -3.9786874772408964       1.4761825750823165        501
  83.498736      28.891244      -4.0878294850451375       1.5808973888665099        501
  86.630385      28.922437      -4.1697808729459496       1.6830061768400695          0
  89.762975      28.952907      -4.1255323336735685       1.7398292704655227          0
  92.896484      28.982563      -4.2810223135838115       1.8852956494927591          0
  96.030890      29.011317      -4.3998308994469353       2.0265339368496287        501
  99.166165      29.039083      -2.4988513838726378       1.3717480711342052          0
  102.302280      29.065776      -0.7211191389534459       0.7551228337318924          0
  105.439202      29.091316      -0.2494736337602722       0.6107763428292724          0
  108.576897      29.115627      -0.1639057672429826       0.6205413037750198          0
  111.715326      29.138636      -0.0749648456901704       0.6293121884033395          0
  114.854450      29.160272       0.0149315373178602       0.6361878957115459          0
  117.994226      29.180472       0.1044901142985201       0.6396304224364888          0
  121.134610      29.199174       0.1921662374928009       0.6371545225665596          0
  124.275554      29.216321       0.2792907929742761       0.6311227078565259          0
  127.417011      29.231862       0.3658695271856350       0.6234592281036117          0
  130.558930      29.245749      -0.0000000000000000       0.0000000000000000          0
  133.701258      29.257942      -0.0000000000000000       0.0000000000000000          0
  136.843943      29.268402      -0.0000000000000000       0.0000000000000000          0
  139.986929      29.277099      -0.0000000000000000       0.0000000000000000          0
  143.130161      29.284006      -0.0000000000000000       0.0000000000000000          0
  42.910095      25.857086      -2.4622834668846743       0.8735467560711494        503
  46.029626      25.888819      -2.6380618337242123       0.9319220649690043        503
  49.149996      25.921099      -2.8060660104168837       0.9945083657640256        503
  52.271220      25.953829      -2.9657921010546535       1.0611410000676842        503
  55.393313      25.986914      -3.1167598143733635       1.1316420674969800        503
  58.516285      26.020254      -0.0000000000000000       0.0000000000000000      50602
  61.640145      26.053751      -0.0000000000000000       0.0000000000000000      50602
  64.764897      26.087306      -0.0000000000000000       0.0000000000000000      50602
  67.890547      26.120818      -3.4294487494049286       1.2717734731916386        501
  71.017092      26.154188      -3.5834422376454103       1.3538799350196939        501
  74.144533      26.187316      -3.7268073115289586       1.4398074390083866        501
  77.272863      26.220104      -3.8591073917710901       1.5293123013716368        501
  80.402074      26.252454      -3.9799382514576243       1.6221375955733948        501
  83.532157      26.284270      -4.0889293451070525       1.7180138002422509        501
  86.663098      26.315455      -4.1857450437134522       1.8166595167665760        501
  89.794882      26.345917      -4.2700857705202067       1.9177822556006516        501
  92.927489      26.375565      -4.3416890324869737       2.0210792897106944        501
  96.060898      26.404310      -4.5412651912730935       2.3563442492690330       7250
  99.195086      26.432065      -0.3495798381149837       0.4293270551764150        603
  102.330025      26.458748      -0.3448950607341992       0.5038779365010783          0
  105.465688      26.484278      -0.2520483628356212       0.5257534407661617          0
  108.602043      26.508579      -0.1668520750593336       0.5431141097603385          0
  111.739056      26.531577      -0.0767676964050941       0.5557127271089237          0
  114.876691      26.553204       0.0143563524813586       0.5648163301942980          0
  118.014910      26.573393       0.1049434473646821       0.5701718003960407          0
  121.153674      26.592085       0.1927606746631512       0.5688254695404267          0
  124.292941      26.609223       0.2799273963263756       0.5643091392992328          0
  127.432666      26.624756      -0.0000000000000000       0.0000000000000000          0
  130.572805      26.638635      -0.0000000000000000       0.0000000000000000          0
  133.713311      26.650821      -0.0000000000000000       0.0000000000000000          0
  136.854137      26.661275      -0.0000000000000000       0.0000000000000000          0
  139.995233      26.669967      -0.0000000000000000       0.0000000000000000          0
  143.136549      26.676869      -0.0000000000000000       0.0000000000000000          0
  42.941855      23.250103      -2.4641107119826460       1.0590917940485001        503
  46.061993      23.281842      -2.6398455540980041       1.1117954904904563        503
  49.182875      23.314127      -2.8077928395695300       1.1683227484928602        503
  52.304515      23.346862      -2.9674493298831255       1.2285264765562576        503
  55.426925      23.379950      -3.1183355429768591       1.2922474597338576        503
  58.550114      23.413292      -0.0000000000000000       0.0000000000000000      50602
  61.674091      23.446791      -0.0000000000000000       0.0000000000000000      50602
  64.798860      23.480345      -0.0000000000000000       0.0000000000000000          0
  67.924424      23.513856      -0.0000000000000000       0.0000000000000000          0
  71.050784      23.547224      -3.5850443758087942       1.5216758302818039        501
  74.177938      23.580349      -3.7282794616384010       1.5994323051834187        501
  77.305882      23.613133      -3.8604431289460468       1.6804513948725068        501
  80.434608      23.645478      -3.9811327715628759       1.7645011722409532        501
  83.564109      23.677288      -4.0899795257187970       1.8513380330349238        501
  86.694371      23.708466      -4.1866494851027607       1.9407073393404703        501
  89.825382      23.738921      -4.2708448160591610       2.0323441285630706        501
  92.957124      23.768560      -4.5590934565450958       2.2850596585894323        607
  96.089579      23.797296      -4.5410382080182572       2.3850674646544867       7250
  99.222726      23.825043      -0.3488875221799944       0.3657656847754088        603
  102.356541      23.851716      -0.3328530267005916       0.4886430496085903        602
  105.490999      23.877236      -0.2591971424534222       0.4453307058099250          0
  108.626073      23.901527      -0.1719801540321779       0.4681444013593306          0
  111.761731      23.924515      -0.0790338514533809       0.4842588998822073          0
  114.897942      23.946132       0.0141315221990558       0.4954693261938229          0
  118.034674      23.966312       0.1056075460507288       0.5017822114844073          0
  121.171889      23.984994       0.1932705819542615       0.5009159039221771          0
  124.309551      24.002124      -0.0000000000000000       0.0000000000000000          0
  127.447622      24.017648      -0.0000000000000000       0.0000000000000000          0
  130.586061      24.031520      -0.0000000000000000       0.0000000000000000          0
  133.724826      24.043699      -0.0000000000000000       0.0000000000000000          0
  136.863875      24.054147      -0.0000000000000000       0.0000000000000000          0
  140.003165      24.062834      -0.0000000000000000       0.0000000000000000          0
  143.142651      24.069732      -0.0000000000000000       0.0000000000000000          0
  42.972396      20.643114      -2.4658671249680704       1.2423127562898422        503
  46.093117      20.674859      -2.6415599297398336       1.2892235501281553        503
  49.214489      20.707149      -2.8094523320356397       1.3395630731314678        503
  52.336527      20.739888      -2.9690417297257272       1.3932022438623108        503
  55.459239      20.772979      -3.1198494228898186       1.4500009937918235        503
  58.582635      20.806323      -3.2614220813034809       1.5098084513632912        503
  61.706722      20.839823      -0.0000000000000000       0.0000000000000000          0
  64.831505      20.873378      -0.0000000000000000       0.0000000000000000          0
  67.956986      20.906888      -0.0000000000000000       0.0000000000000000          0
  71.083165      20.940254      -3.5865830024638248       1.6861176793548003        501
  74.210042      20.973376      -3.7296930436504425       1.7555356786320140        501
  77.337612      21.006156      -3.8617255208721661       1.8278962029657480        501
  80.465871      21.038496      -3.9822793867442123       1.9029928678470012        501
  83.594809      21.070299      -4.0909873940774952       1.9806085360553305        501
  86.724418      21.101471      -4.1875172917293266       2.0605158850718124        501
  89.854684      21.131919      -0.0000000000000000       0.0000000000000000          0
  92.985594      21.161550      -0.0000000000000000       0.0000000000000000          0
  96.117131      21.190278      -4.5408190892312872       2.4086320743253977       7250
  99.249277      21.218015      -0.3482224205488573       0.3014305257250521        603
  102.382011      21.244679      -0.3215885408008283       0.3682171306832036      60401
  105.515310      21.270190      -0.2698951859079501       0.3744694505168207      60406
  108.649151      21.294471      -0.1801015187649424       0.3973425938262813          0
  111.783508      21.317450      -0.0807600377863910       0.4165208802337629          0
  114.918351      21.339057       0.0155269672527759       0.4295349789829736          0
  118.053653      21.359228       0.1059789996030673       0.4338947202721349          0
  121.189380      21.377901      -0.0000000000000000       0.0000000000000000          0
  124.325502      21.395022      -0.0000000000000000       0.0000000000000000          0
  127.461983      21.410539      -0.0000000000000000       0.0000000000000000          0
  130.598789      21.424404      -0.0000000000000000       0.0000000000000000          0
  133.735882      21.436576      -0.0000000000000000       0.0000000000000000          0
  136.873226      21.447018      -0.0000000000000000       0.0000000000000000          0
  140.010781      21.455700      -0.0000000000000000       0.0000000000000000          0
  143.148510      21.462595      -0.0000000000000000       0.0000000000000000          0
  43.001906      18.036120      -2.4675636314119855       1.4228372593437144        503
  46.123188      18.067871      -2.6432156465100931       1.4638465186060219        503
  49.245034      18.100165      -2.8110548538403757       1.5078830661318827        503
  52.367453      18.132908      -2.9705792701178932       1.5548362288121891        503
  55.490456      18.166002      -3.1213109548954661       1.6045854985540196        503
  58.614050      18.199349      -0.0000000000000000       0.0000000000000000          0
  61.738242      18.232849      -0.0000000000000000       0.0000000000000000          0
  64.863036      18.266404      -0.0000000000000000       0.0000000000000000          0
  67.988434      18.299913      -0.0000000000000000       0.0000000000000000          0
  71.114437      18.333277      -0.0000000000000000       0.0000000000000000          0
  74.241044      18.366396      -3.7310570162179948       1.9078057424950701        501
  77.368252      18.399173      -3.8629627175586387       1.9713531401496405        501
  80.496057      18.431508      -3.9833854063986935       2.0373378586516573        501
  83.624451      18.463306      -4.0919593970346506       2.1055697197543792        501
  86.753427      18.494471      -0.0000000000000000       0.0000000000000000          0
  89.882973      18.524911      -0.0000000000000000       0.0000000000000000          0
  93.013078      18.554536      -0.0000000000000000       0.0000000000000000          0
  96.143727      18.583255      -4.5406065760321450       2.4270014805641038       7250
  99.274905      18.610984      -0.3719006830025829       0.3222114011522665      60301
  102.406594      18.637639      -0.3211865055700651       0.3286664503657818        604
  105.538775      18.663140      -0.2695048348623953       0.3342251907952485      60404
  108.671426      18.687412      -0.1574819287475429       0.3596637841599517      60201
  111.804524      18.710382      -0.0733393023018367       0.3587162159133765          0
  114.938047      18.731980      -0.0000000000000000       0.0000000000000000          0
  118.071968      18.752141      -0.0000000000000000       0.0000000000000000          0
  121.206259      18.770807      -0.0000000000000000       0.0000000000000000          0
  124.340893      18.787919      -0.0000000000000000       0.0000000000000000          0
  127.475840      18.803428      -0.0000000000000000       0.0000000000000000          0
  130.611070      18.817286      -0.0000000000000000       0.0000000000000000          0
  133.746550      18.829452      -0.0000000000000000       0.0000000000000000          0
  136.882247      18.839889      -0.0000000000000000       0.0000000000000000          0
  140.018130      18.848566      -0.0000000000000000       0.0000000000000000          0
  143.154162      18.855457      -0.0000000000000000       0.0000000000000000          0
  43.030555      15.429121      -2.4692099417271924       1.6002973001703129        503
  46.152380      15.460878      -2.6448221990630763       1.6353091615249205        503
  49.274682      15.493177      -2.8126096126967397       1.6729410732557402        503
  52.397471      15.525923      -0.0000000000000000       0.0000000000000000          0
  55.520754      15.559020      -0.0000000000000000       0.0000000000000000          0
  58.644538      15.592369      -0.0000000000000000       0.0000000000000000          0
  61.768830      15.625870      -0.0000000000000000       0.0000000000000000          0
  64.893633      15.659425      -0.0000000000000000       0.0000000000000000          0
  68.018949      15.692934      -0.0000000000000000       0.0000000000000000          0
  71.144779      15.726296      -0.0000000000000000       0.0000000000000000          0
  74.271123      15.759412      -3.7323793211064009       2.0559366582137399        501
  77.397978      15.792184      -3.8641619411599906       2.1105348677973983        501
  80.525340      15.824515      -3.9844573050829579       2.1672678588879437        501
  83.653205      15.856307      -0.0000000000000000       0.0000000000000000          0
  86.781565      15.887467      -0.0000000000000000       0.0000000000000000          0
  89.910412      15.917900      -0.0000000000000000       0.0000000000000000          0
  93.039734      15.947517      -0.0000000000000000       0.0000000000000000          0
  96.169521      15.976228      -0.0000000000000000       0.0000000000000000          0
  99.299759      16.003949      -0.3469576137415564       0.1709765811049919        603
  102.430434      16.030595      -0.3207965750726395       0.2884222904256981        604
  105.561528      16.056088      -0.2691262655553605       0.2932785403283624        604
  108.693024      16.080351      -0.2166456577173794       0.2973407351616758      60403
  111.824903      16.103311      -0.0000000000000000       0.0000000000000000          0
  114.957144      16.124900       0.0189803339250363       0.2911937843781135        612
  118.089725      16.145054      -0.0000000000000000       0.0000000000000000          0
  121.222624      16.163711      -0.0000000000000000       0.0000000000000000          0
  124.355815      16.180815      -6.3377620132716537       3.5032750832994242        678
  127.489275      16.196317      -0.0000000000000000       0.0000000000000000          0
  130.622976      16.210168      -0.0000000000000000       0.0000000000000000          0
  133.756891      16.222328      -0.0000000000000000       0.0000000000000000          0
  136.890993      16.232760      -0.0000000000000000       0.0000000000000000          0
  140.025253      16.241432      -0.0000000000000000       0.0000000000000000          0
  143.159642      16.248320      -0.0000000000000000       0.0000000000000000          0
  43.058492      12.822119      -1.3342990322514019       1.2494741955213100        710
  46.180845      12.853881      -0.0000000000000000       0.0000000000000000          0
  49.303591      12.886185      -0.0000000000000000       0.0000000000000000          0
  52.426738      12.918935      -0.0000000000000000       0.0000000000000000          0
  55.550293      12.952035      -0.0000000000000000       0.0000000000000000          0
  58.674262      12.985385      -0.0000000000000000       0.0000000000000000          0
  61.798649      13.018888      -0.0000000000000000       0.0000000000000000          0
  64.923459      13.052443      -0.0000000000000000       0.0000000000000000          0
  68.048693      13.085950      -0.0000000000000000       0.0000000000000000          0
  71.174353      13.119310      -0.0000000000000000       0.0000000000000000          0
  74.300438      13.152424      -0.0000000000000000       0.0000000000000000          0
  77.426948      13.185192      -3.8653296705748024       2.2451611610962572        501
  80.553878      13.217519      -3.9855008884990673       2.2925219539362489        501
  83.681225      13.249306      -0.0000000000000000       0.0000000000000000          0
  86.808984      13.280459      -0.0000000000000000       0.0000000000000000          0
  89.937147      13.310886      -0.0000000000000000       0.0000000000000000          0
  93.065706      13.340495      -0.0000000000000000       0.0000000000000000          0
  96.194652      13.369199      -0.0000000000000000       0.0000000000000000          0
  99.323973      13.396911      -0.3463508665207956       0.1051293121188794      60302
  102.453658      13.423549      -0.3204166620862161       0.2475685329723247      60402
  105.583693      13.449033      -0.2687574491368391       0.2517147260375658        604
  108.714063      13.473287      -0.2162907058878003       0.2551922070616146        604
  111.844752      13.496239      -0.0684993415366544       0.2175389271086965        612
  114.975744      13.517820      -0.0000000000000000       0.0000000000000000          0
  118.107020      13.537964      -0.0000000000000000       0.0000000000000000          0
  121.238562      13.556613      -0.0000000000000000       0.0000000000000000          0
  124.370348      13.573710      -0.0000000000000000       0.0000000000000000          0
  127.502358      13.589205      -6.4155379848799896       3.7028645471308246        678
  130.634570      13.603049      -0.0000000000000000       0.0000000000000000          0
  133.766962      13.615203      -0.0000000000000000       0.0000000000000000          0
  136.899510      13.625630      -0.0000000000000000       0.0000000000000000          0
  140.032190      13.634298      -0.0000000000000000       0.0000000000000000          0
  143.164978      13.641182      -0.0000000000000000       0.0000000000000000          0
  43.085856      10.215114      -1.1777128037593201       0.9417365193237047        709
  46.208725      10.246881      -1.1677546845003115       0.9531005611602930        709
  49.331905      10.279189      -1.1543268430375615       0.9644224646966790        709
  52.455401      10.311943      -0.0000000000000000       0.0000000000000000          0
  55.579220      10.345046      -0.0000000000000000       0.0000000000000000          0
  58.703367      10.378398      -0.0000000000000000       0.0000000000000000          0
  61.827846      10.411902      -0.0000000000000000       0.0000000000000000          0
  64.952661      10.445456      -0.0000000000000000       0.0000000000000000          0
  68.077814      10.478963      -0.0000000000000000       0.0000000000000000          0
  71.203306      10.512321      -0.0000000000000000       0.0000000000000000          0
  74.329136      10.545432      -0.0000000000000000       0.0000000000000000          0
  77.455306      10.578197      -3.8664717934153443       2.3749597011845731        501
  80.581812      10.610519      -3.9865214300630667       2.4128473569339710        502
  83.708651      10.642301      -0.0000000000000000       0.0000000000000000          0
  86.835819      10.673448      -0.0000000000000000       0.0000000000000000          0
  89.963312      10.703869      -0.0000000000000000       0.0000000000000000          0
  93.091123      10.733471      -0.0000000000000000       0.0000000000000000          0
  96.219244      10.762167      -0.0000000000000000       0.0000000000000000          0
  99.347667      10.789871      -0.3457570784049769       0.0390507667252517      60302
  102.476382      10.816501      -0.3200448666031840       0.2061902159017659      60402
  105.605380      10.841976      -0.2683965391433659       0.2096201670353957      60402
  108.734647      10.866222      -0.2159433866865382       0.2125080082568808        604
  111.864172      10.889165      -0.0000000000000000       0.0000000000000000          0
  114.993942      10.910737       0.0200147843992298       0.1452657470011227        613
  118.123940      10.930874       0.1079301571972473       0.1451695364176457        613
  121.254153      10.949515      -0.0000000000000000       0.0000000000000000          0
  124.384564      10.966605      -0.0000000000000000       0.0000000000000000          0
  127.515157      10.982092      -6.4158149774447901       3.7980821536205212        678
  130.645912      10.995930      -0.0000000000000000       0.0000000000000000          0
  133.776813      11.008078      -0.0000000000000000       0.0000000000000000          0
  136.907841      11.018500      -0.0000000000000000       0.0000000000000000          0
  140.038975      11.027164      -0.0000000000000000       0.0000000000000000          0
  143.170197      11.034044      -0.0000000000000000       0.0000000000000000          0
  43.112775       7.608107      -1.1776418760357834       0.9415894176983553        709
  46.236150       7.639879      -1.1676518194773362       0.9501047998346512        709
  49.359754       7.672192      -1.1541916147015341       0.9586068777989681        709
  52.483593       7.704949      -0.0000000000000000       0.0000000000000000          0
  55.607670       7.738054      -0.0000000000000000       0.0000000000000000          0
  58.731991       7.771408      -0.0000000000000000       0.0000000000000000          0
  61.856559       7.804913      -0.0000000000000000       0.0000000000000000          0
  64.981378       7.838468      -0.0000000000000000       0.0000000000000000          0
  68.106449       7.871973      -0.0000000000000000       0.0000000000000000          0
  71.231773       7.905330      -0.0000000000000000       0.0000000000000000          0
  74.357352       7.938438      -0.0000000000000000       0.0000000000000000          0
  77.483186       7.971200      -0.0000000000000000       0.0000000000000000          0
  80.609273       8.003517      -3.9875237852688512       2.5280000993341147        502
  83.735611       8.035294      -0.0000000000000000       0.0000000000000000          0
  86.862198       8.066435      -0.0000000000000000       0.0000000000000000          0
  89.989031       8.096849      -0.0000000000000000       0.0000000000000000          0
  93.116105       8.126444      -0.0000000000000000       0.0000000000000000          0
  96.243414       8.155133      -0.0000000000000000       0.0000000000000000          0
  99.370953       8.182829      -0.4122132468068295       0.0609306800742357        647
  102.498715       8.209451      -0.3270552921990126       0.0645359610731928      64701
  105.626692       8.234918      -0.2680418318958191       0.1670823055119781      60402
  108.754875       8.259155      -0.0000000000000000       0.0000000000000000          0
  111.883255       8.282090      -0.0674178354388370       0.0709825145245016        613
  115.011823       8.303654       0.0205174427180387       0.0717756822889577        613
  118.140566       8.323783       0.2093497030676205       0.4605683056089021        738
  121.269473       8.342416      -0.0000000000000000       0.0000000000000000          0
  124.398532       8.359498      -0.0000000000000000       0.0000000000000000          0
  127.527731       8.374978      -6.4160868060074669       3.8853055830105547        678
  130.657055       8.388810      -0.0000000000000000       0.0000000000000000          0
  133.786492       8.400953      -0.0000000000000000       0.0000000000000000          0
  136.916025       8.411369      -0.0000000000000000       0.0000000000000000          0
  140.045641       8.420029      -0.0000000000000000       0.0000000000000000          0
  143.175325       8.426906      -0.0000000000000000       0.0000000000000000          0
  43.139368       5.001098      -1.1775715505931095       0.9394427744802234        709
  46.263242       5.032875      -1.1675499406659460       0.9450913590363875        709
  49.387264       5.065192      -0.0000000000000000       0.0000000000000000          0
  52.511439       5.097953      -0.0000000000000000       0.0000000000000000          0
  55.635770       5.131061      -0.0000000000000000       0.0000000000000000          0
  58.760262       5.164417      -0.0000000000000000       0.0000000000000000          0
  61.884916       5.197922      -0.0000000000000000       0.0000000000000000          0
  65.009737       5.231477      -0.0000000000000000       0.0000000000000000          0
  68.134725       5.264982      -0.0000000000000000       0.0000000000000000          0
  71.259883       5.298336      -0.0000000000000000       0.0000000000000000          0
  74.385212       5.331442      -0.0000000000000000       0.0000000000000000          0
  77.510713       5.364200      -0.0000000000000000       0.0000000000000000          0
  80.636384       5.396513      -0.0000000000000000       0.0000000000000000          0
  83.762227       5.428285      -0.0000000000000000       0.0000000000000000          0
  86.888239       5.459421      -0.0000000000000000       0.0000000000000000          0
  90.014419       5.489828      -0.0000000000000000       0.0000000000000000          0
  93.140764       5.519416      -0.0000000000000000       0.0000000000000000          0
  96.267271       5.548098      -0.4955022753340713      -0.0130686070557488      67352
  99.393936       5.575786      -0.4115916621359397      -0.0099222117190075        647
  102.520756       5.602400      -0.3264514310315079      -0.0072320141231857      64701
  105.647725       5.627859      -0.2676917325539930       0.1241894332151743      60402
  108.774838       5.652088      -0.0000000000000000       0.0000000000000000          0
  111.902087       5.675014      -0.0668888666962834      -0.0025952954985090      61404
  115.029467       5.696570      -0.0000000000000000       0.0000000000000000          0
  118.156971       5.716691       0.3363568011848703      -0.0496159388097705      61407
  121.284589       5.735316      -0.0000000000000000       0.0000000000000000          0
  124.412315       5.752391      -0.0000000000000000       0.0000000000000000          0
  127.540138       5.767865      -0.0000000000000000       0.0000000000000000          0
  130.668050       5.781690      -0.0000000000000000       0.0000000000000000          0
  133.796041       5.793827      -0.0000000000000000       0.0000000000000000          0
  136.924100       5.804239      -0.0000000000000000       0.0000000000000000          0
  140.052218       5.812895      -0.0000000000000000       0.0000000000000000          0
  143.180383       5.819768      -0.0000000000000000       0.0000000000000000          0
  43.165751       2.394088      -1.1775015326722666       0.9353017917476971        709
  46.290118       2.425870      -0.0000000000000000       0.0000000000000000          0
  49.414553       2.458191      -0.0000000000000000       0.0000000000000000          0
  52.539060       2.490956      -0.0000000000000000       0.0000000000000000          0
  55.663642       2.524066      -0.0000000000000000       0.0000000000000000          0
  58.788300       2.557424      -0.0000000000000000       0.0000000000000000          0
  61.913039       2.590930      -0.0000000000000000       0.0000000000000000          0
  65.037860       2.624485      -0.0000000000000000       0.0000000000000000          0
  68.162765       2.657989      -0.0000000000000000       0.0000000000000000          0
  71.287757       2.691342      -0.0000000000000000       0.0000000000000000          0
  74.412836       2.724445      -0.0000000000000000       0.0000000000000000          0
  77.538005       2.757199      -0.0000000000000000       0.0000000000000000          0
  80.663264       2.789508      -0.0000000000000000       0.0000000000000000          0
  83.788613       2.821275      -0.0000000000000000       0.0000000000000000          0
  86.914054       2.852405      -0.0000000000000000       0.0000000000000000          0
  90.039585       2.882806      -0.0000000000000000       0.0000000000000000          0
  93.165207       2.912388      -0.0000000000000000       0.0000000000000000          0
  96.290917       2.941061      -0.0000000000000000       0.0000000000000000          0
  99.416716       2.968742      -0.4109755136881074      -0.0807696367032637      67301
  102.542601       2.995348      -0.3258528924781571      -0.0789964920717192      64701
  105.668570       3.020799      -0.2397582991930653      -0.0774830216616538      64701
  108.794621       3.045020      -0.2149313129993991       0.0821315303619709      60402
  111.920749       3.067938      -0.0000000000000000       0.0000000000000000          0
  115.046953       3.089485      -0.0000000000000000       0.0000000000000000          0
  118.173227       3.109598       0.1091874922067246      -0.0742401384680255      61405
  121.299568       3.128216      -0.0000000000000000       0.0000000000000000          0
  124.425971       3.145284      -0.0000000000000000       0.0000000000000000          0
  127.552431       3.160750      -0.0000000000000000       0.0000000000000000          0
  130.678943       3.174570      -6.5112231663070004       4.5583716917706187        680
  133.805502       3.186701      -0.0000000000000000       0.0000000000000000          0
  136.932101       3.197108      -0.0000000000000000       0.0000000000000000          0
  140.058734       3.205760      -0.0000000000000000       0.0000000000000000          0
  143.185395       3.212630      -0.0000000000000000       0.0000000000000000          0
  43.192033      -0.212922      -0.0000000000000000       0.0000000000000000          0
  46.316890      -0.181135      -0.0000000000000000       0.0000000000000000          0
  49.441735      -0.148810      -0.0000000000000000       0.0000000000000000          0
  52.566572      -0.116042      -0.0000000000000000       0.0000000000000000          0
  55.691401      -0.082929      -0.0000000000000000       0.0000000000000000          0
  58.816225      -0.049569      -0.0000000000000000       0.0000000000000000          0
  61.941046      -0.016062      -0.0000000000000000       0.0000000000000000          0
  65.065866       0.017493      -0.0000000000000000       0.0000000000000000          0
  68.190687       0.050995      -0.0000000000000000       0.0000000000000000          0
  71.315511       0.084347      -0.0000000000000000       0.0000000000000000          0
  74.440341       0.117447      -0.0000000000000000       0.0000000000000000          0
  77.565178       0.150198      -0.0000000000000000       0.0000000000000000          0
  80.690024       0.182502      -0.0000000000000000       0.0000000000000000          0
  83.814882       0.214264      -0.0000000000000000       0.0000000000000000          0
  86.939752       0.245389      -0.0000000000000000       0.0000000000000000          0
  90.064636       0.275783      -0.0000000000000000       0.0000000000000000          0
  93.189537       0.305358      -0.0000000000000000       0.0000000000000000          0
  96.314454       0.334025      -0.0000000000000000       0.0000000000000000          0
  99.439389       0.361698      -0.4103622037903335      -0.1514647408935552      67350
  102.564343       0.388296      -0.3252571522463404      -0.1506087584553994        673
  105.689316       0.413739      -0.2391842688243476      -0.1497999003644653      64701
  108.814308       0.437951      -0.1523995090575323      -0.1490477821370184        614
  111.939320       0.460861      -0.0651609598470465      -0.1483613449884976        735
  115.064352       0.482401      -0.0000000000000000       0.0000000000000000          0
  118.189403       0.502505      -0.0000000000000000       0.0000000000000000          0
  121.314472       0.521116      -1.6397624119556311      -0.5620339075527225        667
  124.439559       0.538176      -1.7326426728999718      -0.5616889294588349        667
  127.564663       0.553636      -0.0000000000000000       0.0000000000000000          0
  130.689782       0.567450      -6.1552919895031382       0.6404469913340153      61502
  133.814915       0.579575      -7.1618019975691691       0.6401772482977453      61502
  136.940061       0.589978      -0.0000000000000000       0.0000000000000000          0
  140.065217       0.598625      -0.0000000000000000       0.0000000000000000          0
  143.190382       0.605492      -0.0000000000000000       0.0000000000000000          0
>