>anchorPlateId 301
>reconstructionTime 56
>DeformingMeshPoints.gpml lat_lon_velocity_domain_28_32.gpml
>MeshNode <identity>GPlates-b7a3af0e-8119-4abb-9ae6-39bb7e5702ce</identity> <revision>GPlates-7b04c5e6-7801-49f1-bcc4-23d6f4e5417f</revision>
> reconstructionPlateId 0
> validTime TimePeriod <begin> TimeInstant <timePosition>http://gplates.org/times/distantPast</timePosition></begin> <end> TimeInstant <timePosition>http://gplates.org/times/distantFuture</timePosition></end>
  19.027691      69.286285      -0.0000000000000000       0.0000000000000000        302
  21.505488      69.562750      -0.0000000000000000       0.0000000000000000        302
  24.006889      69.849162      -0.0000000000000000       0.0000000000000000        302
  26.533850      70.145072      -0.0000000000000000       0.0000000000000000        302
  29.088471      70.450000      -0.0000000000000000       0.0000000000000000        302
  31.673008      70.763439      -0.0000000000000000       0.0000000000000000        302
  34.289884      71.084850      -0.0000000000000000       0.0000000000000000        302
  36.941706      71.413661      -0.0000000000000000       0.0000000000000000        302
  39.631275      71.749265      -0.0000000000000000       0.0000000000000000        302
  42.361604      72.091016      -0.0000000000000000       0.0000000000000000        302
  45.135929      72.438228      -0.0000000000000000       0.0000000000000000        302
  47.957723      72.790171      -0.0000000000000000       0.0000000000000000        302
  50.830711      73.146067      -0.0000000000000000       0.0000000000000000        302
  53.758877      73.505085      -0.0000000000000000       0.0000000000000000        373
  56.746474      73.866340      -0.0000000000000000       0.0000000000000000        373
  59.798027      74.228886      -0.0000000000000000       0.0000000000000000        372
  62.918327      74.591712      -0.0000000000000000       0.0000000000000000        372
  66.112423      74.953734      -0.0000000000000000       0.0000000000000000        372
  69.385598      75.313795      -0.0000000000000000       0.0000000000000000        372
  72.743332      75.670654      -0.0000000000000000       0.0000000000000000        404
  76.191241      76.022986      -0.0000000000000000       0.0000000000000000        404
  79.735001      76.369373      -0.0000000000000000       0.0000000000000000        404
  83.380239      76.708305      -0.0000000000000000       0.0000000000000000        404
  87.132383      77.038172      -0.0000000000000000       0.0000000000000000        404
  90.996484      77.357272      -0.0000000000000000       0.0000000000000000        404
  94.976985      77.663811      -0.0000000000000000       0.0000000000000000        404
  99.077449      77.955908      -0.0000000000000000       0.0000000000000000        404
  103.300246      78.231613      -0.0000000000000000       0.0000000000000000        404
  107.646197      78.488925      -0.0000000000000000       0.0000000000000000        404
  112.114206      78.725818      -0.0000000000000000       0.0000000000000000        401
  116.700898      78.940277      -0.0000000000000000       0.0000000000000000          0
  121.400290      79.130338      -0.0000000000000000       0.0000000000000000          0
  126.203546      79.294142      -0.0000000000000000       0.0000000000000000          0
  20.991653      66.784429      -0.0000000000000000       0.0000000000000000        302
  23.566949      67.068976      -0.0000000000000000       0.0000000000000000        302
  26.165874      67.363396      -0.0000000000000000       0.0000000000000000        302
  28.790269      67.667175      -0.0000000000000000       0.0000000000000000        302
  31.442087      67.979766      -0.0000000000000000       0.0000000000000000        302
  34.123405      68.300590      -0.0000000000000000       0.0000000000000000        302
  36.836429      68.629036      -0.0000000000000000       0.0000000000000000        302
  39.583500      68.964455      -0.0000000000000000       0.0000000000000000        302
  42.367101      69.306160      -0.0000000000000000       0.0000000000000000        302
  45.189861      69.653427      -0.0000000000000000       0.0000000000000000        302
  48.054562      70.005485      -0.0000000000000000       0.0000000000000000        302
  50.964139      70.361522      -0.0000000000000000       0.0000000000000000        302
  53.921679      70.720675      -0.0000000000000000       0.0000000000000000        373
  56.930420      71.082031      -0.0000000000000000       0.0000000000000000        373
  59.993742      71.444625      -0.0000000000000000       0.0000000000000000        372
  63.115155      71.807433      -0.0000000000000000       0.0000000000000000        372
  66.298279      72.169371      -0.0000000000000000       0.0000000000000000        372
  69.546816      72.529294      -0.0000000000000000       0.0000000000000000        372
  72.864517      72.885990      -0.0000000000000000       0.0000000000000000        401
  76.255124      73.238181      -0.0000000000000000       0.0000000000000000        401
  79.722318      73.584519      -0.0000000000000000       0.0000000000000000        401
  83.269631      73.923588      -0.0000000000000000       0.0000000000000000        404
  86.900354      74.253904      -0.0000000000000000       0.0000000000000000        404
  90.617421      74.573919      -0.0000000000000000       0.0000000000000000        404
  94.423276      74.882025      -0.0000000000000000       0.0000000000000000        401
  98.319714      75.176562      -0.0000000000000000       0.0000000000000000        401
  102.307723      75.455834      -0.0000000000000000       0.0000000000000000        401
  106.387294      75.718117      -0.0000000000000000       0.0000000000000000        401
  110.557245      75.961686      -0.0000000000000000       0.0000000000000000        401
  114.815047      76.184834      -0.0000000000000000       0.0000000000000000        401
  119.156667      76.385902      -0.0000000000000000       0.0000000000000000        401
  123.576459      76.563310      -0.0000000000000000       0.0000000000000000      42400
  128.067100      76.715593      -0.0000000000000000       0.0000000000000000      42400
  22.591221      64.262703      -0.0000000000000000       0.0000000000000000        302
  25.242133      64.553567      -0.0000000000000000       0.0000000000000000        302
  27.916060      64.854194      -0.0000000000000000       0.0000000000000000        302
  30.614699      65.164013      -0.0000000000000000       0.0000000000000000        302
  33.339831      65.482423      -0.0000000000000000       0.0000000000000000        302
  36.093333      65.808784      -0.0000000000000000       0.0000000000000000        302
  38.877177      66.142425      -0.0000000000000000       0.0000000000000000        302
  41.693432      66.482636      -0.0000000000000000       0.0000000000000000        302
  44.544266      66.828668      -0.0000000000000000       0.0000000000000000        302
  47.431947      67.179732      -0.0000000000000000       0.0000000000000000        302
  50.358837      67.534998      -0.0000000000000000       0.0000000000000000        302
  53.327392      67.893590      -0.0000000000000000       0.0000000000000000        302
  56.340156      68.254587      -0.0000000000000000       0.0000000000000000        302
  59.399744      68.617019      -0.0000000000000000       0.0000000000000000        302
  62.508837      68.979868      -0.0000000000000000       0.0000000000000000        302
  65.670158      69.342062      -0.0000000000000000       0.0000000000000000        372
  68.886448      69.702480      -0.0000000000000000       0.0000000000000000        372
  72.160435      70.059943      -0.0000000000000000       0.0000000000000000        401
  75.494799      70.413221      -0.0000000000000000       0.0000000000000000        401
  78.892123      70.761027      -0.0000000000000000       0.0000000000000000        401
  82.354836      71.102024      -0.0000000000000000       0.0000000000000000        401
  85.885150      71.434822      -0.0000000000000000       0.0000000000000000        401
  89.484984      71.757984      -0.0000000000000000       0.0000000000000000        401
  93.155877      72.070034      -0.0000000000000000       0.0000000000000000        401
  96.898898      72.369459      -0.0000000000000000       0.0000000000000000        401
  100.714543      72.654724      -0.0000000000000000       0.0000000000000000        401
  104.602632      72.924281      -0.0000000000000000       0.0000000000000000        401
  108.562201      73.176584      -0.0000000000000000       0.0000000000000000        401
  112.591410      73.410109      -0.0000000000000000       0.0000000000000000        401
  116.687450      73.623371      -0.0000000000000000       0.0000000000000000        401
  120.846479      73.814950      -0.0000000000000000       0.0000000000000000        401
  125.063587      73.983511      -0.0000000000000000       0.0000000000000000        401
  129.332783      74.127835      -0.0000000000000000       0.0000000000000000      42400
  23.922307      61.726437      -0.0000000000000000       0.0000000000000000        302
  26.633357      62.022372      -0.0000000000000000       0.0000000000000000        302
  29.366475      62.327945      -0.0000000000000000       0.0000000000000000        302
  32.123208      62.642537      -0.0000000000000000       0.0000000000000000        302
  34.905166      62.965498      -0.0000000000000000       0.0000000000000000        302
  37.714034      63.296142      -0.0000000000000000       0.0000000000000000        302
  40.551562      63.633746      -0.0000000000000000       0.0000000000000000        302
  43.419571      63.977550      -0.0000000000000000       0.0000000000000000        302
  46.319946      64.326757      -0.0000000000000000       0.0000000000000000        302
  49.254637      64.680529      -0.0000000000000000       0.0000000000000000        302
  52.225651      65.037987      -0.0000000000000000       0.0000000000000000        302
  55.235045      65.398211      -0.0000000000000000       0.0000000000000000        302
  58.284918      65.760236      -0.0000000000000000       0.0000000000000000        302
  61.377394      66.123055      -0.0000000000000000       0.0000000000000000        302
  64.514612      66.485614      -0.0000000000000000       0.0000000000000000        302
  67.698700      66.846814      -0.0000000000000000       0.0000000000000000        390
  70.931755      67.205512      -0.0000000000000000       0.0000000000000000        401
  74.215810      67.560517      -0.0000000000000000       0.0000000000000000        401
  77.552804      67.910595      -0.0000000000000000       0.0000000000000000        401
  80.944537      68.254469      -0.0000000000000000       0.0000000000000000        401
  84.392627      68.590822      -0.0000000000000000       0.0000000000000000        401
  87.898459      68.918300      -0.0000000000000000       0.0000000000000000        401
  91.463124      69.235519      -0.0000000000000000       0.0000000000000000        401
  95.087362      69.541070      -0.0000000000000000       0.0000000000000000        401
  98.771491      69.833527      -0.0000000000000000       0.0000000000000000        401
  102.515348      70.111456      -0.0000000000000000       0.0000000000000000        401
  106.318213      70.373432      -0.0000000000000000       0.0000000000000000        401
  110.178755      70.618045      -0.0000000000000000       0.0000000000000000        401
  114.094969      70.843920      -0.0000000000000000       0.0000000000000000        401
  118.064137      71.049734      -0.0000000000000000       0.0000000000000000        401
  122.082797      71.234234      -0.0000000000000000       0.0000000000000000        401
  126.146734      71.396255      -0.0000000000000000       0.0000000000000000        401
  130.250991      71.534741      -0.0000000000000000       0.0000000000000000        401
  25.050439      59.179237      -0.0000000000000000       0.0000000000000000        302
  27.810373      59.479335      -0.0000000000000000       0.0000000000000000        302
  30.591262      59.788941      -0.0000000000000000       0.0000000000000000        302
  33.394509      60.107397      -0.0000000000000000       0.0000000000000000        302
  36.221570      60.434011      -0.0000000000000000       0.0000000000000000        302
  39.073950      60.768054      -0.0000000000000000       0.0000000000000000        302
  41.953203      61.108765      -0.0000000000000000       0.0000000000000000        302
  44.860930      61.455341      -0.0000000000000000       0.0000000000000000        302
  47.798775      61.806947      -0.0000000000000000       0.0000000000000000        302
  50.768417      62.162704      -0.0000000000000000       0.0000000000000000        302
  53.771568      62.521699      -0.0000000000000000       0.0000000000000000        302
  56.809960      62.882977      -0.0000000000000000       0.0000000000000000        302
  59.885336      63.245542      -0.0000000000000000       0.0000000000000000        302
  62.999436      63.608361      -0.0000000000000000       0.0000000000000000        390
  66.153982      63.970356      -0.0000000000000000       0.0000000000000000        468
  69.350655      64.330414      -0.0000000000000000       0.0000000000000000        468
  72.591078      64.687380      -0.0000000000000000       0.0000000000000000        401
  75.876787      65.040061      -0.0000000000000000       0.0000000000000000        401
  79.209199      65.387230      -0.0000000000000000       0.0000000000000000        401
  82.589582      65.727625      -0.0000000000000000       0.0000000000000000        401
  86.019017      66.059954      -0.0000000000000000       0.0000000000000000        401
  89.498357      66.382903      -0.0000000000000000       0.0000000000000000        401
  93.028183      66.695136      -0.0000000000000000       0.0000000000000000        401
  96.608762      66.995305      -0.0000000000000000       0.0000000000000000        401
  100.239994      67.282057      -0.0000000000000000       0.0000000000000000        401
  103.921376      67.554048      -0.0000000000000000       0.0000000000000000        401
  107.651949      67.809945      -0.0000000000000000       0.0000000000000000        401
  111.430265      68.048448      -0.0000000000000000       0.0000000000000000        401
  115.254354      68.268298      -0.0000000000000000       0.0000000000000000        401
  119.121698      68.468291      -0.0000000000000000       0.0000000000000000        401
  123.029222      68.647298      -0.0000000000000000       0.0000000000000000        401
  126.973297      68.804275      -0.0000000000000000       0.0000000000000000      43102
  130.949757      68.938282      -0.0000000000000000       0.0000000000000000      43101
  26.021775      56.623621      -0.0000000000000000       0.0000000000000000        302
  28.822203      56.927204      -0.0000000000000000       0.0000000000000000        302
  31.642402      57.240166      -0.0000000000000000       0.0000000000000000        302
  34.483647      57.561814      -0.0000000000000000       0.0000000000000000        302
  37.347249      57.891422      -0.0000000000000000       0.0000000000000000        302
  40.234556      58.228226      -0.0000000000000000       0.0000000000000000        302
  43.146951      58.571428      -0.0000000000000000       0.0000000000000000        302
  46.085845      58.920196      -0.0000000000000000       0.0000000000000000        302
  49.052675      59.273658      -0.0000000000000000       0.0000000000000000        302
  52.048896      59.630908      -0.0000000000000000       0.0000000000000000        302
  55.075975      59.991002      -0.0000000000000000       0.0000000000000000        302
  58.135382      60.352960      -0.0000000000000000       0.0000000000000000        302
  61.228576      60.715764      -0.0000000000000000       0.0000000000000000        390
  64.356996      61.078361      -0.0000000000000000       0.0000000000000000        390
  67.522041      61.439661      -0.0000000000000000       0.0000000000000000        468
  70.725057      61.798540      -0.0000000000000000       0.0000000000000000        401
  73.967314      62.153840      -0.0000000000000000       0.0000000000000000        401
  77.249985      62.504373      -0.0000000000000000       0.0000000000000000        401
  80.574117      62.848920      -0.0000000000000000       0.0000000000000000        401
  83.940609      63.186241      -0.0000000000000000       0.0000000000000000        401
  87.350179      63.515070      -0.0000000000000000       0.0000000000000000        401
  90.803332      63.834128      -0.0000000000000000       0.0000000000000000        401
  94.300327      64.142124      -0.0000000000000000       0.0000000000000000        401
  97.841144      64.437765      -0.0000000000000000       0.0000000000000000        401
  101.425453      64.719763      -0.0000000000000000       0.0000000000000000        401
  105.052578      64.986841      -0.0000000000000000       0.0000000000000000        401
  108.721467      65.237750      -0.0000000000000000       0.0000000000000000        401
  112.430675      65.471274      -0.0000000000000000       0.0000000000000000        401
  116.178337      65.686244      -0.0000000000000000       0.0000000000000000        401
  119.962159      65.881551      -0.0000000000000000       0.0000000000000000        401
  123.779416      66.056158      -0.0000000000000000       0.0000000000000000        401
  127.626960      66.209115      -0.0000000000000000       0.0000000000000000      43102
  131.501238      66.339568      -0.0000000000000000       0.0000000000000000      43101
  26.869699      54.061401      -2.0376447467936689       0.6432782406086429        334
  29.704232      54.367949      -0.0000000000000000       0.0000000000000000        302
  32.557335      54.683752      -0.0000000000000000       0.0000000000000000        302
  35.430166      55.008086      -0.0000000000000000       0.0000000000000000        302
  38.323910      55.340193      -0.0000000000000000       0.0000000000000000        302
  41.239777      55.679281      -0.0000000000000000       0.0000000000000000        302
  44.178998      56.024524      -0.0000000000000000       0.0000000000000000        302
  47.142823      56.375058      -0.0000000000000000       0.0000000000000000        302
  50.132516      56.729988      -0.0000000000000000       0.0000000000000000        302
  53.149343      57.088382      -0.0000000000000000       0.0000000000000000        302
  56.194571      57.449273      -0.0000000000000000       0.0000000000000000        302
  59.269455      57.811662      -0.0000000000000000       0.0000000000000000        302
  62.375229      58.174515      -0.0000000000000000       0.0000000000000000        390
  65.513092      58.536764      -0.0000000000000000       0.0000000000000000        468
  68.684195      58.897311      -0.0000000000000000       0.0000000000000000        468
  71.889627      59.255029      -0.0000000000000000       0.0000000000000000        401
  75.130392      59.608759      -0.0000000000000000       0.0000000000000000        401
  78.407395      59.957322      -0.0000000000000000       0.0000000000000000        401
  81.721420      60.299511      -0.0000000000000000       0.0000000000000000        401
  85.073103      60.634105      -0.0000000000000000       0.0000000000000000        401
  88.462911      60.959865      -0.0000000000000000       0.0000000000000000        401
  91.891119      61.275546      -0.0000000000000000       0.0000000000000000        401
  95.357780      61.579896      -0.0000000000000000       0.0000000000000000        401
  98.862703      61.871672      -0.0000000000000000       0.0000000000000000        401
  102.405426      62.149637      -0.0000000000000000       0.0000000000000000        401
  105.985196      62.412579      -0.0000000000000000       0.0000000000000000        401
  109.600947      62.659311      -0.0000000000000000       0.0000000000000000        401
  113.251286      62.888688      -0.0000000000000000       0.0000000000000000        401
  116.934479      63.099615      -0.0000000000000000       0.0000000000000000        401
  120.648449      63.291056      -0.0000000000000000       0.0000000000000000        401
  124.390774      63.462050      -0.0000000000000000       0.0000000000000000        401
  128.158702      63.611716      -0.0000000000000000       0.0000000000000000        401
  131.949161      63.739269      -0.0000000000000000       0.0000000000000000        401
  27.618931      51.493912      -0.0000000000000000       0.0000000000000000        302
  30.482609      51.803020      -0.0000000000000000       0.0000000000000000        302
  33.363669      52.121264      -0.0000000000000000       0.0000000000000000        302
  36.263164      52.447892      -0.0000000000000000       0.0000000000000000        302
  39.182167      52.782120      -0.0000000000000000       0.0000000000000000        302
  42.121766      53.123131      -0.0000000000000000       0.0000000000000000        302
  45.083064      53.470071      -0.0000000000000000       0.0000000000000000        302
  48.067172      53.822057      -0.0000000000000000       0.0000000000000000        302
  51.075205      54.178169      -0.0000000000000000       0.0000000000000000        302
  54.108273      54.537454      -0.0000000000000000       0.0000000000000000        302
  57.167478      54.898930      -0.0000000000000000       0.0000000000000000        302
  60.253899      55.261580      -0.0000000000000000       0.0000000000000000        390
  63.368589      55.624358      -0.0000000000000000       0.0000000000000000        390
  66.512557      55.986188      -0.0000000000000000       0.0000000000000000        468
  69.686759      56.345966      -0.0000000000000000       0.0000000000000000        468
  72.892084      56.702564      -0.0000000000000000       0.0000000000000000        468
  76.129337      57.054829      -0.0000000000000000       0.0000000000000000        401
  79.399224      57.401587      -0.0000000000000000       0.0000000000000000        401
  82.702331      57.741648      -0.0000000000000000       0.0000000000000000        401
  86.039109      58.073808      -0.0000000000000000       0.0000000000000000        401
  89.409852      58.396855      -0.0000000000000000       0.0000000000000000        401
  92.814679      58.709573      -0.0000000000000000       0.0000000000000000        401
  96.253510      59.010748      -0.0000000000000000       0.0000000000000000        401
  99.726051      59.299178      -0.0000000000000000       0.0000000000000000        401
  103.231774      59.573674      -0.0000000000000000       0.0000000000000000        401
  106.769901      59.833073      -0.0000000000000000       0.0000000000000000        401
  110.339389      60.076247      -0.0000000000000000       0.0000000000000000        401
  113.938921      60.302107      -0.0000000000000000       0.0000000000000000        401
  117.566900      60.509618      -0.0000000000000000       0.0000000000000000        401
  121.221444      60.697806      -0.0000000000000000       0.0000000000000000        401
  124.900396      60.865768      -0.0000000000000000       0.0000000000000000        401
  128.601327      61.012681      -0.0000000000000000       0.0000000000000000        401
  132.321559      61.137814      -0.0000000000000000       0.0000000000000000        401
  28.288154      48.922158      -0.0000000000000000       0.0000000000000000        302
  31.177061      49.233506      -0.0000000000000000       0.0000000000000000        302
  34.082192      49.553875      -0.0000000000000000       0.0000000000000000        302
  37.004505      49.882490      -0.0000000000000000       0.0000000000000000        302
  39.944972      50.218543      -0.0000000000000000       0.0000000000000000        302
  42.904576      50.561195      -0.0000000000000000       0.0000000000000000        302
  45.884309      50.909572      -0.0000000000000000       0.0000000000000000        302
  48.885162      51.262768      -0.0000000000000000       0.0000000000000000        302
  51.908124      51.619845      -0.0000000000000000       0.0000000000000000        302
  54.954176      51.979836      -0.0000000000000000       0.0000000000000000        302
  58.024279      52.341741      -0.0000000000000000       0.0000000000000000        302
  61.119372      52.704533      -0.0000000000000000       0.0000000000000000        390
  64.240357      53.067157      -0.0000000000000000       0.0000000000000000        465
  67.388092      53.428529      -0.0000000000000000       0.0000000000000000        458
  70.563381      53.787545      -0.0000000000000000       0.0000000000000000        459
  73.766956      54.143076      -0.0000000000000000       0.0000000000000000        468
  76.999468      54.493975      -0.1788994086009294       0.0603883637725197          0
  80.261473      54.839077      -1.0723302270910300       0.4206230442402055          0
  83.553413      55.177208      -1.2579965506354494       0.5667439344427805          0
  86.875604      55.507181      -1.0741460324462104       0.5496586766494970          0
  90.228218      55.827807      -0.7130848869120446       0.4102437361780935          0
  93.611267      56.137900      -0.1257893406805497       0.0807410208813692          0
  97.024590      56.436279      -0.0000000000000000       0.0000000000000000        401
  100.467833      56.721777      -0.0000000000000000       0.0000000000000000        401
  103.940439      56.993247      -0.0000000000000000       0.0000000000000000        401
  107.441635      57.249571      -0.0000000000000000       0.0000000000000000        401
  110.970421      57.489667      -0.0000000000000000       0.0000000000000000          0
  114.525567      57.712496       0.0016053654445855      -0.0032054668416617          0
  118.105605      57.917073       0.0127477156066450      -0.0335968780336021          0
  121.708832      58.102475       0.0126945836117218      -0.0474264050300863          0
  125.333315      58.267848       0.0045536452695992      -0.0338607502036506          0
  128.976900      58.412416      -0.0001562747214733      -0.0088851227614728          0
  132.637227      58.535493      -0.0000000000000000       0.0000000000000000        401
  28.891748      46.346913       1.0720559053371954       1.4920684181194734        337
  31.802750      46.660242      -0.0000000000000000       0.0000000000000000        302
  34.728852      46.982482      -0.0000000000000000       0.0000000000000000        302
  37.670928      47.312839      -0.0000000000000000       0.0000000000000000        302
  40.629863      47.650483      -2.1853843722277566      -0.3630003531744696        503
  43.606547      47.994554      -0.0000000000000000       0.0000000000000000        302
  46.601873      48.344161      -0.0000000000000000       0.0000000000000000        302
  49.616731      48.698380      -0.0000000000000000       0.0000000000000000        302
  52.652003      49.056259      -0.0000000000000000       0.0000000000000000        302
  55.708558      49.416814      -0.0000000000000000       0.0000000000000000        302
  58.787243      49.779034      -0.0000000000000000       0.0000000000000000        302
  61.888879      50.141884      -0.0000000000000000       0.0000000000000000        390
  65.014247      50.504300      -0.0000000000000000       0.0000000000000000        465
  68.164083      50.865196      -0.0000000000000000       0.0000000000000000        458
  71.339066      51.223466      -0.0000000000000000       0.0000000000000000        459
  74.539807      51.577985      -1.2726809155012160       0.3523969699771099          0
  77.766840      51.927610      -3.2589614178618169       1.1280884802289401        580
  81.020603      52.271189      -3.1792754603579683       1.2768110245906941        580
  84.301433      52.607558      -3.0885488367527847       1.4240487760578775        580
  87.609547      52.935552      -2.9800878739395920       1.5654233391712120          0
  90.945031      53.254002      -2.2984434656843846       1.3536070410266376          0
  94.307828      53.561747      -1.4819809440371299       0.9702860475581806          0
  97.697722      53.857636      -0.5949605327516510       0.4307878994931167          0
  101.114332      54.140536      -0.0000000000000000       0.0000000000000000        401
  104.557093      54.409335      -0.0000000000000000       0.0000000000000000        401
  108.025257      54.662955      -0.0000000000000000       0.0000000000000000        401
  111.517877      54.900353       0.0727513427392557      -0.1303115425790092          0
  115.033808      55.120535       0.1117683380202463      -0.2484494517981166          0
  118.571707      55.322556       0.1078835493960349      -0.3179852392337319          0
  122.130028      55.505537       0.0751628764439680      -0.3490553581096892          0
  125.707033      55.668665       0.0063040761237120      -0.3253887386556144          0
  129.300803      55.811204      -0.0853883926770349      -0.2434703228296987          0
  132.909242      55.932503      -0.1788817724445588      -0.1224135485535901          0
  29.440965      43.768778       1.1359157282380408       0.7589187003375377        340
  32.371519      44.083877      -0.0000000000000000       0.0000000000000000        551
  35.316087      44.407784      -1.8920711158059840      -0.2599208047313134        503
  38.275469      44.739683      -2.0575964052327014      -0.2130215909486009        503
  41.250472      45.078729      -2.2184629962260800      -0.1594109209349551        503
  44.241903      45.424042      -2.3741877750014342      -0.0989864575026332        503
  47.250571      45.774716      -0.0000000000000000       0.0000000000000000        301
  50.277277      46.129811      -0.0000000000000000       0.0000000000000000        302
  53.322813      46.488361      -0.0000000000000000       0.0000000000000000        302
  56.387952      46.849371      -0.0000000000000000       0.0000000000000000        302
  59.473447      47.211822      -0.0000000000000000       0.0000000000000000        302
  62.580017      47.574668      -0.0000000000000000       0.0000000000000000        466
  65.708346      47.936841      -0.0000000000000000       0.0000000000000000        458
  68.859070      48.297255      -0.0000000000000000       0.0000000000000000        459
  72.032770      48.654802      -1.2917699570365573       0.1152434723231123          0
  75.229961      49.008361      -3.3448927304892955       0.4220689534775471          0
  78.451081      49.356797      -3.2430684492672306       1.1256212816973017        580
  81.696483      49.698966      -3.1614280197624165       1.2685212241427266        580
  84.966422      50.033720      -3.0689152921285610       1.4098926354953611        580
  88.261045      50.359909      -2.9655985033467589       1.5490859920910827        580
  91.580377      50.676386      -2.8515942093131841       1.6854255910489517        580
  94.924315      50.982013      -2.7113811789143227       1.8070891255861077          0
  98.292614      51.275665      -1.6283705090097338       1.1930679530012298          0
  101.684879      51.556238      -0.8923528451531370       0.6221867221187716          0
  105.100557      51.822655      -0.5421988712265760       0.2791079457415836          0
  108.538931      52.073870      -0.0312691781687519      -0.1316309773203225          0
  111.999113      52.308877       0.2070371174778463      -0.4144400279224436          0
  115.480043      52.526717       0.2651533625948813      -0.5788561479511307          0
  118.980490      52.726483       0.2136549731552000      -0.6467202883386842          0
  122.499051      52.907333       0.1193317860824195      -0.6576543240469442          0
  126.034159      53.068488      -0.0137415028234906      -0.6011111287833466          0
  129.584092      53.209248      -0.1703074210224794      -0.4767699970566005          0
  133.146982      53.328991      -0.3403847885058068      -0.2878764513171842          0
  29.944743      41.188230      -0.0000000000000000       0.0000000000000000        520
  32.892762      41.504927      -0.0000000000000000       0.0000000000000000        520
  35.853748      41.830330      -0.0000000000000000       0.0000000000000000        526
  38.828434      42.163610      -0.0000000000000000       0.0000000000000000        551
  41.817557      42.503903      -0.0000000000000000       0.0000000000000000        551
  44.821852      42.850315      -2.4036422509251851       0.0999982696947116        503
  47.842054      43.201923      -2.5529844141142304       0.1646226834548099        503
  50.878887      43.557776      -2.6959974429661102       0.2359604167461185        503
  53.933064      43.916896      -0.0000000000000000       0.0000000000000000        301
  57.005278      44.278277      -0.0000000000000000       0.0000000000000000        301
  60.096201      44.640891      -0.0000000000000000       0.0000000000000000        390
  63.206470      45.003688      -0.0000000000000000       0.0000000000000000        466
  66.336686      45.365597      -0.0000000000000000       0.0000000000000000        466
  69.487404      45.725528      -0.8245207804300661       0.1012390186121459          0
  72.659125      46.082377      -3.2930486880975014       0.4601319123004954        501
  75.852287      46.435025      -3.4213435101246770       0.5715369899245496        501
  79.067257      46.782346      -3.5397807369235070       0.6908281655613549        501
  82.304318      47.123206      -3.4123964697720806       1.0305065167985814          0
  85.563667      47.456470      -3.0509294388316150       1.3879404044968864        580
  88.845397      47.781002      -2.9714574071967794       1.5162207572379047          0
  92.149493      48.095676      -2.8310756322293686       1.6515897369975052        580
  95.475822      48.399375      -2.7539151747718900       1.7780421110967719          0
  98.824126      48.691000      -2.7395758034971038       1.7486945232964395          0
  102.194010      48.969472      -2.3428132904829662       1.3633863971777576          0
  105.584939      49.233743      -1.4953899206807959       0.7290951289502173          0
  108.996236      49.482798      -0.2851454804899538      -0.1519671057086596          0
  112.427071      49.715661       0.2745298170187582      -0.6703212528806252          0
  115.876467      49.931408       0.4192012262465050      -0.9278434940183027          0
  119.343294      50.129163       0.3302915791172134      -0.9998610233943739          0
  122.826279      50.308115       0.1774920561453186      -0.9933644714205903          0
  126.324005      50.467517      -0.0145192426905475      -0.9083369044517999          0
  129.834922      50.606697      -0.2351294052690766      -0.7376917817952573          0
  133.357355      50.725060      -0.4757354077964090      -0.4763509519990191          0
  30.410278      38.605654      -0.0000000000000000       0.0000000000000000        522
  33.374033      38.923803      -1.2062639645880573       0.1247903626406010        715
  36.349744      39.250564      -0.0000000000000000       0.0000000000000000        525
  39.338085      39.585090      -0.0000000000000000       0.0000000000000000        522
  42.339729      39.926503      -0.0000000000000000       0.0000000000000000        526
  45.355349      40.273896      -0.0000000000000000       0.0000000000000000        526
  48.385614      40.626331      -2.5791209196544393       0.3578421726865370        503
  51.431181      40.982846      -2.7212042103558760       0.4258473507605852        503
  54.492695      41.342452      -2.8562834347692547       0.5003395254330612        503
  57.570782      41.704136      -0.0000000000000000       0.0000000000000000        301
  60.666042      42.066864      -0.0000000000000000       0.0000000000000000        301
  63.779045      42.429579      -0.0000000000000000       0.0000000000000000        467
  66.910323      42.791207      -0.0000000000000000       0.0000000000000000        466
  70.060364      43.150661      -2.1586651978916649       0.3824983768883753          0
  73.229606      43.506835      -3.3167315811775104       0.6589552933607334        501
  76.418423      43.858619      -3.4429918364488019       0.7654767308943783        501
  79.627126      44.204891      -3.5592767531270804       0.8795384992943109        501
  82.855947      44.544528      -3.6650249424339179       1.0009231421252969        501
  86.105036      44.876408      -3.7077703318442978       1.1603813053502479          0
  89.374451      45.199410      -3.6221016257448131       1.3661314661966089          0
  92.664149      45.512425      -3.4739743253749555       1.5640289773495386          0
  95.973980      45.814357      -3.3908771260891992       1.7303331086993674          0
  99.303681      46.104129      -3.4715946304372434       1.8554632591062679          0
  102.652868      46.380687      -3.4937015001714951       1.8428623882562052          0
  106.021031      46.643008      -2.7032601048098353       1.3046986906378115          0
  109.407533      46.890104      -0.3902624034185185      -0.2707680219755184          0
  112.811603      47.121029       0.5222432582506971      -1.0689422570366607          0
  116.232341      47.334886       0.6308488941229472      -1.3324859215899088          0
  119.668715      47.530829       0.4566922402131628      -1.3666467285736592          0
  123.119563      47.708073       0.2556552825057570      -1.3580658045906702          0
  126.583604      47.865901       0.0112476337997648      -1.2583358750358007          0
  130.059438      48.003664      -0.2717613639637094      -1.0476012598324493          0
  133.545561      48.120790      -0.5840480720598400      -0.6987721354126428          0
  30.843437      36.021362      -1.1875639177641095       0.1244709959601493        715
  33.821481      36.340842      -1.2093266131574241       0.1577850109513634        715
  36.810506      36.668843      -1.9763162701648844       0.3518540780196069        503
  39.811129      37.004504      -2.1413540507667914       0.3918191570122652        503
  42.823971      37.346932      -2.3011555439182332       0.4377456955104273        503
  45.849645      37.695206      -0.0000000000000000       0.0000000000000000        505
  48.888763      38.048379      -2.6031074613618772       0.5478580679001068        503
  51.941924      38.405478      -2.7442896005923441       0.6121773011763566        503
  55.009715      38.765504      -2.8783007191963126       0.6827192040476834        503
  58.092701      39.127437      -3.0046639146151457       0.7594838403456941        503
  61.191424      39.490237      -3.1229074481329215       0.8424396317397396        503
  64.306397      39.852845      -0.0000000000000000       0.0000000000000000        467
  67.438094      40.214184      -0.9657483350699573       0.1759739953397523          0
  70.586948      40.573166      -0.0000000000000000       0.0000000000000000        466
  73.753344      40.928690      -3.3381845742800667       0.8528449928805888        501
  76.937608      41.279650      -3.4625493801761307       0.9541030603915823        501
  80.140004      41.624931      -3.5768382340393599       1.0625644319522125        501
  83.360727      41.963421      -3.6805134395972985       1.1780146436481411        501
  86.599893      42.294008      -3.7730550033213754       1.3001856516796324        501
  89.857532      42.615587      -3.8539646517754558       1.4287541722207060        501
  93.133586      42.927066      -3.9227701880690038       1.5633405595401613        501
  96.427898      43.227367      -3.9790301539611419       1.7035083027332587        501
  99.740206      43.515432      -4.0223387492919596       1.8487642192805471        501
  103.070143      43.790232      -4.0523309446521179       1.9985594184670057        501
  106.417228      44.050767      -2.1161553433790274       0.7930248004381917          0
  109.780865      44.296073       0.9933310511889117      -1.4359199608299771          0
  113.160342      44.525230       1.1432540061464906      -1.7462836114277298          0
  116.554831      44.737366       0.8547816925703027      -1.7466467985750997          0
  119.963388      44.931661       0.5904978341711915      -1.7377240388025994          0
  123.384955      45.107356       0.3326721942250458      -1.7161151310776779          0
  126.818370      45.263756       0.0586782809742934      -1.6570312659140698          0
  130.262368      45.400235      -0.2607368666403599      -1.4686459471787803          0
  133.715592      45.516243      -0.6480235104598850      -1.0184052728903028          0
  31.249061      33.435611      -1.1907181919279579       0.1581534111666111        715
  34.240175      33.756321      -0.0000000000000000       0.0000000000000000          0
  37.241327      34.085463      -0.0000000000000000       0.0000000000000000          0
  40.253083      34.422164      -2.1651765635936862       0.5888256856527556        503
  43.276012      34.765517      -2.3245936468090855       0.6315737652698827        503
  46.310681      35.114592      -2.4781221934858628       0.6801041074042649        503
  49.357646      35.468429      -0.0000000000000000       0.0000000000000000        505
  52.417459      35.826046      -0.0000000000000000       0.0000000000000000        505
  55.490652      36.186437      -0.0000000000000000       0.0000000000000000        505
  58.577742      36.548575      -0.0000000000000000       0.0000000000000000        505
  61.679220      36.911416      -0.0000000000000000       0.0000000000000000        301
  64.795548      37.273896      -0.0000000000000000       0.0000000000000000        301
  67.927154      37.634939      -0.0000000000000000       0.0000000000000000        301
  71.074427      37.993457      -0.0000000000000000       0.0000000000000000          0
  74.237706      38.348354      -3.3577764536026269       1.0417734005641801        501
  77.417279      38.698525      -3.4803658477052624       1.1374258393626158        501
  80.613377      39.042867      -3.5927926932870156       1.2399518548377726        501
  83.826162      39.380274      -3.6945415715604097       1.3491428563444079        501
  87.055727      39.709648      -3.7851166600977542       1.4647386626205670        501
  90.302086      40.029897      -3.8640455129727238       1.5864261445313708        501
  93.565169      40.339943      -3.9308831225226664       1.7138383990599224        501
  96.844820      40.638728      -3.9852162282340364       1.8465545235604692        501
  100.140786      40.925212      -4.0266678253782349       1.9841000560136570        501
  103.452719      41.198386      -4.2492653190307603       2.3336380283670364        607
  106.780168      41.457272      -1.6215476515745111       0.3766253193824335          0
  110.122582      41.700929      -0.0396444342480797      -0.7931807281804847          0
  113.479303      41.928460       0.4417241461623556      -1.2947853276096766          0
  116.849571      42.139016       0.3523221574722690      -1.4019979794185873          0
  120.232524      42.331801       0.2464701372320687      -1.5074464564570258          0
  123.627200      42.506077       0.0975890571007125      -1.5844743416446283          0
  127.032543      42.661171      -0.1030866352303154      -1.5962480815121047          0
  130.447408      42.796479      -0.3570443660335436      -1.5072052824225746          0
  133.870569      42.911466      -0.6303069590450350      -1.4358566908633934          0
  31.631190      30.848616      -1.1936351724397507       0.1906536454622697        715
  34.634342      31.170468      -1.2147015801509069       0.2198509249794541        715
  37.646614      31.500669      -0.0000000000000000       0.0000000000000000          0
  40.668529      31.838329      -0.0000000000000000       0.0000000000000000          0
  43.700612      32.182534      -2.3464771331508008       0.8223785783574009        503
  46.743382      32.532340      -2.4994568537099502       0.8671792380500540        503
  49.797352      32.886779      -2.6459127089124319       0.9175575691053284        503
  52.863027      33.244859      -0.0000000000000000       0.0000000000000000        505
  55.940896      33.605569      -0.0000000000000000       0.0000000000000000        505
  59.031431      33.967876      -0.0000000000000000       0.0000000000000000        505
  62.135079      34.330730      -0.0000000000000000       0.0000000000000000        506
  65.252263      34.693068      -0.0000000000000000       0.0000000000000000        506
  68.383370      35.053811      -0.0000000000000000       0.0000000000000000        506
  71.528749      35.411873      -0.0000000000000000       0.0000000000000000          0
  74.688708      35.766162      -3.3758032532092099       1.2256572319825956        501
  77.863502      36.115578      -3.4967209381400162       1.3153943324107986        501
  81.053335      36.459025      -3.6074010700239647       1.4116814091357766        501
  84.258346      36.795406      -3.7073492413777762       1.5143181862437176        501
  87.478612      37.123635      -3.7960922403034458       1.6230546951676112        501
  90.714135      37.442632      -3.8731815969795820       1.7375901690573552        501
  93.964845      37.751336      -3.9381973633281993       1.8575724585546520        501
  97.230586      38.048702      -3.9907520913494476       1.9825980282119608        501
  100.511122      38.333710      -0.0000000000000000       0.0000000000000000          0
  103.806124      38.605370      -2.3255059575184021       0.7366288047041314          0
  107.115175      38.862724      -1.5421978239191536       0.2214098443190540          0
  110.437765      39.104852      -0.5964900928847030      -0.4811041583911967          0
  113.773291      39.330877      -0.3399445059975920      -0.7405994037727645          0
  117.121058      39.539972      -0.3008659644478444      -0.8654785476991764          0
  120.480277      39.731361      -0.3058873163891988      -0.9798273419971761          0
  123.850075      39.904329      -0.3916519284657112      -1.0123270115935308          0
  127.229493      40.058220      -0.5450437473287459      -0.9421319866331642          0
  130.617494      40.192449      -0.7738383926754915      -0.7026742110788963          0
  134.012969      40.306497      -1.1561632287982908      -0.0609936661731683          0
  31.993233      28.260559      -1.1963498457779507       0.2219707547583481        715
  35.007539      28.583479      -1.2170874885960838       0.2489505838470789        715
  38.030075      28.914665      -0.0000000000000000       0.0000000000000000          0
  41.061322      29.253218      -0.0000000000000000       0.0000000000000000          0
  44.101763      29.598210      -0.0000000000000000       0.0000000000000000          0
  47.151878      29.948689      -2.5194672613333911       1.0507076493065690        503
  50.212139      30.303677      -2.6652334795933532       1.0968139445136220        503
  53.283011      30.662175      -0.0000000000000000       0.0000000000000000        505
  56.364944      31.023166      -0.0000000000000000       0.0000000000000000        505
  59.458372      31.385610      -0.0000000000000000       0.0000000000000000        505
  62.563705      31.748457      -0.0000000000000000       0.0000000000000000      50601
  65.681331      32.110639      -0.0000000000000000       0.0000000000000000      50601
  68.811603      32.471080      -0.0000000000000000       0.0000000000000000      50601
  71.954841      32.828694      -0.0000000000000000       0.0000000000000000          0
  75.111322      33.182392      -0.0000000000000000       0.0000000000000000          0
  78.281279      33.531082      -3.5118411789562223       1.4879119145410900        501
  81.464893      33.873672      -3.6208739315213490       1.5776844986198724        501
  84.662288      34.209077      -3.7191292865995322       1.6734987772380738        501
  87.873530      34.536219      -3.8061552713461579       1.7751169888847063        501
  91.098617      34.854033      -3.8815257818672881       1.8822525906078489        501
  94.337478      35.161469      -3.9448440940426766       1.9945698714296964        501
  97.589966      35.457501      -0.0000000000000000       0.0000000000000000          0
  100.855861      35.741124      -1.2760588283361343      -0.1580150586686655        602
  104.134858      36.011366      -1.8060825057138601       0.3140476849524931          0
  107.426574      36.267287      -1.4104923384185275       0.0159387441782069          0
  110.730540      36.507986      -1.2429259334673763      -0.0915979738094008          0
  114.046204      36.732607      -1.0761572416978713      -0.1920751357200183          0
  117.372931      36.940341      -0.9005545093599809      -0.3491925716344497          0
  120.710005      37.130434      -0.8073719028921065      -0.4738430553018278          0
  124.056631      37.302186      -0.8363535714600205      -0.4812932918562626          0
  127.411940      37.454961      -0.9322052171370481      -0.3907863700186856          0
  130.774992      37.588188      -1.0957813780955428      -0.1525680440438611          0
  134.144785      37.701366      -0.0000000000000000       0.0000000000000000          0
  32.338096      25.671592      -1.1988912850861289       0.2520953167546187        715
  35.362801      25.995518      -1.2193107583784561       0.2767634180105366        715
  38.394866      26.327629      -1.2363701645002001       0.3025126544221136        715
  41.434735      26.667016      -0.0000000000000000       0.0000000000000000          0
  44.482855      27.012741      -0.0000000000000000       0.0000000000000000          0
  47.539667      27.363842      -2.5383448582952113       1.2304245285738868        503
  50.605610      27.719334      -2.6834322744484123       1.2720247446206638        503
  53.681112      28.078211      -2.8212537476366335       1.3186819792247322        503
  56.766589      28.439449      -0.0000000000000000       0.0000000000000000        505
  59.862443      28.802006      -0.0000000000000000       0.0000000000000000        505
  62.969052      29.164826      -0.0000000000000000       0.0000000000000000      50601
  66.086773      29.526843      -0.0000000000000000       0.0000000000000000      50601
  69.215932      29.886980      -0.0000000000000000       0.0000000000000000          0
  72.356823      30.244153      -0.0000000000000000       0.0000000000000000          0
  75.509703      30.597277      -0.0000000000000000       0.0000000000000000          0
  78.674782      30.945264      -0.0000000000000000       0.0000000000000000          0
  81.852229      31.287032      -3.6333832222474132       1.7378554949302982        501
  85.042156      31.621502      -3.7300385881460234       1.8266035886382286        501
  88.244621      31.947608      -3.8154463493836692       1.9208677846821574        501
  91.459622      32.264297      -0.0000000000000000       0.0000000000000000          0
  94.687093      32.570533      -0.0000000000000000       0.0000000000000000          0
  97.926900      32.865302      -0.0000000000000000       0.0000000000000000          0
  101.178838      33.147617      -1.2787456109639117      -0.1322889335472101        602
  104.442630      33.416522      -1.3120768156447151      -0.0928326516688836          0
  107.717924      33.671094      -1.3232199366816644      -0.0620844315540648          0
  111.004293      33.910451      -1.3381463406756251      -0.0184403959256635          0
  114.301235      34.133755      -1.3500149376109476       0.0270857464655982          0
  117.608173      34.340214      -1.3593796941968326       0.0726483561978725          0
  120.924455      34.529092      -1.2470924839084663      -0.0059684516272228          0
  124.249361      34.699707      -1.2180172842227808      -0.0168803821686608          0
  127.582104      34.851439      -1.2401610253183006       0.0439760636507315          0
  130.921835      34.983732      -1.3112421125454596       0.2012292142425396          0
  134.267646      35.096099      -0.0000000000000000       0.0000000000000000          0
  32.668286      23.081850      -1.2012838891444970       0.2810113077433832        715
  35.702738      23.406726      -1.2213942354108940       0.3032816081659602        715
  38.743699      23.739710      -1.2381115869864641       0.3265948476962256        715
  41.791579      24.079881      -0.0000000000000000       0.0000000000000000          0
  44.846792      24.426292      -0.0000000000000000       0.0000000000000000          0
  47.909746      24.777972      -0.0000000000000000       0.0000000000000000          0
  50.980846      25.133930      -2.7006698091431707       1.4429358887810348        503
  54.060491      25.493152      -2.8376994723342284       1.4845749220995903        503
  57.149068      25.854609      -0.0000000000000000       0.0000000000000000      50602
  60.246946      26.217256      -0.0000000000000000       0.0000000000000000      50602
  63.354480      26.580036      -0.0000000000000000       0.0000000000000000      50602
  66.472001      26.941879      -0.0000000000000000       0.0000000000000000      50602
  69.599812      27.301709      -0.0000000000000000       0.0000000000000000          0
  72.738185      27.658448      -0.0000000000000000       0.0000000000000000          0
  75.887360      28.011011      -0.0000000000000000       0.0000000000000000          0
  79.047534      28.358317      -0.0000000000000000       0.0000000000000000          0
  82.218862      28.699291      -3.6450709191104016       1.8920611641285912        501
  85.401451      29.032864      -3.7402062176408633       1.9735224375223430        501
  88.595357      29.357978      -3.8240806901241582       2.0602189250751564        501
  91.800580      29.673592      -0.0000000000000000       0.0000000000000000          0
  95.017061      29.978682      -0.0000000000000000       0.0000000000000000          0
  98.244680      30.272251      -1.1782402797971989      -0.2569487515724707        603
  101.483253      30.553324      -1.3621019343807050      -0.0875278297952539          0
  104.732528      30.820962      -1.3016434145582307      -0.1052593749371646          0
  107.992186      31.074258      -1.3252180325056209      -0.0545723907210214          0
  111.261842      31.312347      -1.3386098513927207      -0.0080027179178629          0
  114.541039      31.534407      -1.3483212299032465       0.0372055078178335          0
  117.829256      31.739665      -1.3557308635793255       0.0814979565430550          0
  121.125903      31.927399      -1.3606966816985917       0.1234088810171092          0
  124.430329      32.096944      -1.3595743043213782       0.1649078798173206          0
  127.741823      32.247695      -1.3530774595224391       0.2066551949929631          0
  131.059617      32.379111      -0.0000000000000000       0.0000000000000000          0
  134.382892      32.490715      -0.0000000000000000       0.0000000000000000          0
  32.985986      20.491447      -1.2035483299265282       0.3086975858248998        715
  36.029622      20.817227      -1.2233571637105298       0.3284918506425890        715
  39.078932      21.151038      -1.2397418737565082       0.3492914161153958        715
  42.134295      21.491950      -0.0000000000000000       0.0000000000000000          0
  45.196094      21.839007      -0.0000000000000000       0.0000000000000000          0
  48.264707      22.191230      -0.0000000000000000       0.0000000000000000          0
  51.340512      22.547620      -0.0000000000000000       0.0000000000000000          0
  54.423878      22.907158      -0.0000000000000000       0.0000000000000000          0
  57.515166      23.268811      -0.0000000000000000       0.0000000000000000          0
  60.614723      23.631529      -0.0000000000000000       0.0000000000000000      50602
  63.722879      23.994253      -0.0000000000000000       0.0000000000000000      50602
  66.839944      24.355915      -0.0000000000000000       0.0000000000000000          0
  69.966202      24.715439      -0.0000000000000000       0.0000000000000000          0
  73.101909      25.071747      -0.0000000000000000       0.0000000000000000          0
  76.247291      25.423761      -0.0000000000000000       0.0000000000000000          0
  79.402534      25.770406      -0.0000000000000000       0.0000000000000000          0
  82.567786      26.110611      -0.0000000000000000       0.0000000000000000          0
  85.743152      26.443317      -3.7497395019989752       2.1141238080958393        501
  88.928687      26.767476      -3.8321537243825836       2.1930600554520541        501
  92.124397      27.082057      -0.0000000000000000       0.0000000000000000          0
  95.330233      27.386052      -0.0000000000000000       0.0000000000000000          0
  98.546090      27.678472      -1.1816938476994836      -0.2260266228526057        603
  101.771806      27.958360      -1.2607841069908514      -0.1723305609794136          0
  105.007156      28.224790      -1.3101074234058296      -0.0991880104765687          0
  108.251854      28.476872      -1.3313885382053896      -0.0449184714235503          0
  111.505553      28.713756      -1.3420246458615215       0.0031717090538206          0
  114.767843      28.934636      -1.3494072520213671       0.0476648302898388          0
  118.038255      29.138754      -1.3550951055183424       0.0901312783089594          0
  121.316257      29.325405      -1.3593737974077760       0.1293187998441100          0
  124.601264      29.493938      -1.3591607814889670       0.1676490411608106          0
  127.892632      29.643762      -1.3540696556062595       0.2063672067023455          0
  131.189673      29.774347      -0.0000000000000000       0.0000000000000000          0
  134.491647      29.885232      -1.6309570155704884       0.9068837872420181        649
  33.293121      17.900486      -1.2057022858542441       0.3351290721495289        715
  36.345453      18.227130      -1.2252158977350514       0.3523766197903503        715
  39.402637      18.561730      -1.2412758248527855       0.3705924324227332        715
  42.465025      18.903346      -0.0000000000000000       0.0000000000000000          0
  45.532968      19.251014      -1.5323056979565803       1.0310759766478466        710
  48.606820      19.603747      -0.0000000000000000       0.0000000000000000          0
  51.686933      19.960540      -0.0000000000000000       0.0000000000000000          0
  54.773652      20.320369      -0.0000000000000000       0.0000000000000000          0
  57.867314      20.682196      -0.0000000000000000       0.0000000000000000          0
  60.968246      21.044968      -0.0000000000000000       0.0000000000000000          0
  64.076757      21.407625      -0.0000000000000000       0.0000000000000000          0
  67.193140      21.769099      -0.0000000000000000       0.0000000000000000          0
  70.317665      22.128314      -0.0000000000000000       0.0000000000000000          0
  73.450574      22.484197      -0.0000000000000000       0.0000000000000000          0
  76.592082      22.835672      -0.0000000000000000       0.0000000000000000          0
  79.742370      23.181669      -0.0000000000000000       0.0000000000000000          0
  82.901580      23.521127      -0.0000000000000000       0.0000000000000000          0
  86.069817      23.852992      -3.7587286001403886       2.2482609948544292        501
  89.247140      24.176228      -3.8397453029355297       2.3192650441004501        502
  92.433562      24.489815      -0.0000000000000000       0.0000000000000000          0
  95.629047      24.792754      -0.0000000000000000       0.0000000000000000          0
  98.833507      25.084071      -1.1849566223368129      -0.1952471583521017        603
  102.046801      25.362823      -1.2662201346702853      -0.1200652270800300      60401
  105.268732      25.628096      -1.3243265221543883      -0.0910885953504684          0
  108.499048      25.879017      -1.3428894892270371      -0.0321572558354370          0
  111.737439      26.114749      -1.3480588227311014       0.0163502706675297          0
  114.983540      26.334503      -1.3524805066069669       0.0595944493552116          0
  118.236930      26.537535      -1.3567078133295456       0.0994150373765643          0
  121.497134      26.723154      -1.3613542777087382       0.1348031642977813          0
  124.763627      26.890724      -1.8480517858503478       0.2659839690828165        648
  128.035832      27.039666      -0.0000000000000000       0.0000000000000000          0
  131.313130      27.169464      -0.0000000000000000       0.0000000000000000          0
  134.594859      27.279664      -0.0000000000000000       0.0000000000000000          0
  33.591405      15.309057      -1.2077610156059353       0.3602776971210886        715
  36.652011      15.636530      -1.2269844568609631       0.3749151750250680        715
  39.716658      15.971886      -1.2427260208625213       0.3904845375958475        715
  42.785668      16.314174      -0.0000000000000000       0.0000000000000000          0
  45.859371      16.662423      -1.5736275261735759       1.3960355043761792        710
  48.938094      17.015639      -1.9606892130644564       1.3745798029874270        710
  52.022167      17.372810      -0.0000000000000000       0.0000000000000000          0
  55.111913      17.732907      -0.0000000000000000       0.0000000000000000          0
  58.207651      18.094889      -0.0000000000000000       0.0000000000000000          0
  61.309687      18.457701      -0.0000000000000000       0.0000000000000000          0
  64.418316      18.820281      -0.0000000000000000       0.0000000000000000          0
  67.533816      19.181559      -0.0000000000000000       0.0000000000000000          0
  70.656444      19.540465      -0.0000000000000000       0.0000000000000000          0
  73.786434      19.895924      -0.0000000000000000       0.0000000000000000          0
  76.923992      20.246868      -0.0000000000000000       0.0000000000000000          0
  80.069295      20.592231      -0.0000000000000000       0.0000000000000000          0
  83.222485      20.930958      -0.0000000000000000       0.0000000000000000          0
  86.383668      21.262006      -0.0000000000000000       0.0000000000000000          0
  89.552909      21.584346      -0.0000000000000000       0.0000000000000000          0
  92.730231      21.896969      -0.0000000000000000       0.0000000000000000          0
  95.915613      22.198887      -0.0000000000000000       0.0000000000000000          0
  99.108983      22.489140      -1.1880558654688631      -0.1646368228439246        603
  102.310225      22.766796      -1.2711762287302184      -0.0660831923324994      60401
  105.519168      23.030956      -1.3293616458025905      -0.0428317673112643      60405
  108.735594      23.280761      -1.3593113339786553      -0.0120234828912671          0
  111.959229      23.515388      -1.3541640819046799       0.0337638126231156          0
  115.189752      23.734062      -1.3553758943810421       0.0743197090280568          0
  118.426789      23.936053      -1.3611089476192673       0.1084671596882680          0
  121.669918      24.120685      -1.3634250194606607       0.1396012942963899        602
  124.918671      24.287333      -0.0000000000000000       0.0000000000000000          0
  128.172534      24.435432      -0.0000000000000000       0.0000000000000000          0
  131.430953      24.564477      -0.0000000000000000       0.0000000000000000          0
  134.693338      24.674025      -0.0000000000000000       0.0000000000000000          0
  33.882389      12.717242      -1.2097378120254005       0.3841131608007475        715
  36.950902      13.045516      -1.2286749614154235       0.3960843666118529        715
  40.022651      13.381598      -1.2441032357444317       0.4089517927377596        715
  43.097934      13.724531      -0.0000000000000000       0.0000000000000000          0
  46.177057      14.073335      -1.2242992591808002       0.9925307893948154        709
  49.260327      14.427009      -1.1972340420555831       1.0102056142588067        709
  52.348051      14.784536      -1.1666560592650526       1.0282722427688460        709
  55.440536      15.144883      -1.1326357215008196       1.0466575778618603        709
  58.538082      15.507003      -0.0000000000000000       0.0000000000000000          0
  61.640981      15.869841      -0.0000000000000000       0.0000000000000000          0
  64.749513      16.232333      -0.0000000000000000       0.0000000000000000          0
  67.863945      16.593411      -0.0000000000000000       0.0000000000000000          0
  70.984525      16.952004      -0.0000000000000000       0.0000000000000000          0
  74.111480      17.307042      -0.0000000000000000       0.0000000000000000          0
  77.245011      17.657460      -0.0000000000000000       0.0000000000000000          0
  80.385294      18.002199      -0.0000000000000000       0.0000000000000000          0
  83.532472      18.340211      -0.0000000000000000       0.0000000000000000          0
  86.686656      18.670459      -0.0000000000000000       0.0000000000000000          0
  89.847918      18.991925      -0.0000000000000000       0.0000000000000000          0
  93.016293      19.303610      -0.0000000000000000       0.0000000000000000          0
  96.191775      19.604537      -0.0000000000000000       0.0000000000000000          0
  99.374312      19.893757      -1.1910149777520169      -0.1342279097161780        603
  102.563810      20.170353      -1.2759218356665092      -0.0125122237533319        604
  105.760128      20.433437      -1.3335647142645048       0.0076956112967653        604
  108.963079      20.682164      -1.3871650331963481       0.0299318324823688      60405
  112.172426      20.915725      -1.3454852993457380       0.0622638804767051        612
  115.387889      21.133358      -0.0000000000000000       0.0000000000000000          0
  118.609141      21.334347      -0.0000000000000000       0.0000000000000000          0
  121.835810      21.518028      -0.0000000000000000       0.0000000000000000          0
  125.067481      21.683791      -0.0000000000000000       0.0000000000000000          0
  128.303700      21.831080      -0.0000000000000000       0.0000000000000000          0
  131.543976      21.959402      -0.0000000000000000       0.0000000000000000          0
  134.787783      22.068323      -0.0000000000000000       0.0000000000000000          0
  34.167487      10.125117      -1.2116443650097772       0.4066035438768971        715
  37.243589      10.454165      -1.2302979788968438       0.4158592801240337        715
  40.322127      10.790950      -0.0000000000000000       0.0000000000000000          0
  43.403377      11.134504      -1.2456203490832960       0.9675796549907867        709
  46.487622      11.483840      -1.2217324081219068       0.9821757557879201        709
  49.575150      11.837952      -1.1942740600776787       0.9972885994430125        709
  52.666251      12.195816      -1.1633107731616963       1.0128603303473085        709
  55.761215      12.556395      -0.0000000000000000       0.0000000000000000          0
  58.860328      12.918639      -0.0000000000000000       0.0000000000000000          0
  61.963868      13.281491      -0.0000000000000000       0.0000000000000000          0
  65.072106      13.643885      -0.0000000000000000       0.0000000000000000          0
  68.185298      14.004756      -0.0000000000000000       0.0000000000000000          0
  71.303686      14.363033      -0.0000000000000000       0.0000000000000000          0
  74.427493      14.717650      -0.0000000000000000       0.0000000000000000          0
  77.556918      15.067547      -0.0000000000000000       0.0000000000000000          0
  80.692137      15.411670      -0.0000000000000000       0.0000000000000000          0
  83.833297      15.748977      -0.0000000000000000       0.0000000000000000          0
  86.980515      16.078441      -0.0000000000000000       0.0000000000000000          0
  90.133873      16.399051      -0.0000000000000000       0.0000000000000000          0
  93.293420      16.709819      -0.0000000000000000       0.0000000000000000          0
  96.459164      17.009780      -1.1571163341138480      -0.1199369686609615      60302
  99.631076      17.297995      -1.1938542548220026      -0.1040575709138121        603
  102.809085      17.573558      -1.2804881413088518       0.0405622329683148        604
  105.993078      17.835598      -1.3376056354586918       0.0576856175101076        604
  109.182899      18.083278      -1.3906865631626009       0.0766834589845175        604
  112.378350      18.315806      -0.0000000000000000       0.0000000000000000          0
  115.579189      18.532431      -1.3562102771973132       0.0985521231668396        612
  118.785133      18.732451      -0.0000000000000000       0.0000000000000000          0
  121.995859      18.915214      -0.0000000000000000       0.0000000000000000          0
  125.211005      19.080121      -7.1446368000844025       1.0897549332293717        675
  128.430171      19.226628      -7.1918320470055157       1.2186322901670299        684
  131.652926      19.354252      -7.2163449812134619       1.3505030018112405        684
  134.878807      19.462570      -7.2180233978911419       1.4845626470987325        801
  34.448012       7.532750      -1.2134910547133799       0.4277157960478741        712
  37.531429       7.862553      -1.2318628014257567       0.4342137490900191        712
  40.616482       8.200019      -1.2641034938328721       0.9459372928855758        709
  43.703428       8.544174      -1.2434538276069216       0.9572603188119035        709
  46.792531       8.894024      -1.2191773781393229       0.9692051722718498        709
  49.884061       9.248555      -1.1913346150156290       0.9817298436185931        709
  52.978292       9.606738      -0.0000000000000000       0.0000000000000000          0
  56.075501       9.967533      -0.0000000000000000       0.0000000000000000          0
  59.175959      10.329887      -0.0000000000000000       0.0000000000000000          0
  62.279937      10.692741      -0.0000000000000000       0.0000000000000000          0
  65.387695      11.055030      -0.0000000000000000       0.0000000000000000          0
  68.499484      11.415687      -0.0000000000000000       0.0000000000000000          0
  71.615541      11.773645      -0.0000000000000000       0.0000000000000000          0
  74.736086      12.127841      -0.0000000000000000       0.0000000000000000          0
  77.861319      12.477219      -0.0000000000000000       0.0000000000000000          0
  80.991419      12.820731      -0.0000000000000000       0.0000000000000000          0
  84.126539      13.157342      -0.0000000000000000       0.0000000000000000          0
  87.266803      13.486032      -0.0000000000000000       0.0000000000000000          0
  90.412306      13.805801      -0.0000000000000000       0.0000000000000000          0
  93.563109      14.115670      -0.0000000000000000       0.0000000000000000          0
  96.719240      14.414683      -1.1602636370639476      -0.0872116046796359      60302
  99.880690      14.701915      -1.1965914863820366      -0.0741670309165634      60302
  103.047413      14.976470      -1.2849026393521217       0.0930512202625856      60402
  106.219324      15.237490      -1.3415091013434226       0.1070564360990041        604
  109.396299      15.484152      -1.3940856454519543       0.1227839700250349        604
  112.578174      15.715673      -1.3470130102714952       0.0881405297281343        612
  115.764749      15.931318      -0.0000000000000000       0.0000000000000000          0
  118.955783      16.130396      -0.0000000000000000       0.0000000000000000          0
  122.150999      16.312267      -0.0000000000000000       0.0000000000000000          0
  125.350084      16.476343      -0.0000000000000000       0.0000000000000000          0
  128.552693      16.622092      -7.1931806468397035       1.2718077685283056        801
  131.758449      16.749040      -7.2167619148029436       1.3857260130650257        801
  134.966949      16.856772      -7.2177480698307592       1.5017364780286717        801
  34.725198       4.940206      -1.2152871910128857       0.4474161214923700        712
  37.815692       5.270747      -0.0000000000000000       0.0000000000000000          0
  40.907023       5.608877      -1.2623155003744071       0.9357998474379651        709
  43.999428       5.953617      -1.2412831455336695       0.9443905854827654        709
  47.093153       6.303963      -1.2166244628653904       0.9536616895012569        709
  50.188455       6.658897      -0.0000000000000000       0.0000000000000000          0
  53.285593       7.017385      -0.0000000000000000       0.0000000000000000          0
  56.384830       7.378382      -0.0000000000000000       0.0000000000000000          0
  59.486430       7.740834      -0.0000000000000000       0.0000000000000000          0
  62.590654       8.103680      -0.0000000000000000       0.0000000000000000          0
  65.697757       8.465853      -0.0000000000000000       0.0000000000000000          0
  68.807984       8.826289      -0.0000000000000000       0.0000000000000000          0
  71.921570       9.183924      -0.0000000000000000       0.0000000000000000          0
  75.038737       9.537696      -0.0000000000000000       0.0000000000000000          0
  78.159686       9.886555      -0.0000000000000000       0.0000000000000000          0
  81.284600      10.229459      -0.0000000000000000       0.0000000000000000          0
  84.413640      10.565380      -0.0000000000000000       0.0000000000000000          0
  87.546941      10.893306      -0.0000000000000000       0.0000000000000000          0
  90.684609      11.212244      -0.0000000000000000       0.0000000000000000          0
  93.826722      11.521226      -0.0000000000000000       0.0000000000000000          0
  96.973326      11.819308      -1.1633153649449330      -0.0547872966017212      60302
  100.124435      12.105574      -1.2633302796031003       0.0461399926799357        647
  103.280027      12.379141      -1.2891898490663651       0.1448629934984958      60402
  106.440045      12.639161      -1.3452970874613854       0.1557234570613855      60402
  109.604397      12.884825      -1.3973816724100458       0.1681559324242900        604
  112.772956      13.115363      -1.3477224040580114       0.1001569548640696        613
  115.945558      13.330050      -1.3570787156700899       0.1165448434732465        613
  119.122005      13.528209      -0.0000000000000000       0.0000000000000000          0
  122.302064      13.709209      -0.0000000000000000       0.0000000000000000          0
  125.485471      13.872476      -7.1495425163412829       1.2276773346888774        801
  128.671931      14.017486      -7.1944615267849974       1.3209182033357660        801
  131.861121      14.143776      -7.2171440884740337       1.4168405272012008        801
  135.052693      14.250938      -7.2174638414124379       1.5147640323084803        801
  35.000223       2.347549      -1.2170412112782847       0.4656702755696113        712
  38.097591       2.678813      -0.0000000000000000       0.0000000000000000          0
  41.194993       3.017594      -1.2605113002826369       0.9231681827531117        709
  44.292647       3.362903      -1.2391001881217982       0.9290082992881479        709
  47.390786       3.713731      -0.0000000000000000       0.0000000000000000          0
  50.489651       4.069054      -0.0000000000000000       0.0000000000000000          0
  53.589491       4.427834      -0.0000000000000000       0.0000000000000000          0
  56.690558       4.789021      -0.0000000000000000       0.0000000000000000          0
  59.793108       5.151559      -0.0000000000000000       0.0000000000000000          0
  62.897396       5.514386      -0.0000000000000000       0.0000000000000000          0
  66.003672       5.876436      -0.0000000000000000       0.0000000000000000          0
  69.112181       6.236644      -0.0000000000000000       0.0000000000000000          0
  72.223157       6.593949      -0.0000000000000000       0.0000000000000000          0
  75.336822       6.947295      -0.0000000000000000       0.0000000000000000          0
  78.453383       7.295634      -0.0000000000000000       0.0000000000000000          0
  81.573031       7.637930      -0.0000000000000000       0.0000000000000000          0
  84.695934       7.973164      -0.0000000000000000       0.0000000000000000          0
  87.822238       8.300330      -0.0000000000000000       0.0000000000000000          0
  90.952065       8.618445      -0.0000000000000000       0.0000000000000000          0
  94.085510       8.926550      -0.0000000000000000       0.0000000000000000          0
  97.222637       9.223711      -1.1662875029501512      -0.0227180654728509      60302
  100.363484       9.509024      -1.2654153098843257       0.0706893550662400        647
  103.508053       9.781617      -1.2907790250460180       0.0801545383622384      64701
  106.656318      10.040655      -1.3489893874844372       0.2035998934618066      60402
  109.808218      10.285338      -1.3352442976770000       0.0992527843897043        613
  112.963659      10.514910      -1.3484018520974159       0.1115458248176189        613
  116.122516      10.728657      -1.3574783038915932       0.1245909840277655        613
  119.284631      10.925914      -1.0697910522555263       0.4498141801940019        677
  122.449816      11.106062      -7.0861838242456718       1.2182806216102378        801
  125.617851      11.268536      -7.1518499877831196       1.2905353085340368        801
  128.788491      11.412824      -7.1956835227630327       1.3659141082855206        801
  131.961465      11.538469      -7.2174952043669673       1.4438279396969622        801
  135.136477      11.645074      -7.2171704949001949       1.5236571023396428        801
  35.274229      -0.245163      -1.2187608456402492       0.4824437824905520        712
  38.378299       0.086814      -1.2362863188036242       0.4804818460753513        713
  41.481592       0.426235      -1.2586840739704244       0.9080753218503521        709
  44.584312       0.772102      -0.0000000000000000       0.0000000000000000          0
  47.686677       1.123400      -0.0000000000000000       0.0000000000000000          0
  50.788916       1.479101      -0.0000000000000000       0.0000000000000000          0
  53.891267       1.838160      -0.0000000000000000       0.0000000000000000          0
  56.993978       2.199526      -0.0000000000000000       0.0000000000000000          0
  60.097295       2.562139      -0.0000000000000000       0.0000000000000000          0
  63.201471       2.924936      -0.0000000000000000       0.0000000000000000          0
  66.306753       3.286853      -0.0000000000000000       0.0000000000000000          0
  69.413386       3.646826      -0.0000000000000000       0.0000000000000000          0
  72.521605       4.003795      -0.0000000000000000       0.0000000000000000          0
  75.631638       4.356709      -0.0000000000000000       0.0000000000000000          0
  78.743697       4.704524      -0.0000000000000000       0.0000000000000000          0
  81.857981       5.046212      -0.0000000000000000       0.0000000000000000          0
  84.974669       5.380759      -0.0000000000000000       0.0000000000000000          0
  88.093921       5.707167      -0.0000000000000000       0.0000000000000000          0
  91.215874       6.024463      -0.0000000000000000       0.0000000000000000          0
  94.340639       6.331697      -0.0000000000000000       0.0000000000000000          0
  97.468304       6.627945      -1.2386918362276353       0.0892254784834497      67352
  100.598928       6.912315      -1.2674473699855597       0.0946150286394533        647
  103.732541       7.183945      -1.2924418965208051       0.1009668596769400      64701
  106.869144       7.442010      -1.3135897292660437       0.1082347534389335      64701
  110.008708       7.685725      -1.3362012366387668       0.1133066470289872      61404
  113.151174       7.914344      -0.0000000000000000       0.0000000000000000          0
  116.296454       8.127166      -0.0000000000000000       0.0000000000000000          0
  119.444429       8.323535      -7.0038655627957596       1.2434235368220448        801
  122.594953       8.502844      -7.0896673717002612       1.2946078899118763        801
  125.747853       8.664539      -7.1540788599408289       1.3492132089723083        801
  128.902930       8.808116      -7.1968543069214768       1.4067438364703935        801
  132.059961       8.933128      -7.2178183272375032       1.4666688856733212        801
  135.218704       9.039186      -7.2168675949231300       1.5284282126810413        801
  35.548340      -2.837869      -1.2204532568330833       0.4977020800565087        712
  38.658967      -2.505187      -1.2376928148011359       0.4928800087258295        713
  41.767998      -2.165135      -0.0000000000000000       0.0000000000000000          0
  44.875621      -1.818720      -0.0000000000000000       0.0000000000000000          0
  47.982042      -1.466960      -0.0000000000000000       0.0000000000000000          0
  51.087482      -1.110893      -0.0000000000000000       0.0000000000000000          0
  54.192169      -0.751565      -0.0000000000000000       0.0000000000000000          0
  57.296345      -0.390031      -0.0000000000000000       0.0000000000000000          0
  60.400254      -0.027353      -0.0000000000000000       0.0000000000000000          0
  63.504144       0.335405      -0.0000000000000000       0.0000000000000000          0
  66.608264       0.697179      -0.0000000000000000       0.0000000000000000          0
  69.712859       1.056908      -0.0000000000000000       0.0000000000000000          0
  72.818170       1.413533      -0.0000000000000000       0.0000000000000000          0
  75.924429       1.766009      -0.0000000000000000       0.0000000000000000          0
  79.031857       2.113296      -0.0000000000000000       0.0000000000000000          0
  82.140663       2.454371      -0.0000000000000000       0.0000000000000000          0
  85.251038       2.788228      -0.0000000000000000       0.0000000000000000          0
  88.363156       3.113878      -0.0000000000000000       0.0000000000000000          0
  91.477171       3.430356      -0.0000000000000000       0.0000000000000000          0
  94.593216       3.736721      -0.0000000000000000       0.0000000000000000          0
  97.711397       4.032060      -0.0000000000000000       0.0000000000000000          0
  100.831798       4.315491      -1.2694361544920794       0.1178755945993978      67301
  103.954476       4.586164      -1.2940663543168462       0.1211132732783783      64701
  107.079461       4.843265      -1.3148675832164285       0.1252003122335188      64701
  110.206756       5.086021      -1.3317694030469582       0.1300890407534328        735
  113.336336       5.313696      -0.0000000000000000       0.0000000000000000          0
  116.468148       5.525602      -0.0000000000000000       0.0000000000000000          0
  119.602115       5.721093      -0.0000000000000000       0.0000000000000000          0
  122.738131       5.899573      -7.0930593062866087       1.3666274512496046        801
  125.876066       6.060498      -7.1562409762460817       1.4036245926805770        801
  129.015767       6.203374      -7.1979805898606379       1.4433547207027013        801
  132.157059       6.327762      -7.2181159822529395       1.4853441927535158        801
  135.299749       6.433280      -7.2165545047242903       1.5290913703349831        801
>