>anchorPlateId 301
>reconstructionTime 64
>DeformingMeshPoints.gpml lat_lon_velocity_domain_28_32.gpml
>MeshNode <identity>GPlates-b7a3af0e-8119-4abb-9ae6-39bb7e5702ce</identity> <revision>GPlates-7b04c5e6-7801-49f1-bcc4-23d6f4e5417f</revision>
> reconstructionPlateId 0
> validTime TimePeriod <begin> TimeInstant <timePosition>http://gplates.org/times/distantPast</timePosition></begin> <end> TimeInstant <timePosition>http://gplates.org/times/distantFuture</timePosition></end>
  22.834094      70.133629      -0.0000000000000000       0.0000000000000000        302
  25.444815      70.371633      -0.0000000000000000       0.0000000000000000        302
  28.080095      70.617602      -0.0000000000000000       0.0000000000000000        302
  30.741760      70.871091      -0.0000000000000000       0.0000000000000000        302
  33.431739      71.131627      -0.0000000000000000       0.0000000000000000        302
  36.152070      71.398710      -0.0000000000000000       0.0000000000000000        302
  38.904906      71.671810      -0.0000000000000000       0.0000000000000000        302
  41.692519      71.950367      -0.0000000000000000       0.0000000000000000        302
  44.517303      72.233788      -0.0000000000000000       0.0000000000000000        302
  47.381780      72.521445      -0.0000000000000000       0.0000000000000000        302
  50.288593      72.812675      -0.0000000000000000       0.0000000000000000        302
  53.240513      73.106778      -0.0000000000000000       0.0000000000000000        373
  56.240429      73.403011      -0.0000000000000000       0.0000000000000000        373
  59.291342      73.700591      -0.0000000000000000       0.0000000000000000        372
  62.396353      73.998690      -0.0000000000000000       0.0000000000000000        372
  65.558648      74.296435      -0.0000000000000000       0.0000000000000000        372
  68.781466      74.592902      -0.0000000000000000       0.0000000000000000        372
  72.068074      74.887121      -0.0000000000000000       0.0000000000000000        372
  75.421722      75.178067      -0.0000000000000000       0.0000000000000000        404
  78.845593      75.464666      -0.0000000000000000       0.0000000000000000        404
  82.342734      75.745793      -0.0000000000000000       0.0000000000000000        404
  85.915981      76.020271      -0.0000000000000000       0.0000000000000000        404
  89.567866      76.286875      -0.0000000000000000       0.0000000000000000        404
  93.300508      76.544337      -0.0000000000000000       0.0000000000000000        404
  97.115496      76.791351      -0.0000000000000000       0.0000000000000000        404
  101.013752      77.026582      -0.0000000000000000       0.0000000000000000        404
  104.995393      77.248675      -0.0000000000000000       0.0000000000000000        404
  109.059584      77.456271      -0.0000000000000000       0.0000000000000000        401
  113.204402      77.648022      -0.0000000000000000       0.0000000000000000        401
  117.426707      77.822610      -0.0000000000000000       0.0000000000000000        401
  121.722046      77.978772      -0.0000000000000000       0.0000000000000000          0
  126.084585      78.115321      -0.0000000000000000       0.0000000000000000          0
  130.507103      78.231173      -0.0000000000000000       0.0000000000000000          0
  24.585367      67.603809      -0.0000000000000000       0.0000000000000000        302
  27.276265      67.847307      -0.0000000000000000       0.0000000000000000        302
  29.990793      68.098644      -0.0000000000000000       0.0000000000000000        302
  32.730587      68.357323      -0.0000000000000000       0.0000000000000000        302
  35.497360      68.622820      -0.0000000000000000       0.0000000000000000        302
  38.292901      68.894582      -0.0000000000000000       0.0000000000000000        302
  41.119076      69.172025      -0.0000000000000000       0.0000000000000000        302
  43.977827      69.454535      -0.0000000000000000       0.0000000000000000        302
  46.871171      69.741463      -0.0000000000000000       0.0000000000000000        302
  49.801200      70.032128      -0.0000000000000000       0.0000000000000000        302
  52.770073      70.325813      -0.0000000000000000       0.0000000000000000        302
  55.780008      70.621765      -0.0000000000000000       0.0000000000000000        373
  58.833278      70.919194      -0.0000000000000000       0.0000000000000000        372
  61.932189      71.217271      -0.0000000000000000       0.0000000000000000        372
  65.079073      71.515126      -0.0000000000000000       0.0000000000000000        372
  68.276258      71.811850      -0.0000000000000000       0.0000000000000000        372
  71.526049      72.106495      -0.0000000000000000       0.0000000000000000        372
  74.830691      72.398068      -0.0000000000000000       0.0000000000000000        401
  78.192331      72.685541      -0.0000000000000000       0.0000000000000000        401
  81.612977      72.967844      -0.0000000000000000       0.0000000000000000        401
  85.094443      73.243870      -0.0000000000000000       0.0000000000000000        401
  88.638288      73.512480      -0.0000000000000000       0.0000000000000000        401
  92.245755      73.772504      -0.0000000000000000       0.0000000000000000        401
  95.917695      74.022750      -0.0000000000000000       0.0000000000000000        401
  99.654493      74.262006      -0.0000000000000000       0.0000000000000000        401
  103.455987      74.489055      -0.0000000000000000       0.0000000000000000        401
  107.321391      74.702682      -0.0000000000000000       0.0000000000000000        401
  111.249218      74.901686      -0.0000000000000000       0.0000000000000000        401
  115.237217      75.084895      -0.0000000000000000       0.0000000000000000        401
  119.282316      75.251183      -0.0000000000000000       0.0000000000000000          0
  123.380593      75.399483      -0.0000000000000000       0.0000000000000000          0
  127.527261      75.528808      -0.0000000000000000       0.0000000000000000          0
  131.716688      75.638269      -0.0000000000000000       0.0000000000000000          0
  25.996595      65.058790      -0.0000000000000000       0.0000000000000000        302
  28.748821      65.306538      -0.0000000000000000       0.0000000000000000        302
  31.523427      65.561991      -0.0000000000000000       0.0000000000000000        302
  34.321871      65.824612      -0.0000000000000000       0.0000000000000000        302
  37.145666      66.093835      -0.0000000000000000       0.0000000000000000        302
  39.996372      66.369064      -0.0000000000000000       0.0000000000000000        302
  42.875602      66.649672      -0.0000000000000000       0.0000000000000000        302
  45.785014      66.935004      -0.0000000000000000       0.0000000000000000        302
  48.726310      67.224369      -0.0000000000000000       0.0000000000000000        302
  51.701229      67.517046      -0.0000000000000000       0.0000000000000000        302
  54.711540      67.812280      -0.0000000000000000       0.0000000000000000        302
  57.759033      68.109282      -0.0000000000000000       0.0000000000000000        302
  60.845509      68.407229      -0.0000000000000000       0.0000000000000000        302
  63.972762      68.705263      -0.0000000000000000       0.0000000000000000        302
  67.142566      69.002490      -0.0000000000000000       0.0000000000000000        372
  70.356652      69.297985      -0.0000000000000000       0.0000000000000000        372
  73.616683      69.590786      -0.0000000000000000       0.0000000000000000        401
  76.924231      69.879901      -0.0000000000000000       0.0000000000000000        401
  80.280737      70.164303      -0.0000000000000000       0.0000000000000000        401
  83.687483      70.442941      -0.0000000000000000       0.0000000000000000        401
  87.145548      70.714736      -0.0000000000000000       0.0000000000000000        401
  90.655766      70.978587      -0.0000000000000000       0.0000000000000000        401
  94.218675      71.233377      -0.0000000000000000       0.0000000000000000        401
  97.834477      71.477980      -0.0000000000000000       0.0000000000000000        401
  101.502980      71.711264      -0.0000000000000000       0.0000000000000000        401
  105.223555      71.932104      -0.0000000000000000       0.0000000000000000        401
  108.995086      72.139391      -0.0000000000000000       0.0000000000000000        401
  112.815933      72.332038      -0.0000000000000000       0.0000000000000000        401
  116.683895      72.508999      -0.0000000000000000       0.0000000000000000        401
  120.596192      72.669276      -0.0000000000000000       0.0000000000000000        401
  124.549452      72.811937      -0.0000000000000000       0.0000000000000000          0
  128.539716      72.936125      -0.0000000000000000       0.0000000000000000          0
  132.562466      73.041074      -0.0000000000000000       0.0000000000000000          0
  27.161134      62.502801      -0.0000000000000000       0.0000000000000000        302
  29.961645      62.753935      -0.0000000000000000       0.0000000000000000        302
  32.783174      63.012644      -0.0000000000000000       0.0000000000000000        302
  35.627019      63.278356      -0.0000000000000000       0.0000000000000000        302
  38.494514      63.550470      -0.0000000000000000       0.0000000000000000        302
  41.387026      63.828358      -0.0000000000000000       0.0000000000000000        302
  44.305950      64.111358      -0.0000000000000000       0.0000000000000000        302
  47.252708      64.398781      -0.0000000000000000       0.0000000000000000        302
  50.228744      64.689906      -0.0000000000000000       0.0000000000000000        302
  53.235514      64.983981      -0.0000000000000000       0.0000000000000000        302
  56.274481      65.280222      -0.0000000000000000       0.0000000000000000        302
  59.347105      65.577816      -0.0000000000000000       0.0000000000000000        302
  62.454830      65.875917      -0.0000000000000000       0.0000000000000000        302
  65.599071      66.173649      -0.0000000000000000       0.0000000000000000        390
  68.781199      66.470105      -0.0000000000000000       0.0000000000000000        468
  72.002520      66.764351      -0.0000000000000000       0.0000000000000000        401
  75.264256      67.055423      -0.0000000000000000       0.0000000000000000        401
  78.567524      67.342331      -0.0000000000000000       0.0000000000000000        401
  81.913304      67.624064      -0.0000000000000000       0.0000000000000000        401
  85.302416      67.899587      -0.0000000000000000       0.0000000000000000        401
  88.735488      68.167851      -0.0000000000000000       0.0000000000000000        401
  92.212923      68.427792      -0.0000000000000000       0.0000000000000000        401
  95.734865      68.678341      -0.0000000000000000       0.0000000000000000        401
  99.301169      68.918425      -0.0000000000000000       0.0000000000000000        401
  102.911363      69.146979      -0.0000000000000000       0.0000000000000000        401
  106.564623      69.362951      -0.0000000000000000       0.0000000000000000        401
  110.259740      69.565312      -0.0000000000000000       0.0000000000000000        401
  113.995097      69.753063      -0.0000000000000000       0.0000000000000000        401
  117.768657      69.925249      -0.0000000000000000       0.0000000000000000        401
  121.577948      70.080967      -0.0000000000000000       0.0000000000000000        401
  125.420070      70.219377      -0.0000000000000000       0.0000000000000000        401
  129.291700      70.339714      -0.0000000000000000       0.0000000000000000      43101
  133.189118      70.441298      -0.0000000000000000       0.0000000000000000      43101
  28.141440      59.938651      -0.0000000000000000       0.0000000000000000        302
  30.980908      60.192550      -0.0000000000000000       0.0000000000000000        302
  33.840019      60.453899      -0.0000000000000000       0.0000000000000000        302
  36.719932      60.722099      -0.0000000000000000       0.0000000000000000        302
  39.621828      60.996521      -0.0000000000000000       0.0000000000000000        302
  42.546905      61.276507      -0.0000000000000000       0.0000000000000000        302
  45.496380      61.561369      -0.0000000000000000       0.0000000000000000        302
  48.471479      61.850391      -0.0000000000000000       0.0000000000000000        302
  51.473436      62.142827      -0.0000000000000000       0.0000000000000000        302
  54.503482      62.437902      -0.0000000000000000       0.0000000000000000        302
  57.562840      62.734812      -0.0000000000000000       0.0000000000000000        302
  60.652711      63.032724      -0.0000000000000000       0.0000000000000000        390
  63.774271      63.330778      -0.0000000000000000       0.0000000000000000        390
  66.928650      63.628086      -0.0000000000000000       0.0000000000000000        468
  70.116922      63.923734      -0.0000000000000000       0.0000000000000000        401
  73.340091      64.216785      -0.0000000000000000       0.0000000000000000        401
  76.599067      64.506276      -0.0000000000000000       0.0000000000000000        401
  79.894653      64.791228      -0.0000000000000000       0.0000000000000000        401
  83.227520      65.070640      -0.0000000000000000       0.0000000000000000        401
  86.598187      65.343500      -0.0000000000000000       0.0000000000000000        401
  90.006996      65.608784      -0.0000000000000000       0.0000000000000000        401
  93.454088      65.865462      -0.0000000000000000       0.0000000000000000        401
  96.939380      66.112506      -0.0000000000000000       0.0000000000000000        401
  100.462542      66.348891      -0.0000000000000000       0.0000000000000000        401
  104.022970      66.573603      -0.0000000000000000       0.0000000000000000        401
  107.619771      66.785651      -0.0000000000000000       0.0000000000000000        401
  111.251742      66.984069      -0.0000000000000000       0.0000000000000000        401
  114.917359      67.167925      -0.0000000000000000       0.0000000000000000        401
  118.614767      67.336335      -0.0000000000000000       0.0000000000000000        401
  122.341777      67.488465      -0.0000000000000000       0.0000000000000000        401
  126.095873      67.623547      -0.0000000000000000       0.0000000000000000        401
  129.874225      67.740881      -0.0000000000000000       0.0000000000000000      43101
  133.673704      67.839850      -0.0000000000000000       0.0000000000000000      43101
  28.980787      57.368275      -0.0000000000000000       0.0000000000000000        302
  31.852345      57.624477      -0.0000000000000000       0.0000000000000000        302
  34.742210      57.888014      -0.0000000000000000       0.0000000000000000        302
  37.651416      58.158262      -0.0000000000000000       0.0000000000000000        302
  40.581013      58.434568      -0.0000000000000000       0.0000000000000000        302
  43.532060      58.716250      -0.0000000000000000       0.0000000000000000        302
  46.505622      59.002598      -0.0000000000000000       0.0000000000000000        302
  49.502765      59.292874      -0.0000000000000000       0.0000000000000000        302
  52.524550      59.586313      -0.0000000000000000       0.0000000000000000        302
  55.572027      59.882122      -0.0000000000000000       0.0000000000000000        302
  58.646230      60.179480      -0.0000000000000000       0.0000000000000000        302
  61.748159      60.477541      -0.0000000000000000       0.0000000000000000        390
  64.878782      60.775435      -0.0000000000000000       0.0000000000000000        390
  68.039014      61.072267      -0.0000000000000000       0.0000000000000000        468
  71.229710      61.367119      -0.0000000000000000       0.0000000000000000        401
  74.451648      61.659053      -0.0000000000000000       0.0000000000000000        401
  77.705518      61.947114      -0.0000000000000000       0.0000000000000000        401
  80.991902      62.230328      -0.0000000000000000       0.0000000000000000        401
  84.311257      62.507713      -0.0000000000000000       0.0000000000000000        401
  87.663902      62.778273      -0.0000000000000000       0.0000000000000000        401
  91.049995      63.041009      -0.0000000000000000       0.0000000000000000        401
  94.469516      63.294923      -0.0000000000000000       0.0000000000000000        401
  97.922249      63.539020      -0.0000000000000000       0.0000000000000000        401
  101.407767      63.772315      -0.0000000000000000       0.0000000000000000        401
  104.925413      63.993840      -0.0000000000000000       0.0000000000000000        401
  108.474286      64.202650      -0.0000000000000000       0.0000000000000000        401
  112.053236      64.397831      -0.0000000000000000       0.0000000000000000        401
  115.660846      64.578507      -0.0000000000000000       0.0000000000000000        401
  119.295440      64.743846      -0.0000000000000000       0.0000000000000000        401
  122.955074      64.893072      -0.0000000000000000       0.0000000000000000        401
  126.637548      65.025468      -0.0000000000000000       0.0000000000000000      43102
  130.340416      65.140386      -0.0000000000000000       0.0000000000000000      43101
  134.061004      65.237257      -0.0000000000000000       0.0000000000000000      43101
  29.710058      54.793047      -0.0000000000000000       0.0000000000000000        302
  32.608530      55.051203      -0.0000000000000000       0.0000000000000000        302
  35.524028      55.316586      -0.0000000000000000       0.0000000000000000        302
  38.457482      55.588552      -0.0000000000000000       0.0000000000000000        302
  41.409828      55.866426      -0.0000000000000000       0.0000000000000000        302
  44.382006      56.149507      -0.0000000000000000       0.0000000000000000        302
  47.374954      56.437066      -0.0000000000000000       0.0000000000000000        302
  50.389604      56.728348      -0.0000000000000000       0.0000000000000000        302
  53.426879      57.022572      -0.0000000000000000       0.0000000000000000        302
  56.487681      57.318929      -0.0000000000000000       0.0000000000000000        302
  59.572891      57.616587      -0.0000000000000000       0.0000000000000000        302
  62.683352      57.914691      -0.0000000000000000       0.0000000000000000        390
  65.819870      58.212362      -0.0000000000000000       0.0000000000000000        468
  68.983194      58.508701      -0.0000000000000000       0.0000000000000000        468
  72.174014      58.802789      -0.0000000000000000       0.0000000000000000        401
  75.392943      59.093691      -0.0000000000000000       0.0000000000000000        401
  78.640505      59.380457      -0.0000000000000000       0.0000000000000000        401
  81.917126      59.662124      -0.0000000000000000       0.0000000000000000        401
  85.223116      59.937722      -0.0000000000000000       0.0000000000000000        401
  88.558657      60.206275      -0.0000000000000000       0.0000000000000000        401
  91.923785      60.466807      -0.0000000000000000       0.0000000000000000        401
  95.318381      60.718344      -0.0000000000000000       0.0000000000000000        401
  98.742154      60.959923      -0.0000000000000000       0.0000000000000000        401
  102.194630      61.190593      -0.0000000000000000       0.0000000000000000        401
  105.675140      61.409422      -0.0000000000000000       0.0000000000000000        401
  109.182810      61.615508      -0.0000000000000000       0.0000000000000000        401
  112.716554      61.807977      -0.0000000000000000       0.0000000000000000        401
  116.275072      61.985998      -0.0000000000000000       0.0000000000000000        401
  119.856845      62.148784      -0.0000000000000000       0.0000000000000000        401
  123.460142      62.295601      -0.0000000000000000       0.0000000000000000        401
  127.083023      62.425776      -0.0000000000000000       0.0000000000000000        401
  130.723352      62.538703      -0.0000000000000000       0.0000000000000000        401
  134.378811      62.633848      -0.0000000000000000       0.0000000000000000        401
  30.351870      52.213971      -0.0000000000000000       0.0000000000000000        302
  33.273269      52.473810      -0.0000000000000000       0.0000000000000000        302
  36.210479      52.740776      -0.0000000000000000       0.0000000000000000        302
  39.164338      53.014205      -0.0000000000000000       0.0000000000000000        302
  42.135686      53.293407      -0.0000000000000000       0.0000000000000000        302
  45.125359      53.577662      -0.0000000000000000       0.0000000000000000        302
  48.134190      53.866227      -0.0000000000000000       0.0000000000000000        302
  51.163000      54.158332      -0.0000000000000000       0.0000000000000000        302
  54.212595      54.453180      -0.0000000000000000       0.0000000000000000        302
  57.283759      54.749954      -0.0000000000000000       0.0000000000000000        302
  60.377246      55.047811      -0.0000000000000000       0.0000000000000000        390
  63.493778      55.345887      -0.0000000000000000       0.0000000000000000        390
  66.634030      55.643301      -0.0000000000000000       0.0000000000000000        468
  69.798625      55.939149      -0.0000000000000000       0.0000000000000000        468
  72.988124      56.232514      -0.0000000000000000       0.0000000000000000        468
  76.203014      56.522464      -0.0000000000000000       0.0000000000000000        401
  79.443702      56.808055      -0.0000000000000000       0.0000000000000000        401
  82.710497      57.088334      -0.0000000000000000       0.0000000000000000        401
  86.003604      57.362346      -0.0000000000000000       0.0000000000000000        401
  89.323112      57.629130      -0.0000000000000000       0.0000000000000000        401
  92.668979      57.887730      -0.0000000000000000       0.0000000000000000        401
  96.041024      58.137198      -0.0000000000000000       0.0000000000000000        401
  99.438917      58.376594      -0.0000000000000000       0.0000000000000000        401
  102.862166      58.604999      -0.0000000000000000       0.0000000000000000        401
  106.310112      58.821514      -0.0000000000000000       0.0000000000000000        401
  109.781923      59.025267      -0.0000000000000000       0.0000000000000000        401
  113.276587      59.215424      -0.0000000000000000       0.0000000000000000        401
  116.792910      59.391188      -0.0000000000000000       0.0000000000000000        401
  120.329518      59.551808      -0.0000000000000000       0.0000000000000000        401
  123.884860      59.696589      -0.0000000000000000       0.0000000000000000        401
  127.457215      59.824891      -0.0000000000000000       0.0000000000000000        401
  131.044701      59.936141      -0.0000000000000000       0.0000000000000000        401
  134.645286      60.029835      -0.0000000000000000       0.0000000000000000        401
  30.923161      49.631796      -0.0000000000000000       0.0000000000000000        302
  33.864359      49.893103      -0.0000000000000000       0.0000000000000000        302
  36.820221      50.161444      -0.0000000000000000       0.0000000000000000        302
  39.791503      50.436140      -0.0000000000000000       0.0000000000000000        302
  42.778959      50.716482      -0.0000000000000000       0.0000000000000000        302
  45.783341      51.001739      -0.0000000000000000       0.0000000000000000        302
  48.805389      51.291153      -0.0000000000000000       0.0000000000000000        302
  51.845832      51.583940      -0.0000000000000000       0.0000000000000000        302
  54.905378      51.879294      -0.0000000000000000       0.0000000000000000        302
  57.984714      52.176388      -0.0000000000000000       0.0000000000000000        302
  61.084493      52.474372      -0.0000000000000000       0.0000000000000000        390
  64.205335      52.772376      -0.0000000000000000       0.0000000000000000        465
  67.347814      53.069514      -0.0000000000000000       0.0000000000000000        458
  70.512452      53.364883      -0.0000000000000000       0.0000000000000000        459
  73.699710      53.657567      -0.0000000000000000       0.0000000000000000        468
  76.909983      53.946638      -0.3686887496011860      -0.0033591304051921          0
  80.143584      54.231157      -1.0313049098117102       0.0561150074670303          0
  83.400741      54.510185      -1.2349607929287203       0.1404702199997132          0
  86.681583      54.782775      -1.1137247084738748       0.1880035166901669          0
  89.986134      55.047984      -0.8181835969725529       0.1776174590222710          0
  93.314303      55.304874      -0.4301769546442414       0.1112631671280436          0
  96.665871      55.552517      -0.0000000000000000       0.0000000000000000        401
  100.040491      55.789999      -0.0000000000000000       0.0000000000000000        401
  103.437671      56.016424      -0.0000000000000000       0.0000000000000000        401
  106.856778      56.230921      -0.0000000000000000       0.0000000000000000        401
  110.297026      56.432650      -0.0000000000000000       0.0000000000000000          0
  113.757476      56.620804      -0.0458078817726759       0.0175022854174054          0
  117.237034      56.794618      -0.0949905754103242       0.0411567011028735          0
  120.734456      56.953373      -0.1185196189415265       0.0576589902231503          0
  124.248346      57.096403      -0.1247599094694239       0.0667847651664931          0
  127.777168      57.223098      -0.1188890977502962       0.0611650385161800          0
  131.319249      57.332911      -0.1109151450316091       0.0474603957999394          0
  134.872797      57.425365      -0.0996662169664448       0.0315166600046725          0
  31.436865      47.047093      -0.0000000000000000       0.0000000000000000        302
  34.395374      47.309697      -0.0000000000000000       0.0000000000000000        302
  37.367459      47.579248      -0.0000000000000000       0.0000000000000000        302
  40.353807      47.855052      -0.0000000000000000       0.0000000000000000        302
  43.355101      48.136388      -0.0000000000000000       0.0000000000000000        302
  46.372016      48.422510      -0.0000000000000000       0.0000000000000000        302
  49.405214      48.712649      -0.0000000000000000       0.0000000000000000        302
  52.455345      49.006011      -0.0000000000000000       0.0000000000000000        302
  55.523038      49.301781      -0.0000000000000000       0.0000000000000000        302
  58.608894      49.599123      -0.0000000000000000       0.0000000000000000        302
  61.713488      49.897182      -0.0000000000000000       0.0000000000000000        390
  64.837355      50.195083      -0.0000000000000000       0.0000000000000000        465
  67.980988      50.491939      -0.0000000000000000       0.0000000000000000        458
  71.144828      50.786845      -0.0000000000000000       0.0000000000000000        459
  74.329261      51.078888      -1.3475611396568152      -0.1161627251129657          0
  77.534605      51.367144      -2.4354584301397066      -0.0545236181842926          0
  80.761108      51.650683      -2.8535969207421688       0.1439033357187287          0
  84.008935      51.928572      -2.8448015908500461       0.3415334013713323          0
  87.278162      52.199878      -2.4469603558296327       0.4349981034322583          0
  90.568769      52.463672      -1.8792191618783254       0.4141212195732135          0
  93.880633      52.719033      -1.2831338866673132       0.3252030324227171          0
  97.213516      52.965051      -0.6813965067286245       0.1887139900114830          0
  100.567065      53.200833      -0.1076921357035723       0.0315549251685916          0
  103.940803      53.425507      -0.0000000000000000       0.0000000000000000        401
  107.334127      53.638225      -0.0084333908086433       0.0024831952244843          0
  110.746300      53.838172      -0.1669668821543902       0.0563994810712694          0
  114.176453      54.024568      -0.2675241530241538       0.1031111484267733          0
  117.623588      54.196675      -0.3212478064752955       0.1397349928590333          0
  121.086572      54.353800      -0.3467784081715309       0.1661784329685151          0
  124.564146      54.495303      -0.3627894016666157       0.1780591968522699          0
  128.054932      54.620598      -0.3732815603278241       0.1775341721701719          0
  131.557436      54.729163      -0.3835588493257032       0.1665835593646602          0
  135.070064      54.820539      -0.4052244622968051       0.1550124492842961          0
  31.903038      44.460306       1.7382100314855131       0.8848910965816925        337
  34.876844      44.724068      -0.0000000000000000       0.0000000000000000        302
  37.863200      44.994695      -2.0650398043804703      -0.3288252007350161        503
  40.862728      45.271479      -2.2316834895749516      -0.2694343556723654        503
  43.876048      45.553690      -0.0000000000000000       0.0000000000000000        301
  46.903769      45.840568      -0.0000000000000000       0.0000000000000000        301
  49.946488      46.131335      -0.0000000000000000       0.0000000000000000        302
  53.004787      46.425188      -0.0000000000000000       0.0000000000000000        302
  56.079224      46.721304      -0.0000000000000000       0.0000000000000000        302
  59.170335      47.018840      -0.0000000000000000       0.0000000000000000        302
  62.278624      47.316935      -0.0000000000000000       0.0000000000000000        467
  65.404560      47.614713      -0.0000000000000000       0.0000000000000000        458
  68.548568      47.911284      -0.0000000000000000       0.0000000000000000        459
  71.711027      48.205745      -0.9990139953811870      -0.0000592971095373          0
  74.892261      48.497185      -3.3122683530409005      -0.2467307092809100          0
  78.092532      48.784683      -4.5718275756083280      -0.2628345169834704        580
  81.312035      49.067318      -4.1373350312202728      -0.0194869439399961        580
  84.550889      49.344166      -3.6870558125334769       0.2063540220781665        580
  87.809134      49.614303      -3.2221990048288465       0.4133272790466379        580
  91.086720      49.876816      -2.7302634314675505       0.5883231295260318          0
  94.383504      50.130796      -1.9559012749649161       0.4574759114493496          0
  97.699241      50.375353      -1.2535502877230251       0.2861972997441967          0
  101.033584      50.609611      -0.8751571665650610       0.2610251528645561          0
  104.386075      50.832718      -0.5916110306299103       0.2112716540633173          0
  107.756143      51.043849      -0.4315325254946969       0.1467722685600500          0
  111.143102      51.242211      -0.4678178092885698       0.1602393325140393          0
  114.546153      51.427047      -0.5401272238409007       0.2100644236422921          0
  117.964379      51.597642      -0.5776271565226789       0.2525819611685232          0
  121.396751      51.753325      -0.5956762726738052       0.2823294728843312          0
  124.842130      51.893479      -0.6096084837790986       0.2966677323448757          0
  128.299273      52.017540      -0.6225467253072133       0.2977247333056333          0
  131.766842      52.125004      -0.6424244028162421       0.2879297441416158          0
  135.243409      52.215431      -0.6823521013372698       0.2765375416843157          0
  32.329618      41.871783      -0.0000000000000000       0.0000000000000000        520
  35.317077      42.136589      -0.0000000000000000       0.0000000000000000        526
  38.316111      42.408181      -0.0000000000000000       0.0000000000000000        551
  41.327288      42.685844      -0.0000000000000000       0.0000000000000000        551
  44.351170      42.968832      -2.4177679462612494      -0.0051631638289655        503
  47.388309      43.256379      -2.5725058543661286       0.0650466942729706        503
  50.439246      43.547696      -0.0000000000000000       0.0000000000000000        301
  53.504502      43.841973      -0.0000000000000000       0.0000000000000000        301
  56.584580      44.138378      -0.0000000000000000       0.0000000000000000        301
  59.679957      44.436065      -0.0000000000000000       0.0000000000000000        390
  62.791079      44.734169      -0.0000000000000000       0.0000000000000000        467
  65.918360      45.031811      -0.0000000000000000       0.0000000000000000        466
  69.062171      45.328099      -0.5613460711905398       0.0575199480193811          0
  72.222839      45.622133      -2.6098748393463804       0.3267969557144760          0
  75.400639      45.913003      -3.4859936344949816       0.5142839539086699        501
  78.595790      46.199794      -4.5048269004808521      -0.7680803332626173        580
  81.808448      46.481592      -4.0691438417334531      -0.5354310382635086        580
  85.038698      46.757479      -3.6181822139601496      -0.3196494531204978        580
  88.286552      47.026545      -3.1531739061030066      -0.1220324113246897        580
  91.551944      47.287887      -2.6754460728348151       0.0561577358458400        580
  94.834719      47.540611      -2.1864206883584192       0.2137056114818290        580
  98.134633      47.783841      -2.0504256183849829       0.5244298283272235          0
  101.451351      48.016720      -1.7927466004098387       0.6313009374731400          0
  104.784437      48.238413      -1.3860182523472642       0.5490708197699638          0
  108.133356      48.448115      -0.9937342002313729       0.3807544724635675          0
  111.497473      48.645053      -0.8173612844306646       0.2887761227263307          0
  114.876049      48.828489      -0.8388603796177867       0.3291422908011399          0
  118.268247      48.997728      -0.8509688474011010       0.3743177473802313          0
  121.673129      49.152122      -0.8513680768242120       0.4086257740921714          0
  125.089662      49.291072      -0.8534322284642837       0.4256507379386954          0
  128.516724      49.414032      -0.8593532468172429       0.4259655420377300          0
  131.953109      49.520516      -0.8785187359972924       0.4114982596111179          0
  135.397535      49.610099      -0.9270880873670993       0.3919334915144663          0
  32.722962      39.281805      -1.1875240396566129       0.0833904807216710        715
  35.722716      39.547559      -1.2095942041424363       0.1203237563225008        715
  38.733117      39.820027      -0.0000000000000000       0.0000000000000000        525
  41.754685      40.098481      -0.0000000000000000       0.0000000000000000        526
  44.787931      40.382168      -0.0000000000000000       0.0000000000000000        526
  47.833359      40.670312      -2.5945835576252296       0.2575295052734380        503
  50.891457      40.962115      -2.7419845901805813       0.3307664164819820        503
  53.962697      41.256760      -0.0000000000000000       0.0000000000000000        301
  57.047533      41.553412      -0.0000000000000000       0.0000000000000000        301
  60.146392      41.851217      -0.0000000000000000       0.0000000000000000        301
  63.259672      42.149308      -0.0000000000000000       0.0000000000000000        467
  66.387741      42.446804      -0.0000000000000000       0.0000000000000000        466
  69.530925      42.742813      -1.7496720248813018       0.2757051605566197          0
  72.689511      43.036436      -3.3743605889730564       0.5937728438081346        501
  75.863734      43.326767      -3.5042882841053506       0.7048153435402524        501
  79.053779      43.612895      -3.6240297217230601       0.8229616017628868        501
  82.259771      43.893912      -3.7671803290479082       0.5192473202355592          0
  85.481773      44.168910      -3.6446642898373960      -0.1659903104823049          0
  88.719779      44.436987      -3.3358274471640748       0.1484926331260351          0
  91.973709      44.697251      -2.9995024555279852       0.3155494798701620          0
  95.243408      44.948823      -2.8602064909269362       0.5814431979259012          0
  98.528637      45.190840      -2.9611945017156529       0.9642063136002619          0
  101.829075      45.422460      -2.8024444113156122       1.1377451818038458          0
  105.144313      45.642866      -2.3014913517579951       1.0181473117375535          0
  108.473852      45.851269      -1.6006413522339389       0.6632299669552517          0
  111.817104      46.046913      -1.1742153124186201       0.4147767473545089          0
  115.173390      46.229082      -1.1516308165819864       0.4560877556184956          0
  118.541943      46.397096      -1.1322415464166713       0.5014135164502986          0
  121.921910      46.550326      -1.1055236664139982       0.5419749335421663          0
  125.312352      46.688189      -1.0850566657525675       0.5650395866518834          0
  128.712253      46.810157      -1.0748482421905394       0.5656454127500034          0
  132.120524      46.915758      -1.0869875284717980       0.5440072525712865          0
  135.536010      47.004582      -1.1321231576637580       0.5001606362035691          0
  33.088231      36.690599      -1.1903867469092650       0.1173664433800049        715
  36.099147      36.957220      -0.0000000000000000       0.0000000000000000        522
  39.119825      37.230488      -2.1355690302193313       0.2763559719659323        503
  42.150741      37.509663      -2.3013905299415436       0.3272662656668740        503
  45.192362      37.793982      -0.0000000000000000       0.0000000000000000        505
  48.245146      38.082663      -0.0000000000000000       0.0000000000000000        505
  51.309540      38.374900      -2.7615385971043152       0.5166436085364068        503
  54.385970      38.669870      -2.9008368683686525       0.5920071686315103        503
  57.474848      38.966732      -3.0322862099590981       0.6734368520178199        503
  60.576559      39.264628      -0.0000000000000000       0.0000000000000000        301
  63.691462      39.562689      -0.0000000000000000       0.0000000000000000        301
  66.819883      39.860033      -0.5822589399337307       0.1127233669971074          0
  69.962115      40.155769      -2.9376315897497687       0.6206000673601464          0
  73.118408      40.448997      -3.3925304114307533       0.7853256029411000        501
  76.288969      40.738815      -3.5208856996231321       0.8907444094064325        501
  79.473956      41.024319      -3.6389719888636551       1.0029440323333692        501
  82.673471      41.304605      -3.7462775529162706       1.1216806350967325        501
  85.887559      41.578772      -3.8423123762620852       1.2466638772458394        501
  89.116203      41.845930      -3.8311814484352986       1.2182452664576158          0
  92.359319      42.105196      -3.6459270926599672       1.1562524770262208          0
  95.616752      42.355703      -3.5720417058961984       1.2427534941112774          0
  98.888275      42.596602      -3.6820198772074102       1.4917916149245858          0
  102.173583      42.827064      -3.9108564782979247       1.8088347530787252          0
  105.472294      43.046288      -3.4077626939781260       1.6717909414960443          0
  108.783946      43.253501      -2.2344140255248170       0.9842052503914771          0
  112.107995      43.447964      -1.4781247065927818       0.5064054816635474          0
  115.443821      43.628973      -1.4190738076160763       0.5444954226689772          0
  118.790720      43.795870      -1.4046293990005720       0.6212746092995651          0
  122.147914      43.948039      -1.3539531836167154       0.6698632278454212          0
  125.514551      44.084914      -1.2961948878517962       0.7068657512751900          0
  128.889711      44.205980      -1.2585043186519784       0.7275826986304578          0
  132.272407      44.310779      -1.2509455949022630       0.7123364664712183          0
  135.661597      44.398914      -1.2758245585130048       0.5918553800471181          0
  33.429664      34.098349      -0.0000000000000000       0.0000000000000000          0
  36.450790      34.365772      -1.9845831076027896       0.4327261364861204        503
  39.480831      34.639775      -2.1556423341134661       0.4744960505978387        503
  42.520222      34.919611      -2.3211736539160590       0.5220041314102943        503
  45.569391      35.204508      -2.4806751952268336       0.5753050167602720        503
  48.628758      35.493676      -0.0000000000000000       0.0000000000000000        505
  51.698729      35.786303      -0.0000000000000000       0.0000000000000000        505
  54.779695      36.081561      -0.0000000000000000       0.0000000000000000        505
  57.872028      36.378603      -0.0000000000000000       0.0000000000000000        505
  60.976079      36.676570      -0.0000000000000000       0.0000000000000000        301
  64.092171      36.974588      -0.0000000000000000       0.0000000000000000        301
  67.220600      37.271776      -0.0000000000000000       0.0000000000000000        301
  70.361627      37.567243      -0.0000000000000000       0.0000000000000000        301
  73.515475      37.860090      -3.4091823374601238       0.9725542022032586        501
  76.682328      38.149421      -3.5360662654654127       1.0720245492149392        501
  79.862321      38.434333      -3.6526089532203749       1.1779574540485680        501
  83.055541      38.713929      -3.7583170528424370       1.2901192072401404        501
  86.262022      38.987318      -3.8527203037610427       1.4082313763032144        501
  89.481740      39.253616      -3.9353747848952336       1.5319700869459318        501
  92.714609      39.511951      -4.0058663250719748       1.6609657549448325        501
  95.960481      39.761468      -4.0638140408361219       1.7948033126752958        501
  99.219141      40.001329      -4.1088739628252338       1.9330229702905093        501
  102.490304      40.230719      -4.3110577433358497       2.3361736856212842        607
  105.773614      40.448850      -3.0158085477093017       1.3289183477740933          0
  109.068646      40.654965      -2.1256003789347724       0.7967843132002765          0
  112.374901      40.848337      -1.5526679193510395       0.4483927327754007          0
  115.691807      41.028281      -1.3957894371000332       0.4043213634680505          0
  119.018725      41.194150      -1.3874979586846243       0.4872979838894681          0
  122.354945      41.345345      -1.3721822618237030       0.5653206062003970          0
  125.699693      41.481312      -1.3507798905953290       0.6246773741462532          0
  129.052133      41.601551      -1.3261444046940776       0.6631740728564590          0
  132.411372      41.705617      -1.3036253768399146       0.6424580510711133          0
  135.776467      41.793120      -1.3114048181555793       0.4059779380394095          0
  33.750786      31.505211      -1.1954558191250235       0.1821826248917873        715
  36.781316      31.773379      -0.0000000000000000       0.0000000000000000          0
  39.819946      32.048063      -2.1744205244581325       0.6703591501339545        503
  42.867076      32.328509      -2.3396574740856808       0.7142190882754732        503
  45.923099      32.613937      -2.4987313534924542       0.7635623657549828        503
  48.988398      32.903551      -2.6511482962611272       0.8184291833142059        503
  52.063347      33.196532      -0.0000000000000000       0.0000000000000000        505
  55.148301      33.492046      -0.0000000000000000       0.0000000000000000        505
  58.243603      33.789244      -0.0000000000000000       0.0000000000000000        505
  61.349570      34.087264      -0.0000000000000000       0.0000000000000000        506
  64.466499      34.385229      -0.0000000000000000       0.0000000000000000        506
  67.594657      34.682258      -0.0000000000000000       0.0000000000000000        506
  70.734280      34.977461      -0.0000000000000000       0.0000000000000000      50601
  73.885571      35.269941      -3.4245557523935082       1.1553324406548944        501
  77.048692      35.558804      -3.5500551807524170       1.2485577379714337        501
  80.223764      35.843153      -3.6651498393583406       1.3479310339769217        501
  83.410863      36.122097      -3.7693636855307195       1.4532307082892464        501
  86.610014      36.394752      -3.8622449380549568       1.5641921088426316        501
  89.821190      36.660241      -3.9433691290475066       1.6805069820720311        501
  93.044309      36.917703      -4.0123422822584498       1.8018233422883740        501
  96.279232      37.166293      -4.0688041880733330       1.9277458180505991        501
  99.525756      37.405184      -4.3483226308634411       2.2409186041797673        607
  102.783619      37.633575      -4.3067415197837118       2.3874113705695570        607
  106.052492      37.850689      -2.3916375700228043       0.8146083656083976          0
  109.331985      38.055781      -1.8075139193720338       0.4491632263753888          0
  112.621639      38.248142      -1.4515493122504286       0.2474903507539056          0
  115.920934      38.427097      -1.3773080121647605       0.2694712498650869          0
  119.229286      38.592015      -1.3744985389523190       0.3563046501181519          0
  122.546050      38.742308      -1.3640938011569608       0.4250077356164065          0
  125.870522      38.877436      -1.3488323432052129       0.4693463657993717          0
  129.201943      38.996912      -1.3325083947022889       0.4812128044544450          0
  132.539506      39.100299      -1.3219516826396860       0.4327585529216282          0
  135.882357      39.187220      -0.0000000000000000       0.0000000000000000          0
  34.054560      28.911314      -1.1977265147246818       0.2130187663447694        715
  37.093807      29.180178      -0.0000000000000000       0.0000000000000000          0
  40.140369      29.455498      -0.0000000000000000       0.0000000000000000          0
  43.194613      29.736511      -2.3570331506400160       0.9036195573554651        503
  46.256900      30.022431      -2.5156839480526076       0.9487705917699829        503
  49.327581      30.312454      -2.6675551620394997       0.9991329271525624        503
  52.406999      30.605758      -2.8121652796835979       1.0547323741805894        503
  55.495483      30.901503      -0.0000000000000000       0.0000000000000000        505
  58.593344      31.198837      -0.0000000000000000       0.0000000000000000        505
  61.700876      31.496894      -0.0000000000000000       0.0000000000000000      50601
  64.818349      31.794799      -0.0000000000000000       0.0000000000000000      50601
  67.946008      32.091667      -0.0000000000000000       0.0000000000000000      50601
  71.084068      32.386610      -0.0000000000000000       0.0000000000000000          0
  74.232715      32.678735      -3.4388459037417167       1.3334980514686812        501
  77.392096      32.967148      -3.5630356022317069       1.4202073390150789        501
  80.562320      33.250960      -3.6767642999461563       1.5127530226257806        501
  83.743454      33.529284      -3.7795723182801604       1.6109272686520308        501
  86.935522      33.801241      -3.8710252458279468       1.7144808195688181        501
  90.138495      34.065966      -3.9507167975311885       1.8231225443085051        501
  93.352299      34.322604      -4.0182717733576592       1.9365194160382175        501
  96.576801      34.570321      -4.0733490881518062       2.0542969498374761        501
  99.811818      34.808301      -1.2670967001593672      -0.1634400449224495        602
  103.057108      35.035753      -2.0854159432256072       0.5232756746630046          0
  106.312370      35.251914      -1.6481435630304748       0.2014400498934558          0
  109.577247      35.456051      -1.3999997259334791       0.0230714583072073          0
  112.851321      35.647466      -1.3523402182696751       0.0423005636536659          0
  116.134118      35.825498      -1.3637279614436966       0.1383669431265794          0
  119.425107      35.989529      -1.3661224813100807       0.2308922700501780          0
  122.723703      36.138982      -1.3604859216698630       0.2958963989303873          0
  126.029266      36.273330      -1.3502377413462656       0.3337840272459154          0
  129.341109      36.392095      -1.3393370303525629       0.3438230158604975          0
  132.658502      36.494852      -1.3335989608991103       0.3084128600749500          0
  135.980670      36.581232      -0.0000000000000000       0.0000000000000000          0
  34.343501      26.316769      -1.1998551031325970       0.2427899654669158        715
  37.390879      26.586288      -1.2204366650709608       0.2688356783299734        715
  40.444811      26.862204      -0.0000000000000000       0.0000000000000000          0
  43.505635      27.143747      -0.0000000000000000       0.0000000000000000          0
  46.573681      27.430125      -2.5316932662158145       1.1306470041958490        503
  49.649276      27.720528      -2.6830297396000180       1.1762828192668913        503
  52.732732      28.014128      -2.8269938788617899       1.2268447004669731        503
  55.824354      28.310082      -2.9631207471874226       1.2823443295526458        503
  58.924429      28.607535      -0.0000000000000000       0.0000000000000000        505
  62.033227      28.905618      -0.0000000000000000       0.0000000000000000      50601
  65.150998      29.203454      -0.0000000000000000       0.0000000000000000      50601
  68.277967      29.500160      -0.0000000000000000       0.0000000000000000          0
  71.414334      29.794847      -0.0000000000000000       0.0000000000000000          0
  74.560269      30.086626      -0.0000000000000000       0.0000000000000000          0
  77.715908      30.374607      -3.5751582498238896       1.5868079061140858        501
  80.881352      30.657902      -3.6875915402979871       1.6722812110399257        501
  84.056665      30.935632      -3.7890696307324232       1.7630891564275939        501
  87.241866      31.206926      -3.8791745139542551       1.8589992782182072        501
  90.436933      31.470924      -3.9575169882209389       1.9597388651519658        501
  93.641797      31.726781      -0.0000000000000000       0.0000000000000000          0
  96.856338      31.973671      -1.1634454640030760      -0.2922170149023882        603
  100.080390      32.210789      -1.2694424480971702      -0.1374670255153411        602
  103.313732      32.437356      -1.5119690442575906       0.0660738754249216          0
  106.556091      32.652618      -1.3167592757798756      -0.0701298265261194          0
  109.807143      32.855855      -1.3331918129493352      -0.0295142915439537          0
  113.066510      33.046381      -1.3458164278505365       0.0142263948409802          0
  116.333760      33.223547      -1.3559498981843463       0.0586854958540974          0
  119.608413      33.386744      -1.3625261516492373       0.1159937633512660          0
  122.889937      33.535410      -1.3614314414793292       0.1823989657062358          0
  126.177755      33.669026      -1.3541127835790050       0.2250159042329939          0
  129.471245      33.787126      -1.3459962844562050       0.2479023691379983          0
  132.769746      33.889294      -1.2806473987761069       0.8230663849305224        601
  136.072558      33.975168      -6.4067943977821358       3.5122847073656156        678
  34.619773      23.721670      -1.2018618249166626       0.2714756692808548        715
  37.674777      23.991809      -1.2221791368106982       0.2950649402092666        715
  40.735597      24.268288      -0.0000000000000000       0.0000000000000000          0
  43.802541      24.550329      -0.0000000000000000       0.0000000000000000          0
  46.875915      24.837136      -0.0000000000000000       0.0000000000000000          0
  49.956019      25.127893      -2.6977063678576783       1.3496063405735812        503
  53.043144      25.421766      -2.8410399790812653       1.3949225031106849        503
  56.137569      25.717911      -2.9764371086879624       1.4448703281959292        503
  59.239561      26.015467      -0.0000000000000000       0.0000000000000000      50602
  62.349371      26.313565      -0.0000000000000000       0.0000000000000000      50602
  65.467230      26.611327      -0.0000000000000000       0.0000000000000000      50602
  68.593348      26.907869      -0.0000000000000000       0.0000000000000000          0
  71.727910      27.202305      -0.0000000000000000       0.0000000000000000          0
  74.871077      27.493747      -0.0000000000000000       0.0000000000000000          0
  78.022975      27.781308      -0.0000000000000000       0.0000000000000000          0
  81.183702      28.064106      -3.6977470680527444       1.8263510049334715        501
  84.353316      28.341266      -3.7979604200848103       1.9095732761855644        501
  87.531841      28.611924      -3.8867861497350757       1.9976251509127354        501
  90.719258      28.875227      -0.0000000000000000       0.0000000000000000          0
  93.915506      29.130338      -0.0000000000000000       0.0000000000000000          0
  97.120482      29.376441      -0.0000000000000000       0.0000000000000000          0
  100.334034      29.612741      -1.2716322142222187      -0.1118210469053112        602
  103.555966      29.838467      -1.2867342061233333      -0.1224536022897884          0
  106.786031      30.052878      -1.3185001340776137      -0.0667022475676677          0
  110.023938      30.255263      -1.3342379349415734      -0.0203292792469915          0
  113.269343      30.444948      -1.3448670002489420       0.0240124349171510          0
  116.521860      30.621295      -1.3530605477084001       0.0672687998969732          0
  119.781053      30.783706      -1.3590380790468748       0.1086947473873118          0
  123.046444      30.931629      -1.3608116330731839       0.1484014843397304          0
  126.317510      31.064556      -1.3562481088481302       0.1882917343863336          0
  129.593692      31.182029      -1.3488827281862463       0.2286018837920893          0
  132.874391      31.283642      -0.0000000000000000       0.0000000000000000          0
  136.158977      31.369039      -0.0000000000000000       0.0000000000000000          0
  34.885255      21.126100      -1.2037638406590951       0.2990507965447024        715
  37.947450      21.396828      -1.2238244611622959       0.3201087150400356        715
  41.014740      21.673840      -0.0000000000000000       0.0000000000000000          0
  44.087409      21.956353      -0.0000000000000000       0.0000000000000000          0
  47.165738      22.243564      -0.0000000000000000       0.0000000000000000          0
  50.250004      22.534652      -2.7116999299580962       1.5188235046196412        503
  53.340476      22.828780      -0.0000000000000000       0.0000000000000000          0
  56.437415      23.125099      -0.0000000000000000       0.0000000000000000          0
  59.541067      23.422745      -0.0000000000000000       0.0000000000000000      50602
  62.651668      23.720849      -0.0000000000000000       0.0000000000000000      50602
  65.769432      24.018532      -0.0000000000000000       0.0000000000000000          0
  68.894559      24.314910      -0.0000000000000000       0.0000000000000000          0
  72.027221      24.609097      -0.0000000000000000       0.0000000000000000          0
  75.167570      24.900209      -0.0000000000000000       0.0000000000000000          0
  78.315729      25.187362      -0.0000000000000000       0.0000000000000000          0
  81.471789      25.469679      -3.7073277595649614       1.9747817434272048        501
  84.635811      25.746289      -3.8063323174184145       2.0502197883535347        501
  87.807822      26.016335      -3.8939380033373894       2.1302188789637109        501
  90.987808      26.278970      -0.0000000000000000       0.0000000000000000          0
  94.175721      26.533367      -0.0000000000000000       0.0000000000000000          0
  97.371471      26.778718      -1.1695783115812017      -0.2294396119633919        603
  100.574924      27.014235      -1.2378644663186089      -0.1782487838434545      60301
  103.785906      27.239159      -1.2942737146698340      -0.1179759288793521          0
  107.004199      27.452758      -1.3254454197148877      -0.0591152378060889          0
  110.229540      27.654333      -1.3385596953361374      -0.0100930176180228          0
  113.461625      27.843218      -1.3467042081420326       0.0343355214407206          0
  116.700105      28.018787      -1.3530167872868546       0.0761778071568114          0
  119.944589      28.180452      -1.3578074755107052       0.1153865064093310          0
  123.194647      28.327670      -1.3600792283514325       0.1519183595675008          0
  126.449811      28.459943      -1.3569714725967064       0.1887923635884100          0
  129.709576      28.576823      -0.0000000000000000       0.0000000000000000          0
  132.973404      28.677909      -1.4793830475852876       0.9198779342272171        649
  136.240730      28.762857      -0.0000000000000000       0.0000000000000000          0
  35.141596      18.530130      -1.2055758429272343       0.3254868335632398        715
  38.210607      18.801421      -1.2253860803038767       0.3439456806130035        715
  41.284007      19.078942      -0.0000000000000000       0.0000000000000000          0
  44.362057      19.361904      -0.0000000000000000       0.0000000000000000          0
  47.445016      19.649497      -0.0000000000000000       0.0000000000000000          0
  50.533141      19.940897      -0.0000000000000000       0.0000000000000000          0
  53.626682      20.235263      -0.0000000000000000       0.0000000000000000          0
  56.725881      20.531741      -0.0000000000000000       0.0000000000000000          0
  59.830970      20.829467      -0.0000000000000000       0.0000000000000000          0
  62.942168      21.127569      -0.0000000000000000       0.0000000000000000          0
  66.059679      21.425167      -0.0000000000000000       0.0000000000000000          0
  69.183689      21.721380      -0.0000000000000000       0.0000000000000000          0
  72.314365      22.015321      -0.0000000000000000       0.0000000000000000          0
  75.451851      22.306110      -0.0000000000000000       0.0000000000000000          0
  78.596266      22.592864      -0.0000000000000000       0.0000000000000000          0
  81.747702      22.874713      -0.0000000000000000       0.0000000000000000          0
  84.906221      23.150790      -3.8142593645026155       2.1848573290103950        501
  88.071853      23.420244      -3.9006956341555621       2.2566290793323800        501
  91.244596      23.682236      -0.0000000000000000       0.0000000000000000          0
  94.424410      23.935945      -0.0000000000000000       0.0000000000000000          0
  97.611222      24.180571      -1.1724004324017587      -0.1980761529275422        603
  100.804917      24.415337      -1.2423370304491292      -0.1232924405159988      60301
  104.005343      24.639492      -1.3024651481057248      -0.0982100785351302      60406
  107.212309      24.852314      -1.3394153810431566      -0.0477995702066725          0
  110.425582      25.053113      -1.3463132702444367       0.0026137278609218          0
  113.644893      25.241234      -1.3506724095902529       0.0464249495336211          0
  116.869930      25.416059      -1.3550204715139602       0.0862301871899847          0
  120.100347      25.577012      -1.3598181811197081       0.1217116618620809          0
  123.335757      25.723558      -1.3624518067648532       0.1551100371596945          0
  126.575744      25.855209      -0.0000000000000000       0.0000000000000000          0
  129.819854      25.971523      -0.0000000000000000       0.0000000000000000          0
  133.067607      26.072108      -1.4907979557556086       1.3027159053682147        649
  136.318496      26.156627      -0.0000000000000000       0.0000000000000000          0
  35.390262      15.933826      -1.2073105348022628       0.3507527117239649        715
  38.465764      16.205657      -1.2268755464325141       0.3665517954740967        715
  41.544962      16.483666      -0.0000000000000000       0.0000000000000000          0
  44.628094      16.767056      -1.4485675863550675       1.2352968633329215        710
  47.715402      17.055013      -0.0000000000000000       0.0000000000000000          0
  50.807122      17.346709      -0.0000000000000000       0.0000000000000000          0
  53.903487      17.641297      -0.0000000000000000       0.0000000000000000          0
  57.004724      17.937922      -0.0000000000000000       0.0000000000000000          0
  60.111051      18.235718      -0.0000000000000000       0.0000000000000000          0
  63.222674      18.533811      -0.0000000000000000       0.0000000000000000          0
  66.339787      18.831320      -0.0000000000000000       0.0000000000000000          0
  69.462568      19.127366      -0.0000000000000000       0.0000000000000000          0
  72.591178      19.421063      -0.0000000000000000       0.0000000000000000          0
  75.725756      19.711533      -0.0000000000000000       0.0000000000000000          0
  78.866419      19.997898      -0.0000000000000000       0.0000000000000000          0
  82.013261      20.279289      -0.0000000000000000       0.0000000000000000          0
  85.166346      20.554847      -3.8218047618632731       2.3133071716305547        501
  88.325712      20.823726      -3.9071148115743961       2.3766968314507984        502
  91.491366      21.085094      -0.0000000000000000       0.0000000000000000          0
  94.663281      21.338138      -0.0000000000000000       0.0000000000000000          0
  97.841398      21.582065      -1.1750905272535788      -0.1667745421191130        603
  101.025623      21.816106      -1.2466101721822920      -0.0685551994176836      60301
  104.215826      22.039520      -1.3062792030286552      -0.0464205149832298      60404
  107.411843      22.251594      -1.3619970812336462      -0.0222987899819407      60406
  110.613471      22.451647      -1.3550787431603166       0.0204620378897570          0
  113.820472      22.639033      -1.3543895597833275       0.0619898653837728          0
  117.032574      22.813145      -1.3581451936120938       0.0979273449169881          0
  120.249469      22.973415      -1.3631185688750005       0.1275332606628817        612
  123.470816      23.119316      -0.0000000000000000       0.0000000000000000          0
  126.696243      23.250370      -0.0000000000000000       0.0000000000000000          0
  129.925350      23.366142      -0.0000000000000000       0.0000000000000000          0
  133.157707      23.466249      -0.0000000000000000       0.0000000000000000          0
  136.392862      23.550357      -0.0000000000000000       0.0000000000000000          0
  35.632571      13.337243      -1.2089790084089995       0.3748155137993610        715
  38.714285      13.609596      -1.2283028800478937       0.3879010405298226        715
  41.799009      13.888074      -0.0000000000000000       0.0000000000000000          0
  44.886965      14.171875      -0.0000000000000000       0.0000000000000000          0
  47.978373      14.460181      -0.0000000000000000       0.0000000000000000          0
  51.073455      14.752157      -1.1758925197746068       1.0144072704575320        709
  54.172428      15.046956      -1.1460035272428926       1.0320974596913359        709
  57.275506      15.343717      -0.0000000000000000       0.0000000000000000          0
  60.382893      15.641574      -0.0000000000000000       0.0000000000000000          0
  63.494786      15.939651      -0.0000000000000000       0.0000000000000000          0
  66.611371      16.237068      -0.0000000000000000       0.0000000000000000          0
  69.732819      16.532945      -0.0000000000000000       0.0000000000000000          0
  72.859285      16.826399      -0.0000000000000000       0.0000000000000000          0
  75.990908      17.116553      -0.0000000000000000       0.0000000000000000          0
  79.127804      17.402535      -0.0000000000000000       0.0000000000000000          0
  82.270069      17.683478      -0.0000000000000000       0.0000000000000000          0
  85.417774      17.958529      -0.0000000000000000       0.0000000000000000          0
  88.570962      18.226848      -0.0000000000000000       0.0000000000000000          0
  91.729652      18.487609      -0.0000000000000000       0.0000000000000000          0
  94.893830      18.740005      -0.0000000000000000       0.0000000000000000          0
  98.063455      18.983254      -1.1776677613535063      -0.1355748426667542        603
  101.238450      19.216593      -1.2507132565399710      -0.0141260145831399      60401
  104.418711      19.439289      -1.3099388703210324       0.0050134356879897        604
  107.604096      19.650639      -1.3652152981781276       0.0259867135638127      60404
  110.794434      19.849971      -1.3397937002344085       0.0561209071320453      60201
  113.989519      20.036648      -0.0000000000000000       0.0000000000000000          0
  117.189114      20.210072      -0.0000000000000000       0.0000000000000000          0
  120.392950      20.369683      -0.0000000000000000       0.0000000000000000          0
  123.600729      20.514964      -0.0000000000000000       0.0000000000000000          0
  126.812123      20.645443      -0.0000000000000000       0.0000000000000000          0
  130.026777      20.760694      -0.0000000000000000       0.0000000000000000          0
  133.244315      20.860340      -0.0000000000000000       0.0000000000000000          0
  136.464334      20.944053      -6.3509634010269673       0.8453399747980303      61502
  35.869725      10.740436      -1.2105910478118764       0.3976410435836667        715
  38.957408      11.013295      -1.2296768548765626       0.4079660139254511        715
  42.047424      11.292226      -1.2430784383623714       0.9587733493564530        709
  45.139976      11.576424      -1.2234575217782933       0.9728431572229717        709
  48.235268      11.865064      -1.2002510343197761       0.9873309599231696        709
  51.333507      12.157308      -1.1735154110917481       1.0021884554566642        709
  54.434897      12.452306      -0.0000000000000000       0.0000000000000000          0
  57.539637      12.749194      -0.0000000000000000       0.0000000000000000          0
  60.647924      13.047104      -0.0000000000000000       0.0000000000000000          0
  63.759946      13.345158      -0.0000000000000000       0.0000000000000000          0
  66.875881      13.642479      -0.0000000000000000       0.0000000000000000          0
  69.995896      13.938185      -0.0000000000000000       0.0000000000000000          0
  73.120143      14.231397      -0.0000000000000000       0.0000000000000000          0
  76.248760      14.521238      -0.0000000000000000       0.0000000000000000          0
  79.381866      14.806841      -0.0000000000000000       0.0000000000000000          0
  82.519559      15.087344      -0.0000000000000000       0.0000000000000000          0
  85.661917      15.361897      -0.0000000000000000       0.0000000000000000          0
  88.808994      15.629667      -0.0000000000000000       0.0000000000000000          0
  91.960817      15.889834      -0.0000000000000000       0.0000000000000000          0
  95.117389      16.141599      -0.0000000000000000       0.0000000000000000          0
  98.278684      16.384186      -1.1801488668994575      -0.1045211626645148      60302
  101.444646      16.616841      -1.2546720365155266       0.0399025866904489      60402
  104.615193      16.838840      -1.3134674161212994       0.0560061266101937        604
  107.790211      17.049486      -1.3683161309928846       0.0737912868687289        604
  110.969555      17.248119      -0.0000000000000000       0.0000000000000000          0
  114.153053      17.434108      -1.3523020930349010       0.0919007502464542        612
  117.340500      17.606865      -0.0000000000000000       0.0000000000000000          0
  120.531667      17.765838      -0.0000000000000000       0.0000000000000000          0
  123.726294      17.910518      -0.0000000000000000       0.0000000000000000          0
  126.924096      18.040441      -0.0000000000000000       0.0000000000000000          0
  130.124765      18.155189      -0.0000000000000000       0.0000000000000000          0
  133.327970      18.254389      -0.0000000000000000       0.0000000000000000          0
  136.533359      18.337721      -6.3714366213820597       1.6892398926374903      61501
  36.102834       8.143452      -1.2121553742589752       0.4191942843073355        712
  39.196278       8.416803      -0.0000000000000000       0.0000000000000000          0
  42.291382       8.696175      -1.2416614932767727       0.9520120535958048        709
  45.388331       8.980756      -1.2217264024102337       0.9633576150546437        709
  48.487317       9.269719      -1.1982061558538752       0.9751746484749326        709
  51.588530       9.562221      -1.1711607931195758       0.9874220723579441        709
  54.692163       9.857407      -0.0000000000000000       0.0000000000000000          0
  57.798407      10.154414      -0.0000000000000000       0.0000000000000000          0
  60.907447      10.452369      -0.0000000000000000       0.0000000000000000          0
  64.019466      10.750396      -0.0000000000000000       0.0000000000000000          0
  67.134635      11.047616      -0.0000000000000000       0.0000000000000000          0
  70.253120      11.343149      -0.0000000000000000       0.0000000000000000          0
  73.375072      11.636118      -0.0000000000000000       0.0000000000000000          0
  76.500628      11.925648      -0.0000000000000000       0.0000000000000000          0
  79.629910      12.210875      -0.0000000000000000       0.0000000000000000          0
  82.763024      12.490943      -0.0000000000000000       0.0000000000000000          0
  85.900052      12.765006      -0.0000000000000000       0.0000000000000000          0
  89.041060      13.032236      -0.0000000000000000       0.0000000000000000          0
  92.186087      13.291820      -0.0000000000000000       0.0000000000000000          0
  95.335151      13.542966      -0.0000000000000000       0.0000000000000000          0
  98.488243      13.784905      -1.1825486140949004      -0.0736610043561237      60302
  101.645329      14.016891      -1.2585093571258765       0.0934352397458496      60402
  104.806348      14.238208      -1.3168854442978561       0.1064690733171015      60402
  107.971211      14.448169      -1.3713178976131535       0.1210334025236198        604
  111.139804      14.646119      -1.3412931118024596       0.0841462980755378        612
  114.311983      14.831438      -0.0000000000000000       0.0000000000000000          0
  117.487580      15.003546      -0.0000000000000000       0.0000000000000000          0
  120.666399      15.161898      -0.0000000000000000       0.0000000000000000          0
  123.848220      15.305994      -0.0000000000000000       0.0000000000000000          0
  127.032800      15.435377      -0.0000000000000000       0.0000000000000000          0
  130.219872      15.549635      -0.0000000000000000       0.0000000000000000          0
  133.409150      15.648403      -7.2649622285446211       1.4771408195576821        684
  136.600331      15.731364      -7.2534397649454725       1.5861957514750511        684
  36.332936       5.546337      -1.2136798472138213       0.4394397644721767        712
  39.431963       5.820168      -1.2568485504395233       0.9347697725435769        709
  42.531979       6.099970      -1.2402420187276091       0.9428139345109806        709
  45.633153       6.384926      -1.2199974452896591       0.9514110687829039        709
  48.735663       6.674201      -1.1961686335929613       0.9605351043193621        709
  51.839688       6.966951      -0.0000000000000000       0.0000000000000000          0
  54.945410       7.262317      -0.0000000000000000       0.0000000000000000          0
  58.053009       7.559434      -0.0000000000000000       0.0000000000000000          0
  61.162667       7.857428      -0.0000000000000000       0.0000000000000000          0
  64.274557       8.155423      -0.0000000000000000       0.0000000000000000          0
  67.388851       8.452538      -0.0000000000000000       0.0000000000000000          0
  70.505709       8.747895      -0.0000000000000000       0.0000000000000000          0
  73.625285       9.040619      -0.0000000000000000       0.0000000000000000          0
  76.747718       9.329838      -0.0000000000000000       0.0000000000000000          0
  79.873134       9.614692      -0.0000000000000000       0.0000000000000000          0
  83.001645       9.894328      -0.0000000000000000       0.0000000000000000          0
  86.133343      10.167905      -0.0000000000000000       0.0000000000000000          0
  89.268302      10.434602      -0.0000000000000000       0.0000000000000000          0
  92.406578      10.693612      -0.0000000000000000       0.0000000000000000          0
  95.548203      10.944148      -0.0000000000000000       0.0000000000000000          0
  98.693185      11.185450      -0.0000000000000000       0.0000000000000000          0
  101.841512      11.416780      -1.2786606271708252       0.0593044959087497        647
  104.993146      11.637428      -1.3202114191398717       0.1563115827767028      60402
  108.148023      11.846716      -1.3742369854804379       0.1676293692258996        604
  111.306056      12.043998      -1.3419975159100535       0.0973530160274313        613
  114.467133      12.228662      -1.3532348286739417       0.1122442207304442        613
  117.631118      12.400134      -1.3603587711321692       0.1277545206611245        613
  120.797851      12.557880      -0.0000000000000000       0.0000000000000000          0
  123.967148      12.701406      -0.5517626187791974       0.7877958006498163        563
  127.138806      12.830261      -7.2220047084778844       1.3192534873253590        684
  130.312599      12.944041      -7.2546042278931075       1.4068835602883407        801
  133.488287      13.042387      -7.2649489221635122       1.4964728922219994        801
  136.665608      13.124988      -7.2529690468654628       1.5874246930143456        801
  36.561020       2.949133      -1.2151716313481393       0.4583418445676378        712
  39.665479       3.223437      -1.2557251871665598       0.9259789283081239        709
  42.770255       3.503660      -1.2388146807043237       0.9312069755902414        709
  45.875504       3.788980      -1.2182640041167700       0.9370377100479472        709
  48.981389       4.078560      -0.0000000000000000       0.0000000000000000          0
  52.088080       4.371549      -0.0000000000000000       0.0000000000000000          0
  55.195748       4.667089      -0.0000000000000000       0.0000000000000000          0
  58.304568       4.964309      -0.0000000000000000       0.0000000000000000          0
  61.414713       5.262336      -0.0000000000000000       0.0000000000000000          0
  64.526356       5.560291      -0.0000000000000000       0.0000000000000000          0
  67.639664       5.857297      -0.0000000000000000       0.0000000000000000          0
  70.754799       6.152475      -0.0000000000000000       0.0000000000000000          0
  73.871915       6.444952      -0.0000000000000000       0.0000000000000000          0
  76.991154       6.733861      -0.0000000000000000       0.0000000000000000          0
  80.112650       7.018342      -0.0000000000000000       0.0000000000000000          0
  83.236520       7.297547      -0.0000000000000000       0.0000000000000000          0
  86.362868       7.570643      -0.0000000000000000       0.0000000000000000          0
  89.491779       7.836811      -0.0000000000000000       0.0000000000000000          0
  92.623323       8.095251      -0.0000000000000000       0.0000000000000000          0
  95.757547       8.345186      -1.2222211986474218       0.0659676689869091      67352
  98.894481       8.585859      -1.2530849023589179       0.0735085885955484        647
  102.034130       8.816541      -1.2802151896861005       0.0819475602373300      64701
  105.176481       9.036530      -1.3234620956661298       0.2054412858768646      60402
  108.321496       9.245156      -1.3770882380391953       0.2134938618189784      60402
  111.469115       9.441781      -1.3426774149215457       0.1100017613808045        613
  114.619256       9.625801      -1.3536719767363607       0.1215682750852844        613
  117.771815       9.796649      -0.0000000000000000       0.0000000000000000          0
  120.926666       9.953799      -0.8896367958690734       0.4750554229651965        738
  124.083662      10.096765      -0.0000000000000000       0.0000000000000000          0
  127.242637      10.225104      -7.2234224753924030       1.3706457949802484        801
  130.403408      10.338416      -7.2552097943247480       1.4402837383908731        801
  133.565772      10.436348      -7.2649224649455393       1.5117828977219809        801
  136.729514      10.518595      -7.2524990965663880       1.5846055566109964        801
  36.788040       0.351883      -1.2166373372979908       0.4758649340640119        712
  39.897805       0.626653      -0.0000000000000000       0.0000000000000000          0
  43.007212       0.907290      -1.2373739988515462       0.9172211876167080        709
  46.116403       1.192968      -0.0000000000000000       0.0000000000000000          0
  49.225531       1.482844      -0.0000000000000000       0.0000000000000000          0
  52.334755       1.776067      -0.0000000000000000       0.0000000000000000          0
  55.444240       2.071772      -0.0000000000000000       0.0000000000000000          0
  58.554153       2.369089      -0.0000000000000000       0.0000000000000000          0
  61.664664       2.667142      -0.0000000000000000       0.0000000000000000          0
  64.775943       2.965054      -0.0000000000000000       0.0000000000000000          0
  67.888156       3.261946      -0.0000000000000000       0.0000000000000000          0
  71.001467       3.556942      -0.0000000000000000       0.0000000000000000          0
  74.116031       3.849169      -0.0000000000000000       0.0000000000000000          0
  77.231998       4.137764      -0.0000000000000000       0.0000000000000000          0
  80.349506       4.421871      -0.0000000000000000       0.0000000000000000          0
  83.468683       4.700646      -0.0000000000000000       0.0000000000000000          0
  86.589642       4.973261      -0.0000000000000000       0.0000000000000000          0
  89.712482       5.238903      -0.0000000000000000       0.0000000000000000          0
  92.837287       5.496778      -0.0000000000000000       0.0000000000000000          0
  95.964122       5.746115      -0.0000000000000000       0.0000000000000000          0
  99.093035       5.986164      -1.2549129850418834       0.0986874555474390      67301
  102.224054       6.216205      -1.2817338382844441       0.1040310455470779      64701
  105.357187       6.435543      -1.3047422857818058       0.1101593804880804      64701
  108.492422       6.643514      -1.3798852774944457       0.2585403694081738      60402
  111.629728       6.839490      -1.3433364824048704       0.1220751764799943      61404
  114.769051       7.022873      -0.0000000000000000       0.0000000000000000          0
  117.910319       7.193107      -1.2519176308278666       0.0149482720044167      61407
  121.053441       7.349670      -0.0000000000000000       0.0000000000000000          0
  124.198303       7.492085      -7.1720266632469416       1.3685863691393145        801
  127.344778       7.619914      -7.2247940134412740       1.4180065717499795        801
  130.492720       7.732765      -7.2557876122136351       1.4696521462798060        801
  133.641968       7.830291      -7.2648834903358761       1.5230650119256479        801
  136.792348       7.912190      -7.2520282271466012       1.5777657316322196        801
  37.014934      -2.245372      -1.2180831422520164       0.4919736447676587        713
  40.129901      -1.970142      -1.2359917280325328       0.4880231096044884        713
  43.243829      -1.689095      -0.0000000000000000       0.0000000000000000          0
  46.356848      -1.403066      -0.0000000000000000       0.0000000000000000          0
  49.469101      -1.112898      -0.0000000000000000       0.0000000000000000          0
  52.580738      -0.819449      -0.0000000000000000       0.0000000000000000          0
  55.691918      -0.523584      -0.0000000000000000       0.0000000000000000          0
  58.802804      -0.226176      -1.0951284737115734       0.9091093069015162        704
  61.913562       0.071899      -0.0000000000000000       0.0000000000000000          0
  65.024361       0.369761      -0.0000000000000000       0.0000000000000000          0
  68.135368       0.666534      -0.0000000000000000       0.0000000000000000          0
  71.246748       0.961342      -0.0000000000000000       0.0000000000000000          0
  74.358663       1.253317      -0.0000000000000000       0.0000000000000000          0
  77.471267       1.541595      -0.0000000000000000       0.0000000000000000          0
  80.584707       1.825325      -0.0000000000000000       0.0000000000000000          0
  83.699121       2.103670      -0.0000000000000000       0.0000000000000000          0
  86.814633       2.375803      -0.0000000000000000       0.0000000000000000          0
  89.931356       2.640919      -0.0000000000000000       0.0000000000000000          0
  93.049391       2.898230      -0.0000000000000000       0.0000000000000000          0
  96.168819       3.146970      -0.0000000000000000       0.0000000000000000          0
  99.289707       3.386399      -1.2567088857778552       0.1232697071250844      67352
  102.412107       3.615802      -1.2832236599481888       0.1255154830279389        673
  105.536049       3.834492      -1.3059386847232610       0.1284778406713588      64701
  108.661548       4.041814      -1.3247808270785668       0.1321221027625734        614
  111.788599       4.237146      -0.0000000000000000       0.0000000000000000          0
  114.917178       4.419899      -0.0000000000000000       0.0000000000000000          0
  118.047243       4.589523      -1.3575088677671541       0.1466801252486664      61405
  121.178737       4.745506      -7.1010516558067724       1.4004998274412053        801
  124.311581       4.887375      -7.1743027463174274       1.4296538617974655        801
  127.445683       5.014701      -7.2261264095169562       1.4612627573490311        801
  130.580936       5.127096      -7.2563410256090082       1.4949504224985466        801
  133.717217       5.224220      -7.2648323907698469       1.5303153986821627        801
  136.854392       5.305776      -7.2515547201704242       1.5669356796321381        801
>