>anchorPlateId 301
>reconstructionTime 106
>DeformingMeshPoints.gpml lat_lon_velocity_domain_28_32.gpml
>MeshNode <identity>GPlates-b7a3af0e-8119-4abb-9ae6-39bb7e5702ce</identity> <revision>GPlates-7b04c5e6-7801-49f1-bcc4-23d6f4e5417f</revision>
> reconstructionPlateId 0
> validTime TimePeriod <begin> TimeInstant <timePosition>http://gplates.org/times/distantPast</timePosition></begin> <end> TimeInstant <timePosition>http://gplates.org/times/distantFuture</timePosition></end>
  48.143286      73.280956      -0.0000000000000000       0.0000000000000000        302
  51.310194      73.231943      -0.0000000000000000       0.0000000000000000        302
  54.467947      73.182303      -0.0000000000000000       0.0000000000000000        373
  57.616526      73.132187      -0.0000000000000000       0.0000000000000000        372
  60.755942      73.081748      -0.0000000000000000       0.0000000000000000        372
  63.886236      73.031139      -0.0000000000000000       0.0000000000000000        372
  67.007474      72.980510      -0.0000000000000000       0.0000000000000000        372
  70.119749      72.930012      -0.0000000000000000       0.0000000000000000        372
  73.223178      72.879792      -0.0000000000000000       0.0000000000000000        401
  76.317902      72.829998      -0.0000000000000000       0.0000000000000000        401
  79.404087      72.780773      -0.0000000000000000       0.0000000000000000        401
  82.481915      72.732259      -0.0000000000000000       0.0000000000000000        401
  85.551593      72.684592      -0.0000000000000000       0.0000000000000000        401
  88.613342      72.637908      -0.0000000000000000       0.0000000000000000        401
  91.667404      72.592337      -0.0000000000000000       0.0000000000000000        401
  94.714035      72.548005      -0.0000000000000000       0.0000000000000000        401
  97.753506      72.505035      -0.0000000000000000       0.0000000000000000        401
  100.786105      72.463545      -0.0000000000000000       0.0000000000000000        401
  103.812128      72.423647      -0.0000000000000000       0.0000000000000000        401
  106.831887      72.385449      -0.0000000000000000       0.0000000000000000        401
  109.845702      72.349054      -0.0000000000000000       0.0000000000000000        401
  112.853905      72.314558      -0.0000000000000000       0.0000000000000000        401
  115.856835      72.282054      -0.0000000000000000       0.0000000000000000        401
  118.854842      72.251626      -0.0000000000000000       0.0000000000000000        401
  121.848281      72.223356      -0.0000000000000000       0.0000000000000000        401
  124.837514      72.197317      -0.0000000000000000       0.0000000000000000        401
  127.822909      72.173576      -0.0000000000000000       0.0000000000000000          0
  130.804840      72.152196      -0.0000000000000000       0.0000000000000000          0
  133.783686      72.133232      -0.0000000000000000       0.0000000000000000          0
  136.759828      72.116732      -0.0000000000000000       0.0000000000000000          0
  139.733653      72.102739      -0.0000000000000000       0.0000000000000000          0
  142.705548      72.091289       0.1772253713489849       0.2441159208020010      42201
  145.675905      72.082411       0.2305702069260046       0.2336517737127128      42201
  47.723900      70.677027      -0.0000000000000000       0.0000000000000000        302
  50.885775      70.628109      -0.0000000000000000       0.0000000000000000        302
  54.039838      70.578545      -0.0000000000000000       0.0000000000000000        302
  57.186060      70.528485      -0.0000000000000000       0.0000000000000000        373
  60.324438      70.478081      -0.0000000000000000       0.0000000000000000        372
  63.454996      70.427486      -0.0000000000000000       0.0000000000000000        372
  66.577777      70.376851      -0.0000000000000000       0.0000000000000000        372
  69.692849      70.326326      -0.0000000000000000       0.0000000000000000        372
  72.800302      70.276060      -0.0000000000000000       0.0000000000000000        401
  75.900247      70.226200      -0.0000000000000000       0.0000000000000000        401
  78.992814      70.176890      -0.0000000000000000       0.0000000000000000        401
  82.078151      70.128273      -0.0000000000000000       0.0000000000000000        401
  85.156426      70.080489      -0.0000000000000000       0.0000000000000000        401
  88.227822      70.033672      -0.0000000000000000       0.0000000000000000        401
  91.292540      69.987955      -0.0000000000000000       0.0000000000000000        401
  94.350794      69.943467      -0.0000000000000000       0.0000000000000000        401
  97.402812      69.900331      -0.0000000000000000       0.0000000000000000        401
  100.448836      69.858667      -0.0000000000000000       0.0000000000000000        401
  103.489119      69.818590      -0.0000000000000000       0.0000000000000000        401
  106.523927      69.780210      -0.0000000000000000       0.0000000000000000        401
  109.553534      69.743631      -0.0000000000000000       0.0000000000000000        401
  112.578226      69.708952      -0.0000000000000000       0.0000000000000000        401
  115.598296      69.676266      -0.0000000000000000       0.0000000000000000        401
  118.614046      69.645663      -0.0000000000000000       0.0000000000000000        401
  121.625784      69.617223      -0.0000000000000000       0.0000000000000000        401
  124.633825      69.591023      -0.0000000000000000       0.0000000000000000        401
  127.638492      69.567131      -0.0000000000000000       0.0000000000000000      43102
  130.640111      69.545611      -0.0000000000000000       0.0000000000000000      43101
  133.639013      69.526520      -0.0000000000000000       0.0000000000000000      43101
  136.635533      69.509908      -0.0000000000000000       0.0000000000000000      43202
  139.630010      69.495818      -0.0000000000000000       0.0000000000000000      43202
  142.622786      69.484288      -0.0000000000000000       0.0000000000000000      43202
  145.614206      69.475347      -0.0000000000000000       0.0000000000000000      43202
  47.400825      68.072360      -0.0000000000000000       0.0000000000000000        302
  50.558584      68.023517      -0.0000000000000000       0.0000000000000000        302
  53.709560      67.974013      -0.0000000000000000       0.0000000000000000        302
  56.853719      67.923998      -0.0000000000000000       0.0000000000000000        302
  59.991052      67.873624      -0.0000000000000000       0.0000000000000000        302
  63.121569      67.823042      -0.0000000000000000       0.0000000000000000        302
  66.245302      67.772404      -0.0000000000000000       0.0000000000000000        302
  69.362302      67.721860      -0.0000000000000000       0.0000000000000000        390
  72.472639      67.671559      -0.0000000000000000       0.0000000000000000        401
  75.576402      67.621650      -0.0000000000000000       0.0000000000000000        401
  78.673698      67.572276      -0.0000000000000000       0.0000000000000000        401
  81.764651      67.523582      -0.0000000000000000       0.0000000000000000        401
  84.849400      67.475707      -0.0000000000000000       0.0000000000000000        401
  87.928101      67.428789      -0.0000000000000000       0.0000000000000000        401
  91.000923      67.382960      -0.0000000000000000       0.0000000000000000        401
  94.068050      67.338352      -0.0000000000000000       0.0000000000000000        401
  97.129676      67.295088      -0.0000000000000000       0.0000000000000000        401
  100.186011      67.253290      -0.0000000000000000       0.0000000000000000        401
  103.237274      67.213074      -0.0000000000000000       0.0000000000000000        401
  106.283694      67.174552      -0.0000000000000000       0.0000000000000000        401
  109.325512      67.137830      -0.0000000000000000       0.0000000000000000        401
  112.362976      67.103008      -0.0000000000000000       0.0000000000000000        401
  115.396343      67.070183      -0.0000000000000000       0.0000000000000000        401
  118.425878      67.039442      -0.0000000000000000       0.0000000000000000        401
  121.451852      67.010870      -0.0000000000000000       0.0000000000000000        401
  124.474544      66.984543      -0.0000000000000000       0.0000000000000000        401
  127.494237      66.960533      -0.0000000000000000       0.0000000000000000      43102
  130.511221      66.938904      -0.0000000000000000       0.0000000000000000      43101
  133.525788      66.919714      -0.0000000000000000       0.0000000000000000      43101
  136.538235      66.903014      -0.0000000000000000       0.0000000000000000      43202
  139.548865      66.888849      -0.0000000000000000       0.0000000000000000      43200
  142.557981      66.877256      -0.0000000000000000       0.0000000000000000      43200
  145.565888      66.868266      -0.0000000000000000       0.0000000000000000      43200
  47.143359      65.467189      -0.0000000000000000       0.0000000000000000        302
  50.297691      65.418408      -0.0000000000000000       0.0000000000000000        302
  53.446054      65.368953      -0.0000000000000000       0.0000000000000000        302
  56.588416      65.318975      -0.0000000000000000       0.0000000000000000        302
  59.724761      65.268625      -0.0000000000000000       0.0000000000000000        302
  62.855094      65.218055      -0.0000000000000000       0.0000000000000000        390
  65.979436      65.167416      -0.0000000000000000       0.0000000000000000        468
  69.097827      65.116859      -0.0000000000000000       0.0000000000000000        468
  72.210324      65.066532      -0.0000000000000000       0.0000000000000000        401
  75.317002      65.016583      -0.0000000000000000       0.0000000000000000        401
  78.417948      64.967160      -0.0000000000000000       0.0000000000000000        401
  81.513268      64.918405      -0.0000000000000000       0.0000000000000000        401
  84.603082      64.870459      -0.0000000000000000       0.0000000000000000        401
  87.687521      64.823460      -0.0000000000000000       0.0000000000000000        401
  90.766733      64.777542      -0.0000000000000000       0.0000000000000000        401
  93.840877      64.732837      -0.0000000000000000       0.0000000000000000        401
  96.910123      64.689471      -0.0000000000000000       0.0000000000000000        401
  99.974654      64.647566      -0.0000000000000000       0.0000000000000000        401
  103.034660      64.607239      -0.0000000000000000       0.0000000000000000        401
  106.090346      64.568604      -0.0000000000000000       0.0000000000000000        401
  109.141921      64.531767      -0.0000000000000000       0.0000000000000000        401
  112.189606      64.496832      -0.0000000000000000       0.0000000000000000        401
  115.233628      64.463893      -0.0000000000000000       0.0000000000000000        401
  118.274222      64.433042      -0.0000000000000000       0.0000000000000000        401
  121.311630      64.404364      -0.0000000000000000       0.0000000000000000        401
  124.346098      64.377936      -0.0000000000000000       0.0000000000000000        401
  127.377881      64.353831      -0.0000000000000000       0.0000000000000000      43102
  130.407234      64.332113      -0.0000000000000000       0.0000000000000000      43102
  133.434422      64.312843      -0.0000000000000000       0.0000000000000000      43101
  136.459709      64.296073      -0.0000000000000000       0.0000000000000000      43101
  139.483366      64.281846      -0.0000000000000000       0.0000000000000000      43101
  142.505664      64.270203      -0.0000000000000000       0.0000000000000000      43101
  145.526878      64.261173      -0.0000000000000000       0.0000000000000000      43202
  46.932577      62.861661      -0.0000000000000000       0.0000000000000000        302
  50.084004      62.812930      -0.0000000000000000       0.0000000000000000        302
  53.230129      62.763517      -0.0000000000000000       0.0000000000000000        302
  56.370916      62.713570      -0.0000000000000000       0.0000000000000000        302
  59.506351      62.663241      -0.0000000000000000       0.0000000000000000        302
  62.636430      62.612682      -0.0000000000000000       0.0000000000000000        390
  65.761171      62.562043      -0.0000000000000000       0.0000000000000000        468
  68.880606      62.511474      -0.0000000000000000       0.0000000000000000        468
  71.994780      62.461127      -0.0000000000000000       0.0000000000000000        401
  75.103756      62.411148      -0.0000000000000000       0.0000000000000000        401
  78.207611      62.361684      -0.0000000000000000       0.0000000000000000        401
  81.306434      62.312879      -0.0000000000000000       0.0000000000000000        401
  84.400328      62.264875      -0.0000000000000000       0.0000000000000000        401
  87.489409      62.217810      -0.0000000000000000       0.0000000000000000        401
  90.573807      62.171820      -0.0000000000000000       0.0000000000000000        401
  93.653659      62.127037      -0.0000000000000000       0.0000000000000000        401
  96.729117      62.083587      -0.0000000000000000       0.0000000000000000        401
  99.800341      62.041594      -0.0000000000000000       0.0000000000000000        401
  102.867502      62.001176      -0.0000000000000000       0.0000000000000000        401
  105.930779      61.962447      -0.0000000000000000       0.0000000000000000        401
  108.990359      61.925517      -0.0000000000000000       0.0000000000000000        401
  112.046440      61.890487      -0.0000000000000000       0.0000000000000000        401
  115.099224      61.857455      -0.0000000000000000       0.0000000000000000        401
  118.148921      61.826513      -0.0000000000000000       0.0000000000000000        401
  121.195747      61.797747      -0.0000000000000000       0.0000000000000000        401
  124.239924      61.771235      -0.0000000000000000       0.0000000000000000        401
  127.281680      61.747051      -0.0000000000000000       0.0000000000000000        401
  130.321246      61.725262      -0.0000000000000000       0.0000000000000000        401
  133.358858      61.705926      -0.0000000000000000       0.0000000000000000        401
  136.394755      61.689096      -0.0000000000000000       0.0000000000000000      43101
  139.429181      61.674819      -0.0000000000000000       0.0000000000000000      43101
  142.462380      61.663134      -0.0000000000000000       0.0000000000000000      43400
  145.494601      61.654071      -0.0000000000000000       0.0000000000000000      43400
  46.756171      60.255870      -0.0000000000000000       0.0000000000000000        302
  49.905100      60.207182      -0.0000000000000000       0.0000000000000000        302
  53.049281      60.157803      -0.0000000000000000       0.0000000000000000        302
  56.188681      60.107883      -0.0000000000000000       0.0000000000000000        302
  59.323281      60.057573      -0.0000000000000000       0.0000000000000000        302
  62.453079      60.007022      -0.0000000000000000       0.0000000000000000        390
  65.578085      59.956384      -0.0000000000000000       0.0000000000000000        468
  68.698325      59.905807      -0.0000000000000000       0.0000000000000000        468
  71.813838      59.855443      -0.0000000000000000       0.0000000000000000        401
  74.924678      59.805438      -0.0000000000000000       0.0000000000000000        401
  78.030910      59.755941      -0.0000000000000000       0.0000000000000000        401
  81.132612      59.707095      -0.0000000000000000       0.0000000000000000        401
  84.229876      59.659043      -0.0000000000000000       0.0000000000000000        401
  87.322803      59.611923      -0.0000000000000000       0.0000000000000000        401
  90.411507      59.565873      -0.0000000000000000       0.0000000000000000        401
  93.496111      59.521023      -0.0000000000000000       0.0000000000000000        401
  96.576748      59.477503      -0.0000000000000000       0.0000000000000000        401
  99.653563      59.435436      -0.0000000000000000       0.0000000000000000        401
  102.726707      59.394942      -0.0000000000000000       0.0000000000000000        401
  105.796341      59.356135      -0.0000000000000000       0.0000000000000000        401
  108.862633      59.319125      -0.0000000000000000       0.0000000000000000        401
  111.925759      59.284016      -0.0000000000000000       0.0000000000000000        401
  114.985902      59.250906      -0.0000000000000000       0.0000000000000000        401
  118.043251      59.219888      -0.0000000000000000       0.0000000000000000        401
  121.098000      59.191048      -0.0000000000000000       0.0000000000000000        401
  124.150350      59.164466      -0.0000000000000000       0.0000000000000000        401
  127.200507      59.140216      -0.0000000000000000       0.0000000000000000        401
  130.248679      59.118364      -0.0000000000000000       0.0000000000000000        401
  133.295079      59.098973      -0.0000000000000000       0.0000000000000000        401
  136.339925      59.082094      -0.0000000000000000       0.0000000000000000        401
  139.383437      59.067774      -0.0000000000000000       0.0000000000000000      43400
  142.425836      59.056053      -0.0000000000000000       0.0000000000000000      43400
  145.467348      59.046963      -0.0000000000000000       0.0000000000000000          0
  46.605793      57.649879      -0.0000000000000000       0.0000000000000000        302
  49.752544      57.601228      -0.0000000000000000       0.0000000000000000        302
  52.895019      57.551879      -0.0000000000000000       0.0000000000000000        302
  56.033184      57.501983      -0.0000000000000000       0.0000000000000000        302
  59.167022      57.451688      -0.0000000000000000       0.0000000000000000        302
  62.296528      57.401146      -0.0000000000000000       0.0000000000000000        390
  65.421710      57.350508      -0.0000000000000000       0.0000000000000000        468
  68.542588      57.299925      -0.0000000000000000       0.0000000000000000        468
  71.659196      57.249546      -0.0000000000000000       0.0000000000000000        468
  74.771580      57.199521      -0.0000000000000000       0.0000000000000000        401
  77.879798      57.149995      -0.0000000000000000       0.0000000000000000        401
  80.983918      57.101114      -0.0000000000000000       0.0000000000000000        401
  84.084021      57.053021      -0.0000000000000000       0.0000000000000000        401
  87.180197      57.005856      -0.0000000000000000       0.0000000000000000        401
  90.272547      56.959753      -0.0000000000000000       0.0000000000000000        401
  93.361181      56.914848      -0.0000000000000000       0.0000000000000000        401
  96.446220      56.871268      -0.0000000000000000       0.0000000000000000        401
  99.527792      56.829138      -0.0000000000000000       0.0000000000000000        401
  102.606033      56.788578      -0.0000000000000000       0.0000000000000000        401
  105.681089      56.749705      -0.0000000000000000       0.0000000000000000        401
  108.753110      56.712627      -0.0000000000000000       0.0000000000000000        401
  111.822255      56.677450      -0.0000000000000000       0.0000000000000000        401
  114.888691      56.644273      -0.0000000000000000       0.0000000000000000        401
  117.952587      56.613189      -0.0000000000000000       0.0000000000000000        401
  121.014120      56.584286      -0.0000000000000000       0.0000000000000000        401
  124.073472      56.557643      -0.0000000000000000       0.0000000000000000        401
  127.130828      56.533336      -0.0000000000000000       0.0000000000000000        401
  130.186379      56.511433      -0.0000000000000000       0.0000000000000000        401
  133.240318      56.491993      -0.0000000000000000       0.0000000000000000        401
  136.292843      56.475072      -0.0000000000000000       0.0000000000000000        401
  139.344154      56.460716      -0.0000000000000000       0.0000000000000000        301
  142.394452      56.448964      -0.0000000000000000       0.0000000000000000          0
  145.443942      56.439850      -0.0000000000000000       0.0000000000000000          0
  46.475578      55.043734      -0.0000000000000000       0.0000000000000000        302
  49.620407      54.995115      -0.0000000000000000       0.0000000000000000        302
  52.761367      54.945793      -0.0000000000000000       0.0000000000000000        302
  55.898426      54.895916      -0.0000000000000000       0.0000000000000000        302
  59.031566      54.845636      -0.0000000000000000       0.0000000000000000        302
  62.160781      54.795102      -0.0000000000000000       0.0000000000000000        390
  65.286077      54.744465      -0.0000000000000000       0.0000000000000000        468
  68.407471      54.693876      -0.0000000000000000       0.0000000000000000        468
  71.524992      54.643485      -0.0000000000000000       0.0000000000000000        468
  74.638680      54.593442      -0.0000000000000000       0.0000000000000000        468
  77.748587      54.543892      -0.0000000000000000       0.0000000000000000        401
  80.854772      54.494981      -0.0000000000000000       0.0000000000000000        401
  83.957308      54.446853      -0.0000000000000000       0.0000000000000000        401
  87.056275      54.399647      -0.0000000000000000       0.0000000000000000        401
  90.151764      54.353500      -0.0000000000000000       0.0000000000000000        401
  93.243875      54.308546      -0.0000000000000000       0.0000000000000000        401
  96.332714      54.264914      -0.0000000000000000       0.0000000000000000        401
  99.418398      54.222729      -0.0000000000000000       0.0000000000000000        401
  102.501051      54.182113      -0.0000000000000000       0.0000000000000000        401
  105.580802      54.143182      -0.0000000000000000       0.0000000000000000        401
  108.657790      54.106045      -0.0000000000000000       0.0000000000000000        401
  111.732158      54.070809      -0.0000000000000000       0.0000000000000000        401
  114.804056      54.037574      -0.0000000000000000       0.0000000000000000        401
  117.873640      54.006433      -0.0000000000000000       0.0000000000000000        401
  120.941069      53.977474      -0.0000000000000000       0.0000000000000000        401
  124.006509      53.950779      -0.0000000000000000       0.0000000000000000        401
  127.070129      53.926423      -0.0000000000000000       0.0000000000000000        401
  130.132102      53.904473      -0.0000000000000000       0.0000000000000000        401
  133.192605      53.884992      -0.0000000000000000       0.0000000000000000        401
  136.251817      53.868034      -0.0000000000000000       0.0000000000000000        401
  139.309921      53.853646      -0.0000000000000000       0.0000000000000000        622
  142.367100      53.841868      -0.0000000000000000       0.0000000000000000          0
  145.423542      53.832734      -0.0000000000000000       0.0000000000000000          0
  46.361284      52.437466      -0.0000000000000000       0.0000000000000000        302
  49.504399      52.388876      -0.0000000000000000       0.0000000000000000        302
  52.644000      52.339577      -0.0000000000000000       0.0000000000000000        302
  55.780058      52.289719      -0.0000000000000000       0.0000000000000000        302
  58.912556      52.239451      -0.0000000000000000       0.0000000000000000        302
  62.041487      52.188924      -0.0000000000000000       0.0000000000000000        390
  65.166854      52.138288      -0.0000000000000000       0.0000000000000000        465
  68.288673      52.087695      -0.0000000000000000       0.0000000000000000        458
  71.406969      52.037294      -0.0000000000000000       0.0000000000000000        459
  74.521776      51.987234      -0.0000000000000000       0.0000000000000000        462
  77.633141      51.937663      -0.0000000000000000       0.0000000000000000        401
  80.741117      51.888727      -0.0000000000000000       0.0000000000000000        401
  83.845769      51.840568      -0.0000000000000000       0.0000000000000000        401
  86.947169      51.793326      -0.0000000000000000       0.0000000000000000        401
  90.045399      51.747140      -0.0000000000000000       0.0000000000000000        401
  93.140549      51.702144      -0.0000000000000000       0.0000000000000000        401
  96.232716      51.658466      -0.0000000000000000       0.0000000000000000        401
  99.322004      51.616234      -0.0000000000000000       0.0000000000000000        401
  102.408526      51.575568      -0.0000000000000000       0.0000000000000000        401
  105.492401      51.536585      -0.0000000000000000       0.0000000000000000        401
  108.573752      51.499397      -0.0000000000000000       0.0000000000000000        401
  111.652712      51.464109      -0.0000000000000000       0.0000000000000000        430
  114.729416      51.430822      -0.0000000000000000       0.0000000000000000        430
  117.804006      51.399631      -0.0000000000000000       0.0000000000000000        430
  120.876627      51.370624      -0.0000000000000000       0.0000000000000000        430
  123.947431      51.343883      -0.0000000000000000       0.0000000000000000        430
  127.016571      51.319482      -0.0000000000000000       0.0000000000000000        430
  130.084206      51.297493      -0.0000000000000000       0.0000000000000000        430
  133.150497      51.277975      -0.0000000000000000       0.0000000000000000        455
  136.215608      51.260984      -0.0000000000000000       0.0000000000000000        454
  139.279705      51.246568      -0.0000000000000000       0.0000000000000000        621
  142.342957      51.234767      -0.0000000000000000       0.0000000000000000          0
  145.405535      51.225614      -0.0000000000000000       0.0000000000000000          0
  46.259764      49.831101      -0.0000000000000000       0.0000000000000000        302
  49.401334      49.782536      -0.0000000000000000       0.0000000000000000        302
  52.539706      49.733259      -0.0000000000000000       0.0000000000000000        302
  55.674853      49.683417      -0.0000000000000000       0.0000000000000000        302
  58.806758      49.633160      -0.0000000000000000       0.0000000000000000        302
  61.935413      49.582639      -0.0000000000000000       0.0000000000000000        467
  65.060821      49.532005      -0.0000000000000000       0.0000000000000000        458
  68.182995      49.481408      -0.0000000000000000       0.0000000000000000        459
  71.301958      49.430998      -0.0000000000000000       0.0000000000000000        460
  74.417739      49.380924      -0.0000000000000000       0.0000000000000000        461
  77.530380      49.331335      -0.0000000000000000       0.0000000000000000        462
  80.639930      49.282375      -0.0000000000000000       0.0000000000000000        401
  83.746446      49.234188      -0.0000000000000000       0.0000000000000000        401
  86.849993      49.186916      -0.0000000000000000       0.0000000000000000        401
  89.950647      49.140695      -0.0000000000000000       0.0000000000000000        401
  93.048487      49.095661      -0.0000000000000000       0.0000000000000000        401
  96.143602      49.051943      -0.0000000000000000       0.0000000000000000        430
  99.236088      49.009668      -0.0000000000000000       0.0000000000000000        430
  102.326045      48.968958      -0.0000000000000000       0.0000000000000000        430
  105.413583      48.929929      -0.0000000000000000       0.0000000000000000        430
  108.498814      48.892695      -0.0000000000000000       0.0000000000000000        430
  111.581858      48.857361      -0.0000000000000000       0.0000000000000000        430
  114.662839      48.824029      -0.0000000000000000       0.0000000000000000        430
  117.741886      48.792793      -0.0000000000000000       0.0000000000000000        430
  120.819132      48.763742      -0.0000000000000000       0.0000000000000000        430
  123.894716      48.736959      -0.0000000000000000       0.0000000000000000        430
  126.968777      48.712520      -0.0000000000000000       0.0000000000000000        455
  130.041461      48.690494      -0.0000000000000000       0.0000000000000000        455
  133.112914      48.670944      -0.0000000000000000       0.0000000000000000        454
  136.183288      48.653924      -0.0000000000000000       0.0000000000000000        454
  139.252733      48.639483      -0.0000000000000000       0.0000000000000000        619
  142.321405      48.627661      -0.0000000000000000       0.0000000000000000          0
  145.389460      48.618491      -0.0000000000000000       0.0000000000000000          0
  46.168633      47.224656      -0.0000000000000000       0.0000000000000000        302
  49.308799      47.176115      -0.0000000000000000       0.0000000000000000        302
  52.446050      47.126856      -0.0000000000000000       0.0000000000000000        302
  55.580361      47.077029      -0.0000000000000000       0.0000000000000000        302
  58.711714      47.026782      -0.0000000000000000       0.0000000000000000        302
  61.840103      46.976267      -0.0000000000000000       0.0000000000000000        467
  64.965530      46.925634      -0.0000000000000000       0.0000000000000000        458
  68.088005      46.875034      -0.0000000000000000       0.0000000000000000        459
  71.207549      46.824616      -0.0000000000000000       0.0000000000000000        460
  74.324189      46.774530      -0.0000000000000000       0.0000000000000000        461
  77.437960      46.724924      -0.0000000000000000       0.0000000000000000        463
  80.548908      46.675943      -0.0000000000000000       0.0000000000000000        464
  83.657085      46.627733      -0.0000000000000000       0.0000000000000000        462
  86.762550      46.580432      -0.0000000000000000       0.0000000000000000        450
  89.865369      46.534180      -0.0000000000000000       0.0000000000000000        401
  92.965617      46.489112      -0.0000000000000000       0.0000000000000000        401
  96.063373      46.445358      -0.0000000000000000       0.0000000000000000        430
  99.158725      46.403044      -0.0000000000000000       0.0000000000000000        430
  102.251765      46.362294      -0.0000000000000000       0.0000000000000000        430
  105.342591      46.323225      -0.0000000000000000       0.0000000000000000        430
  108.431307      46.285949      -0.0000000000000000       0.0000000000000000        430
  111.518022      46.250574      -0.0000000000000000       0.0000000000000000        430
  114.602849      46.217200      -0.0000000000000000       0.0000000000000000        455
  117.685907      46.185924      -0.0000000000000000       0.0000000000000000        455
  120.767316      46.156834      -0.0000000000000000       0.0000000000000000        455
  123.847202      46.130014      -0.0000000000000000       0.0000000000000000        453
  126.925695      46.105540      -0.0000000000000000       0.0000000000000000        453
  130.002927      46.083482      -0.0000000000000000       0.0000000000000000        453
  133.079032      46.063902      -0.0000000000000000       0.0000000000000000        454
  136.154148      46.046856      -0.0000000000000000       0.0000000000000000        619
  139.228414      46.032392      -0.0000000000000000       0.0000000000000000        625
  142.301972      46.020551      -0.0000000000000000       0.0000000000000000          0
  145.374964      46.011367      -0.0000000000000000       0.0000000000000000          0
  46.086049      44.618146      -0.0000000000000000       0.0000000000000000        301
  49.224929      44.569625      -0.0000000000000000       0.0000000000000000        301
  52.361150      44.520384      -0.0000000000000000       0.0000000000000000        301
  55.494687      44.470570      -0.0000000000000000       0.0000000000000000        301
  58.625526      44.420334      -0.0000000000000000       0.0000000000000000        302
  61.753659      44.369824      -0.0000000000000000       0.0000000000000000        467
  64.879087      44.319192      -0.0000000000000000       0.0000000000000000        466
  68.001821      44.268588      -0.0000000000000000       0.0000000000000000        466
  71.121878      44.218164      -0.0000000000000000       0.0000000000000000        459
  74.239281      44.168067      -0.0000000000000000       0.0000000000000000        460
  77.354065      44.118446      -0.0000000000000000       0.0000000000000000        460
  80.466269      44.069447      -0.0000000000000000       0.0000000000000000        461
  83.575940      44.021214      -0.0000000000000000       0.0000000000000000        461
  86.683133      43.973888      -0.0000000000000000       0.0000000000000000        450
  89.787907      43.927608      -0.0000000000000000       0.0000000000000000        450
  92.890331      43.882509      -0.0000000000000000       0.0000000000000000        451
  95.990476      43.838721      -0.0000000000000000       0.0000000000000000        451
  99.088422      43.796373      -0.0000000000000000       0.0000000000000000        451
  102.184254      43.755587      -0.0000000000000000       0.0000000000000000        430
  105.278061      43.716481      -0.0000000000000000       0.0000000000000000        430
  108.369938      43.679168      -0.0000000000000000       0.0000000000000000        430
  111.459983      43.643755      -0.0000000000000000       0.0000000000000000        453
  114.548301      43.610344      -0.0000000000000000       0.0000000000000000        453
  117.635000      43.579031      -0.0000000000000000       0.0000000000000000        601
  120.720189      43.549905      -0.0000000000000000       0.0000000000000000        601
  123.803986      43.523052      -0.0000000000000000       0.0000000000000000        601
  126.886507      43.498546      -0.0000000000000000       0.0000000000000000        601
  129.967873      43.476458      -0.0000000000000000       0.0000000000000000        453
  133.048207      43.456851      -0.0000000000000000       0.0000000000000000        454
  136.127637      43.439781      -0.0000000000000000       0.0000000000000000          0
  139.206288      43.425296      -0.0000000000000000       0.0000000000000000          0
  142.284290      43.413438      -0.0000000000000000       0.0000000000000000        625
  145.361775      43.404241      -0.0000000000000000       0.0000000000000000          0
  46.010566      42.011581      -0.0000000000000000       0.0000000000000000        301
  49.148259      41.963080      -0.0000000000000000       0.0000000000000000        301
  52.283525      41.913855      -0.0000000000000000       0.0000000000000000        301
  55.416343      41.864053      -0.0000000000000000       0.0000000000000000        301
  58.546699      41.813825      -0.0000000000000000       0.0000000000000000        301
  61.674585      41.763321      -0.0000000000000000       0.0000000000000000        390
  64.800003      41.712690      -0.0000000000000000       0.0000000000000000        467
  67.922961      41.662084      -0.0000000000000000       0.0000000000000000        466
  71.043474      41.611653      -0.0000000000000000       0.0000000000000000        466
  74.161565      41.561546      -0.0000000000000000       0.0000000000000000        466
  77.277264      41.511911      -0.0000000000000000       0.0000000000000000        466
  80.390606      41.462895      -0.0000000000000000       0.0000000000000000        580
  83.501635      41.414642      -0.0000000000000000       0.0000000000000000        580
  86.610399      41.367293      -0.0000000000000000       0.0000000000000000        580
  89.716954      41.320988      -0.0000000000000000       0.0000000000000000        580
  92.821361      41.275860      -0.0000000000000000       0.0000000000000000        451
  95.923686      41.232043      -0.0000000000000000       0.0000000000000000        451
  99.024001      41.189663      -0.0000000000000000       0.0000000000000000        451
  102.122384      41.148844      -0.0000000000000000       0.0000000000000000        451
  105.218915      41.109704      -0.0000000000000000       0.0000000000000000        451
  108.313682      41.072356      -0.0000000000000000       0.0000000000000000        601
  111.406775      41.036908      -0.0000000000000000       0.0000000000000000        601
  114.498288      41.003463      -0.0000000000000000       0.0000000000000000        601
  117.588321      40.972116      -0.0000000000000000       0.0000000000000000        601
  120.676974      40.942959      -0.0000000000000000       0.0000000000000000        601
  123.764352      40.916074      -0.0000000000000000       0.0000000000000000        601
  126.850564      40.891539      -0.0000000000000000       0.0000000000000000        601
  129.935720      40.869424      -0.0000000000000000       0.0000000000000000          0
  133.019933      40.849792      -0.0000000000000000       0.0000000000000000          0
  136.103317      40.832700      -0.0000000000000000       0.0000000000000000          0
  139.185990      40.818197      -0.0000000000000000       0.0000000000000000          0
  142.268069      40.806323      -0.0000000000000000       0.0000000000000000        625
  145.349675      40.797114      -0.0000000000000000       0.0000000000000000          0
  45.941030      39.404971      -0.0000000000000000       0.0000000000000000        526
  49.077619      39.356488      -0.0000000000000000       0.0000000000000000        301
  52.211996      39.307277      -0.0000000000000000       0.0000000000000000        301
  55.344141      39.257487      -0.0000000000000000       0.0000000000000000        301
  58.474041      39.207267      -0.0000000000000000       0.0000000000000000        301
  61.601689      39.156767      -0.0000000000000000       0.0000000000000000        301
  64.727087      39.106138      -0.0000000000000000       0.0000000000000000        301
  67.850241      39.055530      -0.0000000000000000       0.0000000000000000        467
  70.971165      39.005093      -0.0000000000000000       0.0000000000000000        467
  74.089880      38.954977      -0.0000000000000000       0.0000000000000000        590
  77.206412      38.905330      -0.0000000000000000       0.0000000000000000        580
  80.320795      38.856298      -0.0000000000000000       0.0000000000000000        580
  83.433066      38.808026      -0.0000000000000000       0.0000000000000000        580
  86.543272      38.760656      -0.0000000000000000       0.0000000000000000        580
  89.651462      38.714327      -0.0000000000000000       0.0000000000000000        580
  92.757691      38.669174      -0.0000000000000000       0.0000000000000000        456
  95.862021      38.625329      -0.0000000000000000       0.0000000000000000        456
  98.964516      38.582920      -0.0000000000000000       0.0000000000000000        456
  102.065248      38.542070      -0.0000000000000000       0.0000000000000000        451
  105.164289      38.502899      -0.0000000000000000       0.0000000000000000        451
  108.261720      38.465519      -0.0000000000000000       0.0000000000000000        601
  111.357623      38.430039      -0.0000000000000000       0.0000000000000000        601
  114.452084      38.396562      -0.0000000000000000       0.0000000000000000        601
  117.545193      38.365185      -0.0000000000000000       0.0000000000000000        601
  120.637042      38.335997      -0.0000000000000000       0.0000000000000000        601
  123.727728      38.309084      -0.0000000000000000       0.0000000000000000        601
  126.817349      38.284522      -0.0000000000000000       0.0000000000000000        601
  129.906005      38.262382      -0.0000000000000000       0.0000000000000000          0
  132.993800      38.242727      -0.0000000000000000       0.0000000000000000          0
  136.080839      38.225615      -0.0000000000000000       0.0000000000000000          0
  139.167228      38.211094      -0.0000000000000000       0.0000000000000000          0
  142.253075      38.199206      -0.0000000000000000       0.0000000000000000        625
  145.338489      38.189985      -0.0000000000000000       0.0000000000000000          0
  45.876508      36.798322      -0.0000000000000000       0.0000000000000000        505
  49.012064      36.749855      -0.0000000000000000       0.0000000000000000        505
  52.145607      36.700659      -0.0000000000000000       0.0000000000000000        301
  55.277119      36.650880      -0.0000000000000000       0.0000000000000000        505
  58.406587      36.600668      -0.0000000000000000       0.0000000000000000        505
  61.534005      36.550172      -0.0000000000000000       0.0000000000000000        301
  64.659374      36.499544      -0.0000000000000000       0.0000000000000000        301
  67.782701      36.448933      -0.0000000000000000       0.0000000000000000        301
  70.903998      36.398491      -0.0000000000000000       0.0000000000000000        591
  74.023283      36.348367      -0.0000000000000000       0.0000000000000000          0
  77.140582      36.298708      -0.0000000000000000       0.0000000000000000          0
  80.255923      36.249662      -0.0000000000000000       0.0000000000000000        457
  83.369342      36.201373      -0.0000000000000000       0.0000000000000000        457
  86.480880      36.153984      -0.0000000000000000       0.0000000000000000        457
  89.590582      36.107632      -0.0000000000000000       0.0000000000000000        457
  92.698498      36.062455      -0.0000000000000000       0.0000000000000000        457
  95.804685      36.018584      -0.0000000000000000       0.0000000000000000        456
  98.909201      35.976148      -0.0000000000000000       0.0000000000000000        456
  102.012111      35.935270      -0.0000000000000000       0.0000000000000000        456
  105.113482      35.896070      -0.0000000000000000       0.0000000000000000        456
  108.213386      35.858660      -0.0000000000000000       0.0000000000000000        601
  111.311899      35.823151      -0.0000000000000000       0.0000000000000000        601
  114.409098      35.789645      -0.0000000000000000       0.0000000000000000        601
  117.505065      35.758238      -0.0000000000000000       0.0000000000000000        601
  120.599886      35.729023      -0.0000000000000000       0.0000000000000000        601
  123.693647      35.702083      -0.0000000000000000       0.0000000000000000        601
  126.786438      35.677496      -0.0000000000000000       0.0000000000000000        601
  129.878350      35.655332      -0.0000000000000000       0.0000000000000000          0
  132.969478      35.635657      -0.0000000000000000       0.0000000000000000          0
  136.059917      35.618526      -0.0000000000000000       0.0000000000000000          0
  139.149764      35.603989      -0.0000000000000000       0.0000000000000000        629
  142.239118      35.592087      -0.0000000000000000       0.0000000000000000        627
  145.328078      35.582855      -0.0000000000000000       0.0000000000000000          0
  45.816235      34.191641      -0.0000000000000000       0.0000000000000000          0
  48.950820      34.143190      -0.0000000000000000       0.0000000000000000        505
  52.083576      34.094006      -0.0000000000000000       0.0000000000000000        505
  55.214488      34.044237      -0.0000000000000000       0.0000000000000000        505
  58.343545      33.994032      -0.0000000000000000       0.0000000000000000        505
  61.470740      33.943541      -0.0000000000000000       0.0000000000000000        506
  64.596075      33.892914      -0.0000000000000000       0.0000000000000000        506
  67.719556      33.842302      -0.0000000000000000       0.0000000000000000      50601
  70.841193      33.791855      -0.0000000000000000       0.0000000000000000        501
  73.961005      33.741722      -0.0000000000000000       0.0000000000000000        501
  77.079012      33.692053      -2.3947166246476930       0.8832659493687305        606
  80.195242      33.642994      -2.3232661583424319       0.9535831951771314        606
  83.309727      33.594689      -2.2449906549624687       1.0214396386638274        606
  86.422504      33.547281      -2.1601316383827212       1.0866529938636926        606
  89.533615      33.500909      -2.0689489508931280       1.1490504427564354        606
  92.643104      33.455709      -1.9717199031194537       1.2084688957505936        606
  95.751023      33.411815      -0.0000000000000000       0.0000000000000000          0
  98.857426      33.369353      -0.0000000000000000       0.0000000000000000        457
  101.962370      33.328448      -0.0000000000000000       0.0000000000000000        457
  105.065917      33.289221      -0.0000000000000000       0.0000000000000000        602
  108.168132      33.251784      -0.0000000000000000       0.0000000000000000        602
  111.269084      33.216247      -0.0000000000000000       0.0000000000000000        601
  114.368844      33.182713      -0.0000000000000000       0.0000000000000000        601
  117.467486      33.151280      -0.0000000000000000       0.0000000000000000        601
  120.565087      33.122038      -0.0000000000000000       0.0000000000000000        601
  123.661726      33.095073      -0.0000000000000000       0.0000000000000000        601
  126.757484      33.070462      -0.0000000000000000       0.0000000000000000        601
  129.852445      33.048277      -0.0000000000000000       0.0000000000000000          0
  132.946694      33.028582      -0.0000000000000000       0.0000000000000000          0
  136.040317      33.011433      -0.0000000000000000       0.0000000000000000          0
  139.133404      32.996881      -0.0000000000000000       0.0000000000000000          0
  142.226042      32.984967      -0.0000000000000000       0.0000000000000000          0
  145.318323      32.975725      -0.0000000000000000       0.0000000000000000          0
  45.759580      31.584932      -2.8428723344710782      -0.5096079174503183        503
  48.893244      31.536496      -3.1458013180518849      -0.4186170396812368        503
  52.025254      31.487324      -0.0000000000000000       0.0000000000000000        505
  55.155595      31.437565      -0.0000000000000000       0.0000000000000000        505
  58.284258      31.387367      -0.0000000000000000       0.0000000000000000        505
  61.411237      31.336880      -0.0000000000000000       0.0000000000000000      50601
  64.536533      31.286254      -0.0000000000000000       0.0000000000000000      50601
  67.660152      31.235640      -0.0000000000000000       0.0000000000000000      50601
  70.782103      31.185188      -0.0000000000000000       0.0000000000000000        501
  73.902402      31.135048      -0.0000000000000000       0.0000000000000000        501
  77.021070      31.085369      -0.0000000000000000       0.0000000000000000        501
  80.138130      31.036297      -2.3246381321264553       0.9050077637888495        606
  83.253613      30.987977      -2.2464603631342674       0.9681142991756856        606
  86.367550      30.940552      -2.1616858086515620       1.0287513451392449        606
  89.479981      30.894161      -2.0705733538823745       1.0867590709641810        606
  92.590946      30.848940      -1.9733995223028384       1.1419867929271477        606
  95.700491      30.805023      -1.8704575977368616       1.1942931625396518        606
  98.808665      30.762537      -0.0000000000000000       0.0000000000000000        602
  101.915520      30.721608      -0.0000000000000000       0.0000000000000000        602
  105.021113      30.682355      -0.0000000000000000       0.0000000000000000        602
  108.125502      30.644892      -0.0000000000000000       0.0000000000000000        602
  111.228749      30.609329      -0.0000000000000000       0.0000000000000000        602
  114.330918      30.575769      -0.0000000000000000       0.0000000000000000        602
  117.432077      30.544310      -0.0000000000000000       0.0000000000000000        602
  120.532295      30.515044      -0.0000000000000000       0.0000000000000000        602
  123.631644      30.488055      -0.0000000000000000       0.0000000000000000        602
  126.730197      30.463423      -0.0000000000000000       0.0000000000000000        602
  129.828030      30.441217      -0.0000000000000000       0.0000000000000000          0
  132.925220      30.421503      -0.0000000000000000       0.0000000000000000          0
  136.021844      30.404338      -0.0000000000000000       0.0000000000000000          0
  139.117983      30.389771      -0.0000000000000000       0.0000000000000000          0
  142.213717      30.377845      -0.0000000000000000       0.0000000000000000          0
  145.309128      30.368594      -0.0000000000000000       0.0000000000000000          0
  45.706009      28.978200      -2.8376172116589116      -0.2246094162164473        503
  48.838798      28.929777      -3.1406157785967546      -0.1402027882674654        503
  51.970096      28.880617      -3.4340901906597563      -0.0481238590327692        503
  55.099892      28.830867      -0.0000000000000000       0.0000000000000000          0
  58.228176      28.780675      -0.0000000000000000       0.0000000000000000        505
  61.354944      28.730192      -0.0000000000000000       0.0000000000000000        505
  64.480197      28.679567      -0.0000000000000000       0.0000000000000000      50601
  67.603939      28.628952      -0.0000000000000000       0.0000000000000000        501
  70.726181      28.578496      -0.0000000000000000       0.0000000000000000        501
  73.846937      28.528349      -0.0000000000000000       0.0000000000000000        501
  76.966223      28.478661      -0.0000000000000000       0.0000000000000000        501
  80.084064      28.429577      -0.0000000000000000       0.0000000000000000        501
  83.200485      28.381243      -0.0000000000000000       0.0000000000000000        501
  86.315516      28.333801      -2.1631555684440431       0.9689334718545740        606
  89.429191      28.287392      -2.0721099286627669       1.0224173333864290        606
  92.541549      28.242152      -1.9749887040734155       1.0733252729253109        606
  95.652629      28.198213      -0.0000000000000000       0.0000000000000000        501
  98.762477      28.155705      -0.0000000000000000       0.0000000000000000          0
  101.871139      28.114752      -0.0000000000000000       0.0000000000000000        602
  104.978666      28.075474      -0.0000000000000000       0.0000000000000000        602
  108.085111      28.037987      -0.0000000000000000       0.0000000000000000        602
  111.190529      28.002399      -0.0000000000000000       0.0000000000000000        602
  114.294979      27.968815      -0.0000000000000000       0.0000000000000000        602
  117.398521      27.937332      -0.0000000000000000       0.0000000000000000        602
  120.501218      27.908042      -0.0000000000000000       0.0000000000000000        602
  123.603134      27.881031      -0.0000000000000000       0.0000000000000000        602
  126.704334      27.856377      -0.0000000000000000       0.0000000000000000        602
  129.804888      27.834152      -0.0000000000000000       0.0000000000000000          0
  132.904864      27.814421      -0.0000000000000000       0.0000000000000000          0
  136.004332      27.797240      -0.0000000000000000       0.0000000000000000          0
  139.103364      27.782660      -0.0000000000000000       0.0000000000000000          0
  142.202033      27.770722      -0.0000000000000000       0.0000000000000000          0
  145.300412      27.761462      -0.0000000000000000       0.0000000000000000          0
  45.655074      26.371447      -2.8326182735195307       0.0611274993856858        503
  48.787024      26.323038      -3.1356821740068659       0.1388086865324534        503
  51.917641      26.273889      -3.4292559745412827       0.2235067264217241        503
  55.046912      26.224147      -3.7124748940626082       0.3149168112948876        503
  58.174831      26.173962      -0.0000000000000000       0.0000000000000000      50602
  61.301392      26.123482      -0.0000000000000000       0.0000000000000000      50602
  64.426598      26.072859      -0.0000000000000000       0.0000000000000000      50602
  67.550454      26.022242      -0.0000000000000000       0.0000000000000000        501
  70.672967      25.971782      -0.0000000000000000       0.0000000000000000        501
  73.794150      25.921629      -0.0000000000000000       0.0000000000000000        501
  76.914021      25.871931      -0.0000000000000000       0.0000000000000000        501
  80.032599      25.822836      -0.0000000000000000       0.0000000000000000        501
  83.149908      25.774489      -0.0000000000000000       0.0000000000000000        501
  86.265975      25.727032      -0.0000000000000000       0.0000000000000000        501
  89.380831      25.680605      -0.0000000000000000       0.0000000000000000        501
  92.494510      25.635346      -0.0000000000000000       0.0000000000000000        501
  95.607049      25.591387      -0.0000000000000000       0.0000000000000000       7250
  98.718486      25.548857       0.0703214823353481      -0.1162787571518723        603
  101.828866      25.507882      -0.0000000000000000       0.0000000000000000        602
  104.938232      25.468581      -0.0000000000000000       0.0000000000000000        602
  108.046632      25.431070      -0.0000000000000000       0.0000000000000000        602
  111.154117      25.395459      -0.0000000000000000       0.0000000000000000        602
  114.260737      25.361851      -0.0000000000000000       0.0000000000000000        602
  117.366548      25.330346      -0.0000000000000000       0.0000000000000000        602
  120.471604      25.301034      -0.0000000000000000       0.0000000000000000        602
  123.575964      25.274002      -0.0000000000000000       0.0000000000000000        602
  126.679687      25.249328      -0.0000000000000000       0.0000000000000000          0
  129.782833      25.227084      -0.0000000000000000       0.0000000000000000          0
  132.885463      25.207336      -0.0000000000000000       0.0000000000000000          0
  135.987641      25.190140      -0.0000000000000000       0.0000000000000000          0
  139.089430      25.175547      -0.0000000000000000       0.0000000000000000          0
  142.190896      25.163598      -0.0000000000000000       0.0000000000000000          0
  145.292103      25.154330      -0.0000000000000000       0.0000000000000000          0
  45.606388      23.764677      -2.8278379335323049       0.3469917150893489        503
  48.737532      23.716280      -3.1309635290720439       0.4178179123552786        503
  51.867492      23.667142      -3.4246315953066913       0.4949900208268250        503
  54.996257      23.617409      -3.7079761646046587       0.5782267040977619        503
  58.123820      23.567230      -0.0000000000000000       0.0000000000000000      50602
  61.250180      23.516754      -0.0000000000000000       0.0000000000000000      50602
  64.375336      23.466131      -0.0000000000000000       0.0000000000000000          0
  67.499294      23.415513      -0.0000000000000000       0.0000000000000000        501
  70.622061      23.365050      -0.0000000000000000       0.0000000000000000        501
  73.743649      23.314890      -0.0000000000000000       0.0000000000000000        501
  76.864074      23.265184      -0.0000000000000000       0.0000000000000000        501
  79.983352      23.216078      -0.0000000000000000       0.0000000000000000        501
  83.101507      23.167718      -0.0000000000000000       0.0000000000000000        501
  86.218561      23.120246      -0.0000000000000000       0.0000000000000000        501
  89.334544      23.073803      -0.0000000000000000       0.0000000000000000        501
  92.449483      23.028526      -0.0000000000000000       0.0000000000000000        607
  95.563414      22.984547      -0.0000000000000000       0.0000000000000000       7250
  98.676370      22.941997       0.0704094545575477      -0.1126318159044652        603
  101.788390      22.901000       0.0160923140889732      -0.0717197233079112      60401
  104.899514      22.861678      -0.0000000000000000       0.0000000000000000        602
  108.009784      22.824144      -0.0000000000000000       0.0000000000000000        602
  111.119245      22.788510      -0.0000000000000000       0.0000000000000000        602
  114.227942      22.754880      -0.0000000000000000       0.0000000000000000        602
  117.335923      22.723353      -0.0000000000000000       0.0000000000000000        602
  120.443239      22.694020      -0.0000000000000000       0.0000000000000000        602
  123.549939      22.666967      -0.0000000000000000       0.0000000000000000          0
  126.656076      22.642274      -0.0000000000000000       0.0000000000000000          0
  129.761704      22.620013      -0.0000000000000000       0.0000000000000000          0
  132.866876      22.600248      -0.0000000000000000       0.0000000000000000          0
  135.971650      22.583038      -0.0000000000000000       0.0000000000000000          0
  139.076081      22.568432      -0.0000000000000000       0.0000000000000000          0
  142.180225      22.556474      -0.0000000000000000       0.0000000000000000          0
  145.284142      22.547197      -0.0000000000000000       0.0000000000000000          0
  45.559615      21.157892      -2.8232435651298013       0.6323751169765667        503
  48.689981      21.109508      -3.1264277360865140       0.6962290653743903        503
  51.819305      21.060380      -3.4201856854485997       0.7657439541397419        503
  54.947579      21.010655      -3.7036503210970508       0.8406621620753122        503
  58.074797      20.960482      -3.9759870750588888       0.9207121308467263        503
  61.200957      20.910009      -0.0000000000000000       0.0000000000000000          0
  64.326061      20.859388      -0.0000000000000000       0.0000000000000000          0
  67.450112      20.808768      -0.0000000000000000       0.0000000000000000          0
  70.573119      20.758301      -0.0000000000000000       0.0000000000000000        501
  73.695092      20.708136      -0.0000000000000000       0.0000000000000000        501
  76.816044      20.658422      -0.0000000000000000       0.0000000000000000        501
  79.935993      20.609306      -0.0000000000000000       0.0000000000000000        501
  83.054956      20.560933      -0.0000000000000000       0.0000000000000000        501
  86.172956      20.513447      -0.0000000000000000       0.0000000000000000        501
  89.290017      20.466988      -0.0000000000000000       0.0000000000000000          0
  92.406166      20.421693      -0.0000000000000000       0.0000000000000000        607
  95.521432      20.377696      -0.0000000000000000       0.0000000000000000       7250
  98.635846      20.335126       0.0704940641975902      -0.1087567314516431        603
  101.749442      20.294109       0.0165269846567696      -0.0414472082310373      60401
  104.862255      20.254765      -0.0182198939159520      -0.0409736525755837      60405
  107.974322      20.217210      -0.0000000000000000       0.0000000000000000        602
  111.085682      20.181554      -0.0000000000000000       0.0000000000000000        602
  114.196376      20.147903      -0.0000000000000000       0.0000000000000000        602
  117.306445      20.116354      -0.0000000000000000       0.0000000000000000        612
  120.415933      20.087001      -0.0000000000000000       0.0000000000000000          0
  123.524884      20.059929      -0.0000000000000000       0.0000000000000000          0
  126.633345      20.035217      -0.0000000000000000       0.0000000000000000          0
  129.741361      20.012939      -0.0000000000000000       0.0000000000000000          0
  132.848981      19.993159      -0.0000000000000000       0.0000000000000000          0
  135.956253      19.975935      -0.0000000000000000       0.0000000000000000          0
  139.063227      19.961317      -0.0000000000000000       0.0000000000000000          0
  142.169951      19.949348      -0.0000000000000000       0.0000000000000000          0
  145.276476      19.940064      -0.0000000000000000       0.0000000000000000          0
  45.514462      18.551095      -2.8188065216248677       0.9166733145607859        503
  48.644072      18.502723      -3.1220465933038648       0.9734506076299061        503
  51.772778      18.453605      -3.4158906825967645       1.0351913214393000        503
  54.900574      18.403888      -3.6994706262086900       1.1016617628418848        503
  58.027454      18.353720      -0.0000000000000000       0.0000000000000000          0
  61.153417      18.303251      -0.0000000000000000       0.0000000000000000          0
  64.278466      18.252631      -0.0000000000000000       0.0000000000000000          0
  67.402604      18.202010      -0.0000000000000000       0.0000000000000000          0
  70.525838      18.151539      -0.0000000000000000       0.0000000000000000          0
  73.648178      18.101369      -0.0000000000000000       0.0000000000000000        501
  76.769636      18.051647      -0.0000000000000000       0.0000000000000000        501
  79.890227      18.002521      -0.0000000000000000       0.0000000000000000        501
  83.009968      17.954136      -0.0000000000000000       0.0000000000000000        501
  86.128878      17.906637      -0.0000000000000000       0.0000000000000000          0
  89.246978      17.860162      -0.0000000000000000       0.0000000000000000          0
  92.364293      17.814851      -0.0000000000000000       0.0000000000000000          0
  95.480847      17.770835      -0.0000000000000000       0.0000000000000000       7250
  98.596667      17.728246       0.0705758323214924      -0.1046612691888500        603
  101.711784      17.687209       0.0169472533511051      -0.0110897813308161        604
  104.826227      17.647845      -0.0178178425733954      -0.0106239295937231        604
  107.940029      17.610269      -0.0525231723038577      -0.0096076921766107      60405
  111.053224      17.574592      -0.0000000000000000       0.0000000000000000        612
  114.165847      17.540920      -0.0000000000000000       0.0000000000000000          0
  117.277934      17.509351      -0.0000000000000000       0.0000000000000000          0
  120.389522      17.479978      -0.0000000000000000       0.0000000000000000          0
  123.500649      17.452887      -0.0000000000000000       0.0000000000000000          0
  126.611356      17.428158      -0.0000000000000000       0.0000000000000000          0
  129.721683      17.405863      -0.0000000000000000       0.0000000000000000          0
  132.831670      17.386067      -0.0000000000000000       0.0000000000000000          0
  135.941358      17.368830      -0.0000000000000000       0.0000000000000000          0
  139.050791      17.354201      -0.0000000000000000       0.0000000000000000          0
  142.160011      17.342223      -0.0000000000000000       0.0000000000000000          0
  145.269060      17.332931      -0.0000000000000000       0.0000000000000000          0
  45.470668      15.944288      -2.8145013511214003       1.1992864746450882        503
  48.599541      15.895927      -3.1177950343273446       1.2488960472128263        503
  51.727644      15.846819      -3.4117220786849032       1.3027604684483671        503
  54.854971      15.797109      -3.6954132954575911       1.3606701515269117        503
  57.981519      15.746947      -0.0000000000000000       0.0000000000000000          0
  61.107288      15.696481      -0.0000000000000000       0.0000000000000000          0
  64.232279      15.645862      -0.0000000000000000       0.0000000000000000          0
  67.356496      15.595240      -0.0000000000000000       0.0000000000000000          0
  70.479947      15.544766      -0.0000000000000000       0.0000000000000000          0
  73.602640      15.494590      -0.0000000000000000       0.0000000000000000        501
  76.724585      15.444861      -0.0000000000000000       0.0000000000000000        501
  79.845796      15.395725      -0.0000000000000000       0.0000000000000000        501
  82.966288      15.347329      -0.0000000000000000       0.0000000000000000          0
  86.086078      15.299816      -0.0000000000000000       0.0000000000000000          0
  89.205184      15.253327      -0.0000000000000000       0.0000000000000000          0
  92.323627      15.207999      -0.0000000000000000       0.0000000000000000          0
  95.441429      15.163967      -0.0000000000000000       0.0000000000000000          0
  98.558613      15.121359       0.0706552226902238      -0.1003536957111595        603
  101.675204      15.080302       0.0173554855779879       0.0192897137721208        604
  104.791228      15.040918      -0.0174272656717647       0.0197489861775074        604
  107.906714      15.003322      -0.0521524882698999       0.0206767495494239        604
  111.021689      14.967625      -0.0000000000000000       0.0000000000000000          0
  114.136185      14.933933      -0.0000000000000000       0.0000000000000000        612
  117.250230      14.902344      -0.0000000000000000       0.0000000000000000          0
  120.363857      14.872951      -0.0000000000000000       0.0000000000000000          0
  123.477099      14.845842      -0.0000000000000000       0.0000000000000000          0
  126.589988      14.821096      -0.0000000000000000       0.0000000000000000          0
  129.702558      14.798785      -0.0000000000000000       0.0000000000000000          0
  132.814844      14.778975      -0.0000000000000000       0.0000000000000000          0
  135.926881      14.761724      -0.0000000000000000       0.0000000000000000          0
  139.038704      14.747084      -0.0000000000000000       0.0000000000000000          0
  142.150349      14.735096      -0.0000000000000000       0.0000000000000000          0
  145.261851      14.725797      -0.0000000000000000       0.0000000000000000          0
  45.427998      13.337472      -2.8103051582361167       1.4796202370350051        503
  48.556150      13.289122      -3.1136505012874984       1.5219847895746217        503
  51.683662      13.240023      -0.0000000000000000       0.0000000000000000          0
  54.810529      13.190321      -0.0000000000000000       0.0000000000000000          0
  57.936750      13.140165      -0.0000000000000000       0.0000000000000000          0
  61.062324      13.089702      -0.0000000000000000       0.0000000000000000          0
  64.187255      13.039084      -0.0000000000000000       0.0000000000000000          0
  67.311546      12.988461      -0.0000000000000000       0.0000000000000000          0
  70.435204      12.937984      -0.0000000000000000       0.0000000000000000          0
  73.558237      12.887803      -0.0000000000000000       0.0000000000000000          0
  76.680653      12.838066      -0.0000000000000000       0.0000000000000000        501
  79.802466      12.788921      -0.0000000000000000       0.0000000000000000        501
  82.923687      12.740514      -0.0000000000000000       0.0000000000000000          0
  86.044331      12.692988      -0.0000000000000000       0.0000000000000000          0
  89.164415      12.646485      -0.0000000000000000       0.0000000000000000          0
  92.283956      12.601141      -0.0000000000000000       0.0000000000000000          0
  95.402972      12.557091      -0.0000000000000000       0.0000000000000000          0
  98.521483      12.514465       0.0707326532471680      -0.0958427558673535      60302
  101.639510      12.473390       0.0177538157528756       0.0496283844630327      60402
  104.757075      12.433986      -0.0170461242660609       0.0500821366469321        604
  107.874202      12.396371      -0.0517907250056728       0.0509213239257223        604
  110.990913      12.360654      -0.0000000000000000       0.0000000000000000        612
  114.107234      12.326942      -0.0000000000000000       0.0000000000000000          0
  117.223189      12.295333      -0.0000000000000000       0.0000000000000000        613
  120.338806      12.265922      -0.0000000000000000       0.0000000000000000        677
  123.454110      12.238795      -0.0000000000000000       0.0000000000000000          0
  126.569128      12.214032      -12.5940297016484430      -2.8180963741806342        678
  129.683888      12.191705      -0.0000000000000000       0.0000000000000000          0
  132.798419      12.171881      -0.0000000000000000       0.0000000000000000          0
  135.912748      12.154617      -0.0000000000000000       0.0000000000000000          0
  139.026904      12.139966      -0.0000000000000000       0.0000000000000000          0
  142.140916      12.127970      -0.0000000000000000       0.0000000000000000          0
  145.254813      12.118663      -0.0000000000000000       0.0000000000000000          0
  45.386240      10.730649      -0.0000000000000000       0.0000000000000000          0
  48.513683      10.682310      -1.2217296458771691       1.0041205543283769        709
  51.640612      10.633221      -0.0000000000000000       0.0000000000000000          0
  54.767025      10.583526      -0.0000000000000000       0.0000000000000000          0
  57.892922      10.533375      -0.0000000000000000       0.0000000000000000          0
  61.018303      10.482915      -0.0000000000000000       0.0000000000000000          0
  64.143171      10.432299      -0.0000000000000000       0.0000000000000000          0
  67.267531      10.381675      -0.0000000000000000       0.0000000000000000          0
  70.391388      10.331195      -0.0000000000000000       0.0000000000000000          0
  73.514749      10.281008      -0.0000000000000000       0.0000000000000000          0
  76.637624      10.231264      -0.0000000000000000       0.0000000000000000        501
  79.760022      10.182110      -0.0000000000000000       0.0000000000000000        501
  82.881954      10.133692      -0.0000000000000000       0.0000000000000000          0
  86.003432      10.086154      -0.0000000000000000       0.0000000000000000          0
  89.124471      10.039636      -0.0000000000000000       0.0000000000000000          0
  92.245084       9.994277      -0.0000000000000000       0.0000000000000000          0
  95.365287       9.950210      -0.0000000000000000       0.0000000000000000          0
  98.485096       9.907567       0.0708085056333295      -0.0911376501243196      60302
  101.604528       9.866473       0.0181441955083827       0.0798634190241435      60402
  104.723601       9.827050      -0.0166725534467167       0.0803126582835047      60402
  107.842334       9.789415      -0.0514361146411546       0.0810632943221860        604
  110.960745       9.753679      -0.0000000000000000       0.0000000000000000        613
  114.078854       9.719948      -0.0000000000000000       0.0000000000000000        613
  117.196680       9.688320      -0.0000000000000000       0.0000000000000000        613
  120.314246       9.658891      -0.0000000000000000       0.0000000000000000          0
  123.431570       9.631746      -0.0000000000000000       0.0000000000000000          0
  126.548675       9.606966      -12.6030832267508510      -4.0241362733610879        678
  129.665582       9.584624      -0.0000000000000000       0.0000000000000000          0
  132.782313       9.564786      -0.0000000000000000       0.0000000000000000          0
  135.898889       9.547510      -0.0000000000000000       0.0000000000000000          0
  139.015332       9.532848      -0.0000000000000000       0.0000000000000000          0
  142.131666       9.520843      -0.0000000000000000       0.0000000000000000          0
  145.247912       9.511529      -0.0000000000000000       0.0000000000000000          0
  45.345196       8.123820      -1.2343730714538068       0.9900492934739169        709
  48.471939       8.075493      -1.2219205999211160       0.9994198231202223        709
  51.598292       8.026412      -0.0000000000000000       0.0000000000000000          0
  54.724255       7.976725      -0.0000000000000000       0.0000000000000000          0
  57.849830       7.926579      -0.0000000000000000       0.0000000000000000          0
  60.975017       7.876123      -0.0000000000000000       0.0000000000000000          0
  64.099820       7.825507      -0.0000000000000000       0.0000000000000000          0
  67.224243       7.774882      -0.0000000000000000       0.0000000000000000          0
  70.348292       7.724399      -0.0000000000000000       0.0000000000000000          0
  73.471974       7.674207      -0.0000000000000000       0.0000000000000000          0
  76.595296       7.624456      -0.0000000000000000       0.0000000000000000        501
  79.718266       7.575293      -0.0000000000000000       0.0000000000000000        502
  82.840894       7.526865      -0.0000000000000000       0.0000000000000000          0
  85.963190       7.479314      -0.0000000000000000       0.0000000000000000          0
  89.085165       7.432782      -0.0000000000000000       0.0000000000000000          0
  92.206831       7.387408      -0.0000000000000000       0.0000000000000000          0
  95.328200       7.343325      -0.0000000000000000       0.0000000000000000          0
  98.449284       7.300664       0.0013237900776317      -0.0002574139801016        647
  101.570096       7.259552       0.0009240126580999      -0.0002598891223863        647
  104.690651       7.220111      -0.0163048234568758       0.1103779103582819      60402
  107.810963       7.182457      -0.0510870169262068       0.1110401597122657      60402
  110.931045       7.146702      -0.0000000000000000       0.0000000000000000        613
  114.050913       7.112951      -0.0000000000000000       0.0000000000000000        613
  117.170580       7.081305      -0.0000000000000000       0.0000000000000000          0
  120.290063       7.051858      -0.0000000000000000       0.0000000000000000          0
  123.409376       7.024696      -0.0000000000000000       0.0000000000000000          0
  126.528535       6.999899      -0.0000000000000000       0.0000000000000000          0
  129.647555       6.977542      -0.0000000000000000       0.0000000000000000          0
  132.766452       6.957690      -0.0000000000000000       0.0000000000000000          0
  135.885240       6.940402      -0.0000000000000000       0.0000000000000000          0
  139.003937       6.925729      -0.0000000000000000       0.0000000000000000          0
  142.122556       6.913715      -0.0000000000000000       0.0000000000000000          0
  145.241115       6.904395      -0.0000000000000000       0.0000000000000000          0
  45.304683       5.516988      -1.2345103697587481       0.9864276575850153        709
  48.430730       5.468671      -1.2221084665378454       0.9927318587510479        709
  51.556512       5.419600      -0.0000000000000000       0.0000000000000000          0
  54.682028       5.369919      -0.0000000000000000       0.0000000000000000          0
  57.807280       5.319778      -0.0000000000000000       0.0000000000000000          0
  60.932272       5.269325      -0.0000000000000000       0.0000000000000000          0
  64.057008       5.218711      -0.0000000000000000       0.0000000000000000          0
  67.181490       5.168085      -0.0000000000000000       0.0000000000000000          0
  70.305726       5.117599      -0.0000000000000000       0.0000000000000000          0
  73.429721       5.067403      -0.0000000000000000       0.0000000000000000          0
  76.553480       5.017645      -0.0000000000000000       0.0000000000000000          0
  79.677013       4.968473      -0.0000000000000000       0.0000000000000000          0
  82.800325       4.920034      -0.0000000000000000       0.0000000000000000          0
  85.923426       4.872471      -0.0000000000000000       0.0000000000000000          0
  89.046324       4.825926      -0.0000000000000000       0.0000000000000000          0
  92.169027       4.780536      -0.0000000000000000       0.0000000000000000          0
  95.291545       4.736437       0.0017242965914741       0.0000778957417268      67352
  98.413886       4.693759       0.0013283041887199       0.0000764912965079      67301
  101.536061       4.652629       0.0009283894986361       0.0000767696611547        647
  104.658079       4.613170       0.0005257390333820       0.0000786778673780      64701
  107.779950       4.575497      -0.0507418874048857       0.1407897814814794      60402
  110.901683       4.539723      -0.0000000000000000       0.0000000000000000      61404
  114.023287       4.505953      -0.0000000000000000       0.0000000000000000          0
  117.144774       4.474289      -0.0000000000000000       0.0000000000000000          0
  120.266152       4.444824      -0.0000000000000000       0.0000000000000000          0
  123.387430       4.417644      -0.0000000000000000       0.0000000000000000          0
  126.508619       4.392832      -0.0000000000000000       0.0000000000000000          0
  129.629728       4.370460      -11.2217959364223120      -6.3681421760749073        678
  132.750766       4.350594      -0.0000000000000000       0.0000000000000000          0
  135.871742       4.333294      -0.0000000000000000       0.0000000000000000          0
  138.992666       4.318611      -0.0000000000000000       0.0000000000000000          0
  142.113546       4.306588      -0.0000000000000000       0.0000000000000000          0
  145.234392       4.297261      -0.0000000000000000       0.0000000000000000          0
  45.264524       2.910153      -1.2346458566332161       0.9808438270626672        709
  48.389880       2.861847      -0.0000000000000000       0.0000000000000000          0
  51.515091       2.812784      -0.0000000000000000       0.0000000000000000          0
  54.640160       2.763111      -0.0000000000000000       0.0000000000000000          0
  57.765090       2.712975      -0.0000000000000000       0.0000000000000000          0
  60.889886       2.662525      -0.0000000000000000       0.0000000000000000          0
  64.014550       2.611912      -0.0000000000000000       0.0000000000000000          0
  67.139088       2.561286      -0.0000000000000000       0.0000000000000000          0
  70.263506       2.510797      -0.0000000000000000       0.0000000000000000          0
  73.387807       2.460595      -0.0000000000000000       0.0000000000000000          0
  76.511998       2.410830      -0.0000000000000000       0.0000000000000000          0
  79.636085       2.361650      -0.0000000000000000       0.0000000000000000          0
  82.760074       2.313200      -0.0000000000000000       0.0000000000000000          0
  85.883970       2.265625      -0.0000000000000000       0.0000000000000000          0
  89.007780       2.219067      -0.0000000000000000       0.0000000000000000          0
  92.131510       2.173662      -0.0000000000000000       0.0000000000000000          0
  95.255165       2.129547      -0.0000000000000000       0.0000000000000000          0
  98.378753       2.086852       0.0013327841740059       0.0004101640825302      67352
  101.502278       2.045705       0.0009327336988836       0.0004132198160099      67301
  104.625745       2.006226       0.0005299192167354       0.0004169133289553      64701
  107.749162       1.968535      -0.0000000000000000       0.0000000000000000        614
  110.872532       1.932742      -0.0000000000000000       0.0000000000000000          0
  113.995860       1.898954      -0.0000000000000000       0.0000000000000000          0
  117.119151       1.867272      -0.0000000000000000       0.0000000000000000          0
  120.242409       1.837788      -0.0000000000000000       0.0000000000000000          0
  123.365638       1.810592      -0.0000000000000000       0.0000000000000000          0
  126.488842       1.785764      -0.0000000000000000       0.0000000000000000          0
  129.612025       1.763377      -0.0000000000000000       0.0000000000000000          0
  132.735189       1.743498      -0.0000000000000000       0.0000000000000000          0
  135.858337       1.726186      -0.0000000000000000       0.0000000000000000          0
  138.981473       1.711492      -0.0000000000000000       0.0000000000000000          0
  142.104598       1.699460      -0.0000000000000000       0.0000000000000000          0
  145.227715       1.690126      -0.0000000000000000       0.0000000000000000          0
  45.224550       0.303316      -0.0000000000000000       0.0000000000000000          0
  48.349214       0.255021      -0.0000000000000000       0.0000000000000000          0
  51.473855       0.205967      -0.0000000000000000       0.0000000000000000          0
  54.598476       0.156301      -0.0000000000000000       0.0000000000000000          0
  57.723082       0.106170      -0.0000000000000000       0.0000000000000000          0
  60.847678       0.055724      -0.0000000000000000       0.0000000000000000          0
  63.972269       0.005112      -0.0000000000000000       0.0000000000000000          0
  67.096859      -0.045515      -0.0000000000000000       0.0000000000000000          0
  70.221453      -0.096007      -0.0000000000000000       0.0000000000000000          0
  73.346057      -0.146214      -0.0000000000000000       0.0000000000000000          0
  76.470675      -0.195985      -0.0000000000000000       0.0000000000000000          0
  79.595311      -0.245174      -0.0000000000000000       0.0000000000000000          0
  82.719970      -0.293634      -0.0000000000000000       0.0000000000000000          0
  85.844655      -0.341221      -0.0000000000000000       0.0000000000000000          0
  88.969372      -0.387794      -0.0000000000000000       0.0000000000000000          0
  92.094122      -0.433213      -0.0000000000000000       0.0000000000000000          0
  95.218909      -0.477344      -0.0000000000000000       0.0000000000000000          0
  98.343736      -0.520056      -0.0000000000000000       0.0000000000000000          0
  101.468604      -0.561221       0.0009370634690993       0.0007487648739855      67301
  104.593515      -0.600717       0.0005340859191052       0.0007542588219756      64701
  107.718470      -0.638427       0.0001295143467518       0.0007593303663321      64701
  110.843470      -0.674239      -0.0000000000000000       0.0000000000000000        614
  113.968515      -0.708045      -0.0000000000000000       0.0000000000000000        614
  117.093603      -0.739746      -0.0000000000000000       0.0000000000000000      61405
  120.218735      -0.769247      -0.0000000000000000       0.0000000000000000          0
  123.343908      -0.796460      -0.0000000000000000       0.0000000000000000          0
  126.469121      -0.821305      -0.0000000000000000       0.0000000000000000          0
  129.594371      -0.843706      -0.0000000000000000       0.0000000000000000          0
  132.719655      -0.863599      -0.0000000000000000       0.0000000000000000          0
  135.844969      -0.880923      -0.0000000000000000       0.0000000000000000          0
  138.970310      -0.895627      -0.0000000000000000       0.0000000000000000          0
  142.095674      -0.907667      -0.0000000000000000       0.0000000000000000          0
  145.221056      -0.917008      -0.0000000000000000       0.0000000000000000          0
>