>anchorPlateId 301
>reconstructionTime 91
>DeformingMeshPoints.gpml lat_lon_velocity_domain_28_32.gpml
>MeshNode <identity>GPlates-b7a3af0e-8119-4abb-9ae6-39bb7e5702ce</identity> <revision>GPlates-7b04c5e6-7801-49f1-bcc4-23d6f4e5417f</revision>
> reconstructionPlateId 0
> validTime TimePeriod <begin> TimeInstant <timePosition>http://gplates.org/times/distantPast</timePosition></begin> <end> TimeInstant <timePosition>http://gplates.org/times/distantFuture</timePosition></end>
  38.091616      72.461218      -0.0000000000000000       0.0000000000000000        302
  41.120568      72.530363      -0.0000000000000000       0.0000000000000000        302
  44.160905      72.600999      -0.0000000000000000       0.0000000000000000        302
  47.212999      72.672933      -0.0000000000000000       0.0000000000000000        302
  50.277204      72.745966      -0.0000000000000000       0.0000000000000000        302
  53.353847      72.819892      -0.0000000000000000       0.0000000000000000        373
  56.443231      72.894502      -0.0000000000000000       0.0000000000000000        373
  59.545628      72.969582      -0.0000000000000000       0.0000000000000000        372
  62.661280      73.044912      -0.0000000000000000       0.0000000000000000        372
  65.790396      73.120271      -0.0000000000000000       0.0000000000000000        372
  68.933145      73.195433      -0.0000000000000000       0.0000000000000000        372
  72.089662      73.270171      -0.0000000000000000       0.0000000000000000        372
  75.260035      73.344257      -0.0000000000000000       0.0000000000000000        401
  78.444312      73.417459      -0.0000000000000000       0.0000000000000000        401
  81.642491      73.489548      -0.0000000000000000       0.0000000000000000        401
  84.854521      73.560293      -0.0000000000000000       0.0000000000000000        401
  88.080302      73.629467      -0.0000000000000000       0.0000000000000000        401
  91.319676      73.696842      -0.0000000000000000       0.0000000000000000        401
  94.572433      73.762195      -0.0000000000000000       0.0000000000000000        401
  97.838303      73.825308      -0.0000000000000000       0.0000000000000000        401
  101.116960      73.885966      -0.0000000000000000       0.0000000000000000        401
  104.408017      73.943960      -0.0000000000000000       0.0000000000000000        401
  107.711028      73.999090      -0.0000000000000000       0.0000000000000000        401
  111.025488      74.051161      -0.0000000000000000       0.0000000000000000        401
  114.350831      74.099988      -0.0000000000000000       0.0000000000000000          0
  117.686435      74.145398      -0.0000000000000000       0.0000000000000000          0
  121.031622      74.187224      -0.0000000000000000       0.0000000000000000          0
  124.385659      74.225316      -0.0000000000000000       0.0000000000000000          0
  127.747763      74.259532      -0.0000000000000000       0.0000000000000000          0
  131.117103      74.289746      -0.0000000000000000       0.0000000000000000          0
  134.492805      74.315846      -0.0000000000000000       0.0000000000000000          0
  137.873956      74.337733      -0.0000000000000000       0.0000000000000000          0
  141.259608      74.355326       0.1510765029795266       0.3509151569118402      42101
  38.657776      69.860463      -0.0000000000000000       0.0000000000000000        302
  41.701792      69.929905      -0.0000000000000000       0.0000000000000000        302
  44.755746      70.000808      -0.0000000000000000       0.0000000000000000        302
  47.819944      70.072974      -0.0000000000000000       0.0000000000000000        302
  50.894671      70.146202      -0.0000000000000000       0.0000000000000000        302
  53.980189      70.220283      -0.0000000000000000       0.0000000000000000        302
  57.076737      70.295006      -0.0000000000000000       0.0000000000000000        302
  60.184526      70.370155      -0.0000000000000000       0.0000000000000000        372
  63.303739      70.445509      -0.0000000000000000       0.0000000000000000        372
  66.434528      70.520846      -0.0000000000000000       0.0000000000000000        372
  69.577014      70.595940      -0.0000000000000000       0.0000000000000000        372
  72.731282      70.670564      -0.0000000000000000       0.0000000000000000        401
  75.897381      70.744490      -0.0000000000000000       0.0000000000000000        401
  79.075324      70.817489      -0.0000000000000000       0.0000000000000000        401
  82.265081      70.889333      -0.0000000000000000       0.0000000000000000        401
  85.466580      70.959794      -0.0000000000000000       0.0000000000000000        401
  88.679709      71.028647      -0.0000000000000000       0.0000000000000000        401
  91.904309      71.095669      -0.0000000000000000       0.0000000000000000        401
  95.140176      71.160642      -0.0000000000000000       0.0000000000000000        401
  98.387057      71.223350      -0.0000000000000000       0.0000000000000000        401
  101.644656      71.283585      -0.0000000000000000       0.0000000000000000        401
  104.912625      71.341144      -0.0000000000000000       0.0000000000000000        401
  108.190571      71.395830      -0.0000000000000000       0.0000000000000000        401
  111.478054      71.447455      -0.0000000000000000       0.0000000000000000        401
  114.774585      71.495842      -0.0000000000000000       0.0000000000000000        401
  118.079633      71.540822      -0.0000000000000000       0.0000000000000000        401
  121.392619      71.582235      -0.0000000000000000       0.0000000000000000        401
  124.712927      71.619935      -0.0000000000000000       0.0000000000000000        401
  128.039899      71.653788      -0.0000000000000000       0.0000000000000000      43102
  131.372841      71.683671      -0.0000000000000000       0.0000000000000000          0
  134.711025      71.709478      -0.0000000000000000       0.0000000000000000          0
  138.053695      71.731115      -0.0000000000000000       0.0000000000000000          0
  141.400068      71.748503      -0.0000000000000000       0.0000000000000000          0
  39.099117      67.258299      -0.0000000000000000       0.0000000000000000        302
  42.154458      67.327967      -0.0000000000000000       0.0000000000000000        302
  45.218577      67.399072      -0.0000000000000000       0.0000000000000000        302
  48.291731      67.471413      -0.0000000000000000       0.0000000000000000        302
  51.374156      67.544787      -0.0000000000000000       0.0000000000000000        302
  54.466068      67.618983      -0.0000000000000000       0.0000000000000000        302
  57.567660      67.693787      -0.0000000000000000       0.0000000000000000        302
  60.679101      67.768983      -0.0000000000000000       0.0000000000000000        302
  63.800534      67.844350      -0.0000000000000000       0.0000000000000000        302
  66.932075      67.919663      -0.0000000000000000       0.0000000000000000        302
  70.073810      67.994698      -0.0000000000000000       0.0000000000000000        401
  73.225797      68.069228      -0.0000000000000000       0.0000000000000000        401
  76.388059      68.143025      -0.0000000000000000       0.0000000000000000        401
  79.560589      68.215861      -0.0000000000000000       0.0000000000000000        401
  82.743342      68.287510      -0.0000000000000000       0.0000000000000000        401
  85.936240      68.357748      -0.0000000000000000       0.0000000000000000        401
  89.139165      68.426350      -0.0000000000000000       0.0000000000000000        401
  92.351966      68.493097      -0.0000000000000000       0.0000000000000000        401
  95.574448      68.557774      -0.0000000000000000       0.0000000000000000        401
  98.806380      68.620169      -0.0000000000000000       0.0000000000000000        401
  102.047491      68.680077      -0.0000000000000000       0.0000000000000000        401
  105.297471      68.737299      -0.0000000000000000       0.0000000000000000        401
  108.555969      68.791645      -0.0000000000000000       0.0000000000000000        401
  111.822599      68.842929      -0.0000000000000000       0.0000000000000000        401
  115.096932      68.890979      -0.0000000000000000       0.0000000000000000        401
  118.378506      68.935630      -0.0000000000000000       0.0000000000000000        401
  121.666823      68.976727      -0.0000000000000000       0.0000000000000000        401
  124.961350      69.014129      -0.0000000000000000       0.0000000000000000        401
  128.261524      69.047706      -0.0000000000000000       0.0000000000000000      43102
  131.566751      69.077338      -0.0000000000000000       0.0000000000000000      43101
  134.876413      69.102923       0.0347178883715504       0.1214064439123520      43202
  138.189866      69.124370       0.0952637417405553       0.1188750337300958      43202
  141.506448      69.141602       0.1555477304804427       0.1128778012019433      43200
  39.454100      64.655160      -0.0000000000000000       0.0000000000000000        302
  42.518284      64.725007      -0.0000000000000000       0.0000000000000000        302
  45.590293      64.796271      -0.0000000000000000       0.0000000000000000        302
  48.670346      64.868749      -0.0000000000000000       0.0000000000000000        302
  51.758644      64.942236      -0.0000000000000000       0.0000000000000000        302
  54.855367      65.016520      -0.0000000000000000       0.0000000000000000        302
  57.960676      65.091386      -0.0000000000000000       0.0000000000000000        302
  61.074709      65.166616      -0.0000000000000000       0.0000000000000000        302
  64.197581      65.241988      -0.0000000000000000       0.0000000000000000        390
  67.329383      65.317279      -0.0000000000000000       0.0000000000000000        468
  70.470178      65.392262      -0.0000000000000000       0.0000000000000000        401
  73.620004      65.466712      -0.0000000000000000       0.0000000000000000        401
  76.778870      65.540402      -0.0000000000000000       0.0000000000000000        401
  79.946756      65.613106      -0.0000000000000000       0.0000000000000000        401
  83.123611      65.684597      -0.0000000000000000       0.0000000000000000        401
  86.309353      65.754653      -0.0000000000000000       0.0000000000000000        401
  89.503869      65.823052      -0.0000000000000000       0.0000000000000000        401
  92.707012      65.889578      -0.0000000000000000       0.0000000000000000        401
  95.918603      65.954018      -0.0000000000000000       0.0000000000000000        401
  99.138429      66.016162      -0.0000000000000000       0.0000000000000000        401
  102.366244      66.075810      -0.0000000000000000       0.0000000000000000        401
  105.601768      66.132764      -0.0000000000000000       0.0000000000000000        401
  108.844689      66.186839      -0.0000000000000000       0.0000000000000000        401
  112.094661      66.237852      -0.0000000000000000       0.0000000000000000        401
  115.351307      66.285635      -0.0000000000000000       0.0000000000000000        401
  118.614221      66.330025      -0.0000000000000000       0.0000000000000000        401
  121.882964      66.370873      -0.0000000000000000       0.0000000000000000        401
  125.157072      66.408040      -0.0000000000000000       0.0000000000000000        401
  128.436055      66.441398      -0.0000000000000000       0.0000000000000000      43101
  131.719397      66.470833      -0.0000000000000000       0.0000000000000000      43101
  135.006562      66.496242      -0.0000000000000000       0.0000000000000000      43101
  138.296993      66.517539       0.0972170143123386      -0.0005881773783256      43202
  141.590119      66.534649       0.1570626774025608      -0.0065099107714064      43200
  39.746898      62.051319      -0.0000000000000000       0.0000000000000000        302
  42.818195      62.121312      -0.0000000000000000       0.0000000000000000        302
  45.896518      62.192704      -0.0000000000000000       0.0000000000000000        302
  48.982058      62.265293      -0.0000000000000000       0.0000000000000000        302
  52.074985      62.338870      -0.0000000000000000       0.0000000000000000        302
  55.175456      62.413224      -0.0000000000000000       0.0000000000000000        302
  58.283605      62.488138      -0.0000000000000000       0.0000000000000000        302
  61.399548      62.563393      -0.0000000000000000       0.0000000000000000        390
  64.523378      62.638767      -0.0000000000000000       0.0000000000000000        390
  67.655168      62.714037      -0.0000000000000000       0.0000000000000000        468
  70.794966      62.788976      -0.0000000000000000       0.0000000000000000        401
  73.942797      62.863358      -0.0000000000000000       0.0000000000000000        401
  77.098660      62.936958      -0.0000000000000000       0.0000000000000000        401
  80.262528      63.009550      -0.0000000000000000       0.0000000000000000        401
  83.434346      63.080910      -0.0000000000000000       0.0000000000000000        401
  86.614035      63.150815      -0.0000000000000000       0.0000000000000000        401
  89.801485      63.219047      -0.0000000000000000       0.0000000000000000        401
  92.996558      63.285391      -0.0000000000000000       0.0000000000000000        401
  96.199088      63.349635      -0.0000000000000000       0.0000000000000000        401
  99.408880      63.411574      -0.0000000000000000       0.0000000000000000        401
  102.625710      63.471007      -0.0000000000000000       0.0000000000000000        401
  105.849324      63.527743      -0.0000000000000000       0.0000000000000000        401
  109.079442      63.581596      -0.0000000000000000       0.0000000000000000        401
  112.315755      63.632388      -0.0000000000000000       0.0000000000000000        401
  115.557926      63.679953      -0.0000000000000000       0.0000000000000000        401
  118.805594      63.724132      -0.0000000000000000       0.0000000000000000        401
  122.058371      63.764777      -0.0000000000000000       0.0000000000000000        401
  125.315847      63.801752      -0.0000000000000000       0.0000000000000000        401
  128.577589      63.834933      -0.0000000000000000       0.0000000000000000        401
  131.843145      63.864207      -0.0000000000000000       0.0000000000000000        401
  135.112043      63.889474      -0.0000000000000000       0.0000000000000000      43101
  138.383796      63.910650      -0.0000000000000000       0.0000000000000000      43101
  141.657903      63.927661      -0.0000000000000000       0.0000000000000000      43101
  39.993460      59.446956      -0.0000000000000000       0.0000000000000000        302
  43.070620      59.517070      -0.0000000000000000       0.0000000000000000        302
  46.154126      59.588569      -0.0000000000000000       0.0000000000000000        302
  49.244142      59.661250      -0.0000000000000000       0.0000000000000000        302
  52.340819      59.734902      -0.0000000000000000       0.0000000000000000        302
  55.444291      59.809312      -0.0000000000000000       0.0000000000000000        302
  58.554674      59.884265      -0.0000000000000000       0.0000000000000000        302
  61.672066      59.959539      -0.0000000000000000       0.0000000000000000        390
  64.796544      60.034913      -0.0000000000000000       0.0000000000000000        390
  67.928169      60.110162      -0.0000000000000000       0.0000000000000000        468
  71.066975      60.185062      -0.0000000000000000       0.0000000000000000        401
  74.212980      60.259386      -0.0000000000000000       0.0000000000000000        401
  77.366175      60.332909      -0.0000000000000000       0.0000000000000000        401
  80.526531      60.405406      -0.0000000000000000       0.0000000000000000        401
  83.693992      60.476654      -0.0000000000000000       0.0000000000000000        401
  86.868481      60.546432      -0.0000000000000000       0.0000000000000000        401
  90.049894      60.614523      -0.0000000000000000       0.0000000000000000        401
  93.238102      60.680713      -0.0000000000000000       0.0000000000000000        401
  96.432951      60.744793      -0.0000000000000000       0.0000000000000000        401
  99.634262      60.806559      -0.0000000000000000       0.0000000000000000        401
  102.841832      60.865814      -0.0000000000000000       0.0000000000000000        401
  106.055429      60.922366      -0.0000000000000000       0.0000000000000000        401
  109.274800      60.976034      -0.0000000000000000       0.0000000000000000        401
  112.499667      61.026642      -0.0000000000000000       0.0000000000000000        401
  115.729729      61.074025      -0.0000000000000000       0.0000000000000000        401
  118.964660      61.118027      -0.0000000000000000       0.0000000000000000        401
  122.204116      61.158503      -0.0000000000000000       0.0000000000000000        401
  125.447731      61.195319      -0.0000000000000000       0.0000000000000000        401
  128.695119      61.228352      -0.0000000000000000       0.0000000000000000        401
  131.945879      61.257493      -0.0000000000000000       0.0000000000000000        401
  135.199594      61.282642      -0.0000000000000000       0.0000000000000000        401
  138.455830      61.303717      -0.0000000000000000       0.0000000000000000      43101
  141.714146      61.320646      -0.0000000000000000       0.0000000000000000      43400
  40.204739      56.842195      -0.0000000000000000       0.0000000000000000        302
  43.286832      56.912412      -0.0000000000000000       0.0000000000000000        302
  46.374679      56.984002      -0.0000000000000000       0.0000000000000000        302
  49.468427      57.056759      -0.0000000000000000       0.0000000000000000        302
  52.568209      57.130474      -0.0000000000000000       0.0000000000000000        302
  55.674141      57.204932      -0.0000000000000000       0.0000000000000000        302
  58.786325      57.279915      -0.0000000000000000       0.0000000000000000        302
  61.904844      57.355205      -0.0000000000000000       0.0000000000000000        390
  65.029764      57.430577      -0.0000000000000000       0.0000000000000000        468
  68.161133      57.505808      -0.0000000000000000       0.0000000000000000        468
  71.298981      57.580673      -0.0000000000000000       0.0000000000000000        468
  74.443316      57.654946      -0.0000000000000000       0.0000000000000000        401
  77.594128      57.728402      -0.0000000000000000       0.0000000000000000        401
  80.751383      57.800817      -0.0000000000000000       0.0000000000000000        401
  83.915029      57.871968      -0.0000000000000000       0.0000000000000000        401
  87.084990      57.941637      -0.0000000000000000       0.0000000000000000        401
  90.261168      58.009607      -0.0000000000000000       0.0000000000000000        401
  93.443445      58.075666      -0.0000000000000000       0.0000000000000000        401
  96.631678      58.139605      -0.0000000000000000       0.0000000000000000        401
  99.825701      58.201224      -0.0000000000000000       0.0000000000000000        401
  103.025329      58.260326      -0.0000000000000000       0.0000000000000000        401
  106.230353      58.316722      -0.0000000000000000       0.0000000000000000        401
  109.440541      58.370232      -0.0000000000000000       0.0000000000000000        401
  112.655642      58.420683      -0.0000000000000000       0.0000000000000000        401
  115.875385      58.467912      -0.0000000000000000       0.0000000000000000          0
  119.099476      58.511764      -0.0000000000000000       0.0000000000000000        401
  122.327606      58.552097      -0.0000000000000000       0.0000000000000000        401
  125.559447      58.588777      -0.0000000000000000       0.0000000000000000        401
  128.794653      58.621686      -0.0000000000000000       0.0000000000000000        401
  132.032865      58.650713      -0.0000000000000000       0.0000000000000000        401
  135.273709      58.675763      -0.0000000000000000       0.0000000000000000        401
  138.516802      58.696752      -0.0000000000000000       0.0000000000000000      43400
  141.761745      58.713612      -0.0000000000000000       0.0000000000000000      43400
  40.388509      54.237124      -0.0000000000000000       0.0000000000000000        302
  43.474821      54.307430      -0.0000000000000000       0.0000000000000000        302
  46.566371      54.379097      -0.0000000000000000       0.0000000000000000        302
  49.663287      54.451920      -0.0000000000000000       0.0000000000000000        302
  52.765689      54.525688      -0.0000000000000000       0.0000000000000000        302
  55.873677      54.600186      -0.0000000000000000       0.0000000000000000        302
  58.987342      54.675197      -0.0000000000000000       0.0000000000000000        302
  62.106756      54.750498      -0.0000000000000000       0.0000000000000000        390
  65.231975      54.825868      -0.0000000000000000       0.0000000000000000        468
  68.363040      54.901082      -0.0000000000000000       0.0000000000000000        468
  71.499973      54.975916      -0.0000000000000000       0.0000000000000000        468
  74.642779      55.050143      -0.0000000000000000       0.0000000000000000        468
  77.791444      55.123540      -0.0005830985851856      -0.0001608803197078          0
  80.945936      55.195883      -0.0324403417286808      -0.0076322478216342          0
  84.106202      55.266951      -0.0530669678974497      -0.0103636448236807          0
  87.272172      55.336525      -0.0595283211105199      -0.0092817951352021          0
  90.443754      55.404389      -0.0527964769638973      -0.0061761751966538          0
  93.620837      55.470333      -0.0308697061048257      -0.0024248009902033          0
  96.803289      55.534151      -0.0000000000000000       0.0000000000000000        401
  99.990960      55.595641      -0.0000000000000000       0.0000000000000000        401
  103.183678      55.654611      -0.0000000000000000       0.0000000000000000        401
  106.381252      55.710872      -0.0000000000000000       0.0000000000000000        401
  109.583473      55.764246      -0.0000000000000000       0.0000000000000000          0
  112.790112      55.814561      -0.0021635862061046       0.0593213838316471          0
  116.000922      55.861656       0.0023353035742348       0.1269708679255790          0
  119.215640      55.905379       0.0147618156978983       0.1732925811940807          0
  122.433985      55.945588       0.0343664156316678       0.2036932808707461          0
  125.655661      55.982152       0.0586375330842042       0.2238256253337851          0
  128.880358      56.014953       0.0853252208883390       0.2329241534906726          0
  132.107752      56.043883       0.1130156010989757       0.2328352019874629          0
  135.337507      56.068847       0.1414533431067685       0.2342127580744389          0
  138.569278      56.089763       0.1642645493393028       0.2386067023973596          0
  141.802709      56.106562       0.1671306807474534       0.2208280929777810          0
  40.550439      51.631807      -0.0000000000000000       0.0000000000000000        302
  43.640417      51.702190      -0.0000000000000000       0.0000000000000000        302
  46.735171      51.773925      -0.0000000000000000       0.0000000000000000        302
  49.834819      51.846805      -0.0000000000000000       0.0000000000000000        302
  52.939466      51.920620      -0.0000000000000000       0.0000000000000000        302
  56.049202      51.995153      -0.0000000000000000       0.0000000000000000        302
  59.164107      52.070185      -0.0000000000000000       0.0000000000000000        302
  62.284244      52.145497      -0.0000000000000000       0.0000000000000000        390
  65.409662      52.220864      -0.0000000000000000       0.0000000000000000        465
  68.540395      52.296063      -0.0000000000000000       0.0000000000000000        458
  71.676460      52.370868      -0.0000000000000000       0.0000000000000000        459
  74.817860      52.445055      -0.0273521239783864      -0.0085227224954683          0
  77.964579      52.518399      -0.0926865259099466      -0.0251107869284907          0
  81.116585      52.590678      -0.1378765999069305      -0.0318358252688368          0
  84.273828      52.661672      -0.1625885506705432      -0.0311396199935353          0
  87.436242      52.731161      -0.1688177151756569      -0.0257786966873328          0
  90.603740      52.798932      -0.1585548759234537      -0.0181391438721998          0
  93.776220      52.864776      -0.1328650599632063      -0.0101846792108833          0
  96.953561      52.928486      -0.0903913025993383      -0.0035742520621110          0
  100.135623      52.989865      -0.0321461832422745      -0.0000908113947771          0
  103.322250      53.048718      -0.0000000000000000       0.0000000000000000        401
  106.513267      53.104861      -0.0050760418314476       0.0257792207070802          0
  109.708483      53.158115      -0.0172496339630922       0.1588031990054986          0
  112.907690      53.208311      -0.0120154370016706       0.2677018048296643          0
  116.110664      53.255289       0.0068799642205244       0.3433449294092463          0
  119.317165      53.298899       0.0373419251071898       0.3952397691088613          0
  122.526939      53.338999       0.0755487077391216       0.4300029956184812          0
  125.739717      53.375462       0.1197261918352075       0.4541372806403362          0
  128.955220      53.408169       0.1682335405393380       0.4693366539797192          0
  132.173154      53.437013       0.2221854539695322       0.4799017310990335          0
  135.393217      53.461902       0.2841318931205074       0.4930782699434450          0
  138.615097      53.482753       0.3559714802612469       0.5200765781701543          0
  141.838472      53.499500       0.4404104919441346       0.5785686692845711          0
  40.694767      49.026291      -0.0000000000000000       0.0000000000000000        302
  43.787968      49.096742      -0.0000000000000000       0.0000000000000000        302
  46.885534      49.168537      -0.0000000000000000       0.0000000000000000        302
  49.987569      49.241469      -0.0000000000000000       0.0000000000000000        302
  53.094168      49.315324      -0.0000000000000000       0.0000000000000000        302
  56.205412      49.389887      -0.0000000000000000       0.0000000000000000        302
  59.321371      49.464938      -0.0000000000000000       0.0000000000000000        302
  62.442101      49.540258      -0.0000000000000000       0.0000000000000000        465
  65.567645      49.615622      -0.0000000000000000       0.0000000000000000        458
  68.698032      49.690806      -0.0000000000000000       0.0000000000000000        459
  71.833276      49.765586      -0.0220445171081094      -0.0076694753729088          0
  74.973376      49.839737      -0.1259764800385509      -0.0386912993465437          0
  78.118318      49.913034      -0.2045716671905459      -0.0546060363781971          0
  81.268069      49.985256      -0.2576888138202608      -0.0585818747789556          0
  84.422582      50.056182      -0.2860879766556440      -0.0538896739036023          0
  87.581795      50.125597      -0.2916961755079403      -0.0437692709772754          0
  90.745629      50.193285      -0.2772594982012763      -0.0311972072747385          0
  93.913986      50.259039      -0.2483137879210340      -0.0037961858002031          0
  97.086757      50.322654      -0.2075175503052340       0.0559761169113973          0
  100.263813      50.383932      -0.1559696064799021       0.1367106356982726          0
  103.445010      50.442682      -0.1049018811143146       0.2454270133686462          0
  106.630189      50.498719      -0.0742623009061920       0.3591244226825186          0
  109.819174      50.551868      -0.0543932194479557       0.4406813380898266          0
  113.011777      50.601958      -0.0277952886146182       0.5232116742338899          0
  116.207792      50.648833       0.0099720516322110       0.5872848022886034          0
  119.407002      50.692342       0.0582381187495941       0.6346751332442017          0
  122.609176      50.732347       0.1140124829316170       0.6660014383209096          0
  125.814071      50.768719       0.1760354482113850       0.6851590237417731          0
  129.021430      50.801343       0.2431079747276175       0.6952335416895483          0
  132.230991      50.830112       0.3169050480272094       0.7013260764873006          0
  135.442477      50.854934       0.4020367736896653       0.7121749022990480          0
  138.655606      50.875729       0.5069281864424183       0.7486467556473710          0
  141.870089      50.892430       0.6573782569908665       0.8605215991258461          0
  40.824722      46.420613      -0.0000000000000000       0.0000000000000000        301
  43.920792      46.491126      -0.0000000000000000       0.0000000000000000        301
  47.020852      46.562974      -0.0000000000000000       0.0000000000000000        302
  50.124999      46.635951      -0.0000000000000000       0.0000000000000000        302
  53.233315      46.709842      -0.0000000000000000       0.0000000000000000        302
  56.345876      46.784431      -0.0000000000000000       0.0000000000000000        302
  59.462743      46.859500      -0.0000000000000000       0.0000000000000000        302
  62.583966      46.934827      -0.0000000000000000       0.0000000000000000        466
  65.709583      47.010187      -0.0000000000000000       0.0000000000000000        458
  68.839619      47.085358      -0.0000000000000000       0.0000000000000000        459
  71.974084      47.160114      -0.1177839308156352      -0.0404768829429214          0
  75.112979      47.234231      -0.2395448711929686      -0.0727156335428358          0
  78.256285      47.307486      -0.3317085130478876      -0.0874921991524346          0
  81.403975      47.379656      -0.3928397146306619      -0.0881715430550533          0
  84.556003      47.450523      -0.4231516962795353      -0.0786157581266900          0
  87.712310      47.519869      -0.4254408335391511      -0.0629333014998923          0
  90.872823      47.587483      -0.4054579582861030      -0.0394439774483748          0
  94.037453      47.653156      -0.3756369122904245       0.0358680343937937          0
  97.206098      47.716685      -0.3341059921978450       0.1579475193961670          0
  100.378640      47.777873      -0.2799399222094076       0.3181279858725611          0
  103.554948      47.836531      -0.2179444559790938       0.5046119002099324          0
  106.734875      47.892473      -0.1545584191272489       0.6644008557256006          0
  109.918260      47.945526      -0.0987395462677052       0.7447506057386950          0
  113.104932      47.995523      -0.0479845455609930       0.8017092497027171          0
  116.294703      48.042305       0.0095066738764711       0.8489236582776291          0
  119.487376      48.085724       0.0753527368253944       0.8854016956487416          0
  122.682738      48.125643       0.1477401066431068       0.9072972557595096          0
  125.880570      48.161934       0.2257442164274496       0.9151050209066591          0
  129.080639      48.194483       0.3087907541978246       0.9124150318304301          0
  132.282705      48.223185       0.3979952508595004       0.9007836482213105          0
  135.486518      48.247947       0.4972617453850033       0.8894685929706336          0
  138.691821      48.268692       0.6158693846747763       0.9051322912212544          0
  141.898352      48.285351      -0.0000000000000000       0.0000000000000000          0
  40.942814      43.814802      -0.0000000000000000       0.0000000000000000        301
  44.041462      43.885369      -0.0000000000000000       0.0000000000000000        301
  47.143760      43.957266      -0.0000000000000000       0.0000000000000000        301
  50.249793      44.030283      -0.0000000000000000       0.0000000000000000        301
  53.359639      44.104207      -0.0000000000000000       0.0000000000000000        301
  56.473363      44.178820      -0.0000000000000000       0.0000000000000000        301
  59.591022      44.253904      -0.0000000000000000       0.0000000000000000        390
  62.712659      44.329236      -0.0000000000000000       0.0000000000000000        467
  65.838309      44.404594      -0.0000000000000000       0.0000000000000000        466
  68.967992      44.479752      -0.0617571827952104      -0.0234488460757653          0
  72.101720      44.554486      -0.2331877854427188      -0.0793235273127246          0
  75.239488      44.628573      -0.3725744069502072      -0.1120487880452477          0
  78.381281      44.701788      -0.4772311979312021      -0.1247229310626598          0
  81.527072      44.773911      -0.5444781274647601      -0.1209642015979844          0
  84.676818      44.844723      -0.5727764632304234      -0.1052029364157312          0
  87.830465      44.914007      -0.5665596211068025      -0.0828360642057121          0
  90.987944      44.981553      -0.5367900107447468      -0.0481809797668152          0
  94.149175      45.047153      -0.5029494053106879       0.0754689683878485          0
  97.314063      45.110604      -0.4604502499659268       0.2716233438149077          0
  100.482499      45.171711      -0.4026884687412581       0.5142117285978152          0
  103.654363      45.230284      -0.3273292502299866       0.7755631717286395          0
  106.829521      45.286141      -0.2378452967117165       0.9822472414199248          0
  110.007827      45.339108      -0.1511528411106757       1.0660027405585000          0
  113.189122      45.389019      -0.0727216674186050       1.0923222810213526          0
  116.373237      45.435717       0.0060430187078651       1.1185391705916059          0
  119.559990      45.479055       0.0882455508357999       1.1404220977884405          0
  122.749189      45.518896       0.1760600982303871       1.1522305500904033          0
  125.940633      45.555115       0.2686126134353023       1.1474027781997265          0
  129.134111      45.587596       0.3650596214490454       1.1240181098084812          0
  132.329404      45.616237       0.4653458328411583       1.0776269081340131          0
  135.526284      45.640946       0.5692789103741485       1.0158018894935259          0
  138.724518      45.661644      -0.0000000000000000       0.0000000000000000          0
  141.923868      45.678266       0.5729263944392291       0.3818374222970384        625
  41.051024      41.208878      -0.0000000000000000       0.0000000000000000        526
  44.152011      41.279497      -0.0000000000000000       0.0000000000000000        526
  47.256334      41.351438      -0.0000000000000000       0.0000000000000000        301
  50.364070      41.424491      -0.0000000000000000       0.0000000000000000        301
  53.475290      41.498444      -0.0000000000000000       0.0000000000000000        301
  56.590052      41.573079      -0.0000000000000000       0.0000000000000000        301
  59.708407      41.648176      -0.0000000000000000       0.0000000000000000        301
  62.830396      41.723514      -0.0000000000000000       0.0000000000000000        467
  65.956048      41.798868      -0.0000000000000000       0.0000000000000000        467
  69.085383      41.874014      -0.4232501877191530       0.0066428388030951          0
  72.218408      41.948728      -0.5961993130722849      -0.0562874131639544          0
  75.355119      42.022786      -0.5434106330043336      -0.1599714414230304          0
  78.495503      42.095966      -0.6516410194968747      -0.1691883702685429          0
  81.639533      42.168045      -0.6882078912394891      -0.1520097121019057        580
  84.787169      42.238806      -0.6914517217877599      -0.1264879468522973        580
  87.938362      42.308034      -0.6926093794700869      -0.1007887121040075        580
  91.093049      42.375518      -0.6616338062489178      -0.0726879023636814          0
  94.251154      42.441050      -0.6514804332713009       0.1192826279057294          0
  97.412592      42.504430      -0.7107703389045981       0.4418815242782657          0
  100.577262      42.565463      -0.6560406718952097       0.7486582773694201          0
  103.745054      42.623959      -0.5104382879986356       1.0439414076131204          0
  106.915847      42.679738      -0.3288151164728203       1.3372427611322955          0
  110.089505      42.732626      -0.2118526449329406       1.4035253928431111          0
  113.265885      42.782459      -0.1060054401757225       1.4014396187968983          0
  116.444831      42.829080      -0.0019257686077791       1.3981697071452408          0
  119.626179      42.872344       0.0987864845621452       1.3948812382212865          0
  122.809752      42.912114       0.1998935714456630       1.3921517206914562          0
  125.995368      42.948267       0.3050412360985824       1.3851670218404935          0
  129.182834      42.980686       0.4144403342149754       1.3504817605503607          0
  132.371950      43.009272       0.5184031755992231       1.2372104874686030          0
  135.562511      43.033932       0.5866670288107535       0.9249199905121405          0
  138.754304      43.054588      -0.0000000000000000       0.0000000000000000          0
  141.947110      43.071176       0.5715942889794384       0.6128464351413279        625
  41.150940      38.602862      -2.3448326219422322      -0.0476554160998742        503
  44.254066      38.673526      -0.0000000000000000       0.0000000000000000        526
  47.360237      38.745508      -0.0000000000000000       0.0000000000000000        526
  50.469523      38.818595      -0.0000000000000000       0.0000000000000000        301
  53.581988      38.892575      -0.0000000000000000       0.0000000000000000        301
  56.697685      38.967229      -0.0000000000000000       0.0000000000000000        301
  59.816661      39.042339      -0.0000000000000000       0.0000000000000000        301
  62.938950      39.117680      -0.0000000000000000       0.0000000000000000        301
  66.064581      39.193031      -0.0000000000000000       0.0000000000000000        467
  69.193570      39.268166      -1.4021711800212029       0.1997292673756526          0
  72.325924      39.342861      -1.9335796401275587       0.2516647424849108          0
  75.461640      39.416893      -0.6758187336648607      -0.2001313471454513        580
  78.600703      39.490039      -0.6831059532659323      -0.1764923195822609        580
  81.743089      39.562078      -0.6883477170255314      -0.1525361411495289        580
  84.888762      39.632793      -0.6915216993786726      -0.1283355688938504        580
  88.037676      39.701968      -0.6926118201311262      -0.1039652452077130        580
  91.189772      39.769394      -0.7419946842718777      -0.0551360252577655          0
  94.344983      39.834865      -1.2039516652529059       0.3587810032399986          0
  97.503229      39.898179      -1.2297934416044498       0.7001118404018200          0
  100.664419      39.959143      -1.0644581235489294       0.9700358747633426          0
  103.828452      40.017568      -0.7794540246737022       1.1882079881787597          0
  106.995217      40.073275      -0.4598584109266732       1.3395714667200846          0
  110.164590      40.126091      -0.2047520850265909       1.3472131108027814          0
  113.336441      40.175852      -0.1001368147919042       1.3622439382022660          0
  116.510628      40.222402       0.0049712615464618       1.3776355764675503          0
  119.686999      40.265598       0.1108707860748716       1.3906495028220944          0
  122.865396      40.305303       0.2178555001423619       1.3922066610115127          0
  126.045651      40.341394       0.3247025979702332       1.3686363094370122          0
  129.227590      40.373758       0.4286194448427597       1.3108213315455244          0
  132.411030      40.402292       0.5248063904560884       1.2000678479400135          0
  135.595784      40.426907      -0.0000000000000000       0.0000000000000000          0
  138.781658      40.447525      -0.0000000000000000       0.0000000000000000          0
  141.968455      40.464082       0.5703708773266158       0.8426152110351495        625
  41.243848      35.996766      -2.3502347102326309       0.1468438488561955        503
  44.348946      36.067474      -2.5271367487091410       0.2194615762679164        503
  47.456817      36.139492      -0.0000000000000000       0.0000000000000000        505
  50.567526      36.212611      -0.0000000000000000       0.0000000000000000        505
  53.681129      36.286615      -0.0000000000000000       0.0000000000000000        505
  56.797675      36.361288      -0.0000000000000000       0.0000000000000000        505
  59.917207      36.436408      -0.0000000000000000       0.0000000000000000        301
  63.039756      36.511753      -0.0000000000000000       0.0000000000000000        301
  66.165347      36.587100      -0.0000000000000000       0.0000000000000000        301
  69.293995      36.662225      -2.6210973453443902       0.5108112203303319          0
  72.425707      36.736903      -3.6081103838933450       0.7512929778873529        501
  75.560479      36.810910      -3.1359765827014954       0.6690283634340084          0
  78.698297      36.884024      -1.4279009896829167       0.1242243953086805          0
  81.839139      36.956026      -0.6884753982805753      -0.1528883879361935        580
  84.982973      37.026697      -1.0687738681463301       0.0558753392200406          0
  88.129756      37.095824      -1.3985526774481238       0.2573806844314005          0
  91.279435      37.163196      -1.7267804025214872       0.4482131285645025          0
  94.431948      37.228609      -2.1048810570817871       0.7655693916786504          0
  97.587221      37.291862      -2.0358400525292533       1.0310496343264037          0
  100.745173      37.352762      -1.6313661955324885       1.1807840208243230          0
  103.905710      37.411122      -1.0844694584460643       1.2326791492663585          0
  107.068732      37.466762      -0.5297649130417235       1.2005756429448424          0
  110.234127      37.519511      -0.1689555848801655       1.1224987640562463          0
  113.401774      37.569205      -0.0714841118571057       1.1410329333550544          0
  116.571545      37.615690       0.0261256479593476       1.1645530667027504          0
  119.743303      37.658822       0.1255140390426117       1.1812859565727862          0
  122.916902      37.698468       0.2265369936633678       1.1720498791927045          0
  126.092191      37.734502       0.3266869872647642       1.1316227394760205          0
  129.269010      37.766813       0.4226134656309526       1.0512973681233944          0
  132.447194      37.795300       0.5060778667296295       0.8691489465477027          0
  135.626572      37.819873      -0.0000000000000000       0.0000000000000000          0
  138.806969      37.840456      -0.0000000000000000       0.0000000000000000          0
  141.988203      37.856984       0.5692388771748309       1.0706647306035149        627
  41.330808      33.390604      -2.3552853831330571       0.3406344734606141        503
  44.437737      33.461351      -2.5320886125103317       0.4085197606120977        503
  47.547184      33.533404      -2.7015821999058174       0.4818382443693684        503
  50.659207      33.606552      -0.0000000000000000       0.0000000000000000        505
  53.773858      33.680579      -0.0000000000000000       0.0000000000000000        505
  56.891182      33.755268      -0.0000000000000000       0.0000000000000000        505
  60.011216      33.830398      -0.0000000000000000       0.0000000000000000        505
  63.133990      33.905747      -0.0000000000000000       0.0000000000000000        506
  66.259526      33.981091      -0.0000000000000000       0.0000000000000000      50601
  69.387839      34.056205      -0.0000000000000000       0.0000000000000000      50601
  72.518933      34.130866      -3.6123510649723003       0.9273466129881618        501
  75.652805      34.204850      -3.7492714558413187       1.0356780027852546        501
  78.789444      34.277935      -3.8750838713063969       1.1486433514766972        501
  81.928829      34.349901      -2.6404356672388980       0.7481297753391303          0
  85.070930      34.420532      -2.5126433401090962       0.7641915603930438          0
  88.215709      34.489613      -2.5648673339584258       0.8561461907656209          0
  91.363117      34.556935      -2.7475785384815183       0.9931949781609978          0
  94.513097      34.622294      -3.0853964234823605       1.2275779587081694          0
  97.665584      34.685490      -3.0032316314499337       1.4364365831394461          0
  100.820503      34.746331      -2.2248646582466041       1.3995947183217181          0
  103.977769      34.804629      -1.2823115310774618       1.2294796440174773          0
  107.137290      34.860207      -0.4494546167118035       0.9933434777757287          0
  110.298965      34.912893      -0.1339604040100870       0.8965412348304882          0
  113.462685      34.962524      -0.0441611675463786       0.9222938192856935          0
  116.628333      35.008949       0.0459854174792556       0.9561824204525374          0
  119.795784      35.052022       0.1390888699153754       0.9781019509099478          0
  122.964907      35.091611       0.2344702367977709       0.9672109356832074          0
  126.135563      35.127593       0.3288929135444982       0.9303549202901380          0
  129.307608      35.159855       0.4195647375433362       0.8566415970848269          0
  132.480891      35.188298      -0.0000000000000000       0.0000000000000000          0
  135.655258      35.212832      -0.0000000000000000       0.0000000000000000          0
  138.830550      35.233382      -0.0000000000000000       0.0000000000000000          0
  142.006602      35.249883      -0.0000000000000000       0.0000000000000000          0
  41.412703      30.784384      -2.3600368542244441       0.5333505967887069        503
  44.521343      30.855169      -2.5367456839567097       0.5963258830626583        503
  47.632259      30.927254      -2.7061099686148249       0.6643720764299904        503
  50.745504      31.000429      -2.8676162785577630       0.7373376148573745        503
  53.861127      31.074478      -0.0000000000000000       0.0000000000000000        505
  56.979167      31.149182      -0.0000000000000000       0.0000000000000000        505
  60.099659      31.224322      -0.0000000000000000       0.0000000000000000        505
  63.222630      31.299673      -0.0000000000000000       0.0000000000000000      50601
  66.348099      31.375014      -0.0000000000000000       0.0000000000000000      50601
  69.476081      31.450118      -3.4690651482982733       1.0046944938946027        501
  72.606579      31.524763      -3.6163291859603683       1.1008636654697375        501
  75.739591      31.598725      -3.7529053923372668       1.2016521312177484        501
  78.875107      31.671782      -3.8783585928004491       1.3067852207899622        501
  82.013107      31.743715      -3.9922851771133328       1.4159691303671877        501
  85.153566      31.814308      -3.9515484325735182       1.4720683800666934          0
  88.296448      31.883346      -3.6890200364736598       1.4439802495091190          0
  91.441711      31.950621      -3.7188708004728799       1.5297814828183787          0
  94.589301      32.015929      -3.9823742581993717       1.7275813049849604          0
  97.739161      32.079071      -4.3711994090739044       2.0088766116008006          0
  100.891221      32.139855      -2.6161106715453046       1.5347337289876086          0
  104.045407      32.198096      -1.0850095327590108       1.0405239170151281          0
  107.201634      32.253615      -0.1987908923143201       0.7132918486594195          0
  110.359810      32.306242      -0.1110272373796986       0.7174448664558526          0
  113.519838      32.355815      -0.0217543747858927       0.7233495352813775          0
  116.681611      32.402182       0.0638020919842102       0.7564386901556045          0
  119.845017      32.445200       0.1509728555724821       0.7873036591518008          0
  123.009935      32.484737       0.2414259307521310       0.7814694951846376          0
  126.176242      32.520669       0.3311425209418877       0.7564859216276714          0
  129.343806      32.552885       0.4185940416239261       0.7119368497740424          0
  132.512492      32.581287      -0.0000000000000000       0.0000000000000000          0
  135.682158      32.605785      -0.0000000000000000       0.0000000000000000          0
  138.852661      32.626304      -0.0000000000000000       0.0000000000000000          0
  142.023853      32.642779      -0.0000000000000000       0.0000000000000000          0
  41.490273      28.178115      -2.3645329829545596       0.7246225451856352        503
  44.600521      28.248935      -2.5411511943899483       0.7825235616399873        503
  47.712816      28.321052      -2.7103918384704913       0.8451238017050315        503
  50.827207      28.394252      -2.8717428265887674       0.9122865627749199        503
  53.943736      28.468321      -3.0247129508697173       0.9838591859061989        503
  57.062441      28.543040      -0.0000000000000000       0.0000000000000000        505
  60.183353      28.618188      -0.0000000000000000       0.0000000000000000        505
  63.306495      28.693542      -0.0000000000000000       0.0000000000000000      50601
  66.431888      28.768879      -0.0000000000000000       0.0000000000000000      50601
  69.559542      28.843974      -3.4731276867163032       1.1828185170040297        501
  72.689463      28.918604      -3.6200834181731718       1.2715360391587014        501
  75.821648      28.992545      -3.7563334447003651       1.3645562735622849        501
  78.956089      29.065576      -3.8814464486525875       1.4616267470931921        501
  82.092769      29.137477      -3.9950228698458310       1.5624768825916648        501
  85.231663      29.208033      -4.0966964170790581       1.6668185527340684        501
  88.372742      29.277030      -4.1861354990638819       1.7743467607311185        501
  91.515965      29.344260      -4.2630445664427903       1.8847404489065547        501
  94.661288      29.409520      -4.3271653565051968       1.9976634349087639        501
  97.808655      29.472612      -4.5047707917986255       2.3703573403674780       7250
  100.958007      29.533343      -1.5934995201398605       1.0594107684759626          0
  104.109275      29.591529      -0.3081672962629165       0.6334410549986036          0
  107.262384      29.646993      -0.2000630832966326       0.6327616712753614          0
  110.417251      29.699564      -0.1117565735223169       0.6418308905662895          0
  113.573787      29.749082      -0.0217170271494306       0.6498447875941154          0
  116.731897      29.795395       0.0686421319319575       0.6555529919136366          0
  119.891480      29.838361       0.1574670848638131       0.6556475349440983          0
  123.052427      29.877847       0.2454452749295266       0.6511471788484009          0
  126.214626      29.913732       0.3326985775924585       0.6435165947612559          0
  129.377960      29.945906       0.4194931829263957       0.6354158497299282          0
  132.542305      29.974268      -0.0000000000000000       0.0000000000000000          0
  135.707535      29.998732      -0.0000000000000000       0.0000000000000000          0
  138.873520      30.019222      -0.0000000000000000       0.0000000000000000          0
  142.040126      30.035674      -0.0000000000000000       0.0000000000000000          0
  41.564150      25.571805      -2.3688110253029668       0.9140787165802744        503
  44.675919      25.642659      -2.5453418456407433       0.9667542958273585        503
  47.789516      25.714804      -2.7144636836441549       1.0237487341904343        503
  50.904986      25.788029      -2.8756657530036716       1.0849408285337709        503
  54.022366      25.862117      -3.0284585083142224       1.1501945251050227        503
  57.141692      25.936849      -0.0000000000000000       0.0000000000000000      50602
  60.262990      26.012005      -0.0000000000000000       0.0000000000000000      50602
  63.386284      26.087362      -0.0000000000000000       0.0000000000000000      50602
  66.511591      26.162695      -0.0000000000000000       0.0000000000000000      50602
  69.638922      26.237781      -3.4769846810692062       1.3579892926168786        501
  72.768281      26.312396      -3.6236464431330093       1.4390528784030696        501
  75.899668      26.386317      -3.7595856720623333       1.5240971376726360        501
  79.033075      26.459323      -3.8843747275994853       1.6128925173634221        501
  82.168487      26.531194      -3.9976179058653507       1.7051923848191488        501
  85.305884      26.601715      -4.0989529055715730       1.8007335228526160        501
  88.445238      26.670673      -4.1880522114055179       1.8992367470707578        501
  91.586514      26.737861      -4.2646243868236100       2.0004076464543719        501
  94.729672      26.803075      -4.5293770509949587       2.2897074159900597        607
  97.874664      26.866118      -4.5041005521358581       2.4009155399190556       7250
  101.021435      26.926799      -0.6824713818716244       0.6164283961618590          0
  104.169924      26.984933      -0.2822068328071018       0.5307670871422405          0
  107.320065      27.040344      -0.2020781198325710       0.5520438155083206          0
  110.471783      27.092862      -0.1132450145135360       0.5665926117893065          0
  113.624999      27.142328      -0.0220646298223356       0.5773256677491186          0
  116.779627      27.188590       0.0692731391681800       0.5848740063923503          0
  119.935577      27.231506       0.1587951987537250       0.5866877150138389          0
  123.092752      27.270945       0.2466104259127043       0.5835171537192643          0
  126.251051      27.306786       0.3339106634369606       0.5777193454972690          0
  129.410368      27.338918      -0.0000000000000000       0.0000000000000000          0
  132.570593      27.367244      -0.0000000000000000       0.0000000000000000          0
  135.731612      27.391675      -0.0000000000000000       0.0000000000000000          0
  138.893310      27.412137      -0.0000000000000000       0.0000000000000000          0
  142.055565      27.428566      -0.0000000000000000       0.0000000000000000          0
  41.634877      22.965459      -2.3729029805825572       1.1013472096525945        503
  44.748092      23.036345      -2.5493491432909692       1.1486591648803390        503
  47.862925      23.108518      -2.7183562810314572       1.1999016737425636        503
  50.979417      23.181766      -2.8794148771953747       1.2549696158439752        503
  54.097601      23.255872      -3.0320370000154373       1.3137441435539405        503
  57.217509      23.330617      -3.1757578344643349       1.3760924966442527        503
  60.339166      23.405780      -0.0000000000000000       0.0000000000000000      50602
  63.462594      23.481139      -0.0000000000000000       0.0000000000000000      50602
  66.587807      23.556469      -0.0000000000000000       0.0000000000000000          0
  69.714817      23.631547      -0.0000000000000000       0.0000000000000000          0
  72.843629      23.706148      -3.6270461879990332       1.6031027658040355        501
  75.974242      23.780049      -3.7626877417420008       1.6799810485342239        501
  79.106650      23.853030      -3.8871667128850378       1.7603069732255530        501
  82.240841      23.924872      -4.0000910883656111       1.8438585048314731        501
  85.376796      23.995360      -4.1011023810548330       1.9303979817901842        501
  88.514493      24.064281      -4.1898769676975745       2.0196726669491962        501
  91.653900      24.131428      -0.0000000000000000       0.0000000000000000          0
  94.794982      24.196599      -4.5289906797557622       2.3249211628988036        607
  97.937696      24.259595      -4.5034549493143423       2.4259886328651730       7250
  101.081995      24.320228      -0.3411900878897611       0.4124423527124576      60401
  104.227825      24.378312      -0.2864919373520482       0.4464672685791818          0
  107.375126      24.433673      -0.2070942759269580       0.4744917580762981          0
  110.523833      24.486141      -0.1157634824666528       0.4934147214058179          0
  113.673875      24.535556      -0.0223800563149432       0.5067406704129084          0
  116.825176      24.581769       0.0702809083729667       0.5158529673088189          0
  119.977656      24.624637       0.1599987690681973       0.5182782255245518          0
  123.131228      24.664031       0.2477853114504509       0.5160799754089562          0
  126.285802      24.699830      -0.0000000000000000       0.0000000000000000          0
  129.441285      24.731923      -0.0000000000000000       0.0000000000000000          0
  132.597578      24.760214      -0.0000000000000000       0.0000000000000000          0
  135.754580      24.784614      -0.0000000000000000       0.0000000000000000          0
  138.912186      24.805049      -0.0000000000000000       0.0000000000000000          0
  142.070291      24.821457      -0.0000000000000000       0.0000000000000000          0
  41.702928      20.359084      -0.0000000000000000       0.0000000000000000          0
  44.817524      20.430000      -2.5532004357802762       1.3278803111150679        503
  47.933537      20.502199      -2.7220963304258032       1.3732384341089892        503
  51.051001      20.575469      -2.8830160519218446       1.4220431204707196        503
  54.169949      20.649592      -3.0354732413619399       1.4741932736495984        503
  57.290406      20.724350      -3.1790049702999581       1.5295749817783444        503
  60.412398      20.799520      -0.0000000000000000       0.0000000000000000          0
  63.535944      20.874881      -0.0000000000000000       0.0000000000000000          0
  66.661057      20.950208      -0.0000000000000000       0.0000000000000000          0
  69.787749      21.025277      -0.0000000000000000       0.0000000000000000          0
  72.916024      21.099864      -3.6303067831780633       1.7633755664591189        501
  76.045884      21.173747      -3.7656618149309704       1.8319158024316473        501
  79.177322      21.246704      -3.8898424911252834       1.9035962660829617        501
  82.310330      21.318519      -4.0024603486311499       1.9782201095138874        501
  85.444892      21.388974      -4.1031605647314366       2.0555758092632783        501
  88.580988      21.457859      -0.0000000000000000       0.0000000000000000          0
  91.718592      21.524967      -0.0000000000000000       0.0000000000000000          0
  94.857673      21.590095      -0.0000000000000000       0.0000000000000000          0
  97.998194      21.653047      -4.5028301785271996       2.4455574007328553       7250
  101.140114      21.713634      -0.3402466207697913       0.3742105401092344      60301
  104.283385      21.771671      -0.2887247657875559       0.3814745105833226      60406
  107.427956      21.826983      -0.2173963140435475       0.4012526334095450          0
  110.573769      21.879402      -0.1189524827618776       0.4237512596369409          0
  113.720761      21.928769      -0.0217343412407840       0.4394180409292694          0
  116.868867      21.974935       0.0724204142733005       0.4491049973786355          0
  120.018014      22.017758       0.1609912205455144       0.4501687315275116        612
  123.168128      22.057108      -0.0000000000000000       0.0000000000000000          0
  126.319128      22.092866      -0.0000000000000000       0.0000000000000000          0
  129.470932      22.124922      -0.0000000000000000       0.0000000000000000          0
  132.623453      22.153179      -0.0000000000000000       0.0000000000000000          0
  135.776601      22.177549      -0.0000000000000000       0.0000000000000000          0
  138.930284      22.197959      -0.0000000000000000       0.0000000000000000          0
  142.084409      22.214346      -0.0000000000000000       0.0000000000000000          0
  41.768717      17.752682      -0.0000000000000000       0.0000000000000000          0
  44.884641      17.823628      -2.5569197353437234       1.5040622572493607        503
  48.001785      17.895853      -2.7257072599208012       1.5434171887386421        503
  51.120181      17.969144      -2.8864919471853194       1.5858339015261689        503
  54.239856      18.043284      -0.0000000000000000       0.0000000000000000          0
  57.360836      18.118053      -0.0000000000000000       0.0000000000000000          0
  60.483141      18.193230      -0.0000000000000000       0.0000000000000000          0
  63.606791      18.268593      -0.0000000000000000       0.0000000000000000          0
  66.731798      18.343916      -0.0000000000000000       0.0000000000000000          0
  69.858173      18.418976      -0.0000000000000000       0.0000000000000000          0
  72.985920      18.493550      -0.0000000000000000       0.0000000000000000          0
  76.115042      18.567415      -3.7685272419616909       1.9796122399757468        501
  79.245536      18.640350      -3.8924195866742881       2.0424898217106877        501
  82.377393      18.712137      -4.0047413164374870       2.1080256134151907        501
  85.510602      18.782562      -0.0000000000000000       0.0000000000000000          0
  88.645145      18.851412      -0.0000000000000000       0.0000000000000000          0
  91.781002      18.918482      -0.0000000000000000       0.0000000000000000          0
  94.918145      18.983569      -0.0000000000000000       0.0000000000000000          0
  98.056544      19.046479      -0.3785050552662321       0.2446331405112054        603
  101.196163      19.107020      -0.3393364215716975       0.3351705409332451      60401
  104.336961      19.165011      -0.2878386229022764       0.3416943901853616      60404
  107.478894      19.220276      -0.2354570561518990       0.3472720984406882      60406
  110.621911      19.272648      -0.1172602876577689       0.3627246657570786          0
  113.765959      19.321969      -0.0151212761284165       0.3786457694405677          0
  116.910981      19.368090       0.0738843830278079       0.3802942040158925        612
  120.056913      19.410869      -0.0000000000000000       0.0000000000000000          0
  123.203691      19.450178      -0.0000000000000000       0.0000000000000000          0
  126.351244      19.485896      -6.3726470091964442       3.4571466588873312        678
  129.499501      19.517916      -0.0000000000000000       0.0000000000000000          0
  132.648386      19.546140      -0.0000000000000000       0.0000000000000000          0
  135.797820      19.570482      -0.0000000000000000       0.0000000000000000          0
  138.947723      19.590867      -0.0000000000000000       0.0000000000000000          0
  142.098011      19.607234      -0.0000000000000000       0.0000000000000000          0
  41.832616      15.146260      -1.1580010160053957       0.9910416374066686        710
  44.949822      15.217234      -2.5605283756911161       1.6768530927464962        503
  48.068056      15.289484      -0.0000000000000000       0.0000000000000000          0
  51.187347      15.362795      -0.0000000000000000       0.0000000000000000          0
  54.307720      15.436951      -0.0000000000000000       0.0000000000000000          0
  57.429198      15.511731      -0.0000000000000000       0.0000000000000000          0
  60.551799      15.586915      -0.0000000000000000       0.0000000000000000          0
  63.675540      15.662279      -0.0000000000000000       0.0000000000000000          0
  66.800435      15.737599      -0.0000000000000000       0.0000000000000000          0
  69.926493      15.812651      -0.0000000000000000       0.0000000000000000          0
  73.053720      15.887212      -0.0000000000000000       0.0000000000000000          0
  76.182118      15.961059      -3.7713011156130691       2.1227856001967242        501
  79.311686      16.033972      -3.8949134659700348       2.1767216788023727        501
  82.442420      16.105733      -4.0069477730615350       2.2330282955584080        501
  85.574308      16.176127      -0.0000000000000000       0.0000000000000000          0
  88.707339      16.244943      -0.0000000000000000       0.0000000000000000          0
  91.841494      16.311976      -0.0000000000000000       0.0000000000000000          0
  94.976753      16.377024      -0.0000000000000000       0.0000000000000000          0
  98.113089      16.439892      -0.3770960036680475       0.1796425369028887        603
  101.250471      16.500390      -0.3384541761467869       0.2954049634869240      60401
  104.388868      16.558336      -0.2869798456622534       0.3011811457736423        604
  107.528239      16.613556      -0.2346283119377777       0.3061347217208844      60403
  110.668544      16.665883      -0.1015202036013400       0.3053301364150956        612
  113.809737      16.715159      -0.0132769025286725       0.3075999096184021        612
  116.951768      16.761235      -0.0000000000000000       0.0000000000000000          0
  120.094583      16.803972      -0.0000000000000000       0.0000000000000000          0
  123.238128      16.843240      -0.0000000000000000       0.0000000000000000          0
  126.382342      16.878921      -0.0000000000000000       0.0000000000000000          0
  129.527163      16.910906      -6.4373846010765732       3.6760200617161853        678
  132.672525      16.939098      -0.0000000000000000       0.0000000000000000          0
  135.818362      16.963412      -0.0000000000000000       0.0000000000000000          0
  138.964604      16.983773      -0.0000000000000000       0.0000000000000000          0
  142.111180      17.000121      -0.0000000000000000       0.0000000000000000          0
  41.894960      12.539819      -1.1664125647563659       1.3667167569417404        710
  45.013408      12.610822      -0.0000000000000000       0.0000000000000000          0
  48.132698      12.683096      -0.0000000000000000       0.0000000000000000          0
  51.252855      12.756427      -0.0000000000000000       0.0000000000000000          0
  54.373900      12.830598      -0.0000000000000000       0.0000000000000000          0
  57.495854      12.905389      -0.0000000000000000       0.0000000000000000          0
  60.618735      12.980579      -0.0000000000000000       0.0000000000000000          0
  63.742557      13.055945      -0.0000000000000000       0.0000000000000000          0
  66.867333      13.131261      -0.0000000000000000       0.0000000000000000          0
  69.993074      13.206305      -0.0000000000000000       0.0000000000000000          0
  73.119785      13.280853      -0.0000000000000000       0.0000000000000000          0
  76.247469      13.354683      -0.0000000000000000       0.0000000000000000          0
  79.376128      13.427574      -3.8973379442394331       2.3060316478613654        501
  82.505759      13.499309      -4.0090920161746393       2.3529874322253868        502
  85.636354      13.569674      -0.0000000000000000       0.0000000000000000          0
  88.767904      13.638457      -0.0000000000000000       0.0000000000000000          0
  91.900396      13.705454      -0.0000000000000000       0.0000000000000000          0
  95.033813      13.770464      -0.0000000000000000       0.0000000000000000          0
  98.168134      13.833290      -0.3757239536225982       0.1142446183436100      60302
  101.303335      13.893746      -0.3375951174210214       0.2549976095108358      60402
  104.439388      13.951649      -0.2861437805956293       0.2600198665802333        604
  107.576263      14.006824      -0.2338216142315993       0.2643444877469804        604
  110.713924      14.059107      -0.0000000000000000       0.0000000000000000          0
  113.852334      14.108339      -0.0000000000000000       0.0000000000000000          0
  116.991451      14.154373      -0.0000000000000000       0.0000000000000000          0
  120.131232      14.197068      -0.0000000000000000       0.0000000000000000          0
  123.271629      14.236297      -0.0000000000000000       0.0000000000000000          0
  126.412592      14.271941      -0.0000000000000000       0.0000000000000000          0
  129.554069      14.303892      -6.4378488222389798       3.7708658395049914        678
  132.696005      14.332053      -0.0000000000000000       0.0000000000000000          0
  135.838342      14.356340      -0.0000000000000000       0.0000000000000000          0
  138.981023      14.376678      -0.0000000000000000       0.0000000000000000          0
  142.123987      14.393007      -0.0000000000000000       0.0000000000000000          0
  41.956054       9.933365      -1.1746541425469827       1.7394509327329539        710
  45.075712      10.004395      -1.1815211494884053       0.9524270015530549        709
  48.196029      10.076692      -1.1676242436665178       0.9636949580737786        709
  51.317025      10.150042      -1.1502610170170335       0.9749760885815706        709
  54.438721      10.224228      -0.0000000000000000       0.0000000000000000          0
  57.561134      10.299031      -0.0000000000000000       0.0000000000000000          0
  60.684280      10.374227      -0.0000000000000000       0.0000000000000000          0
  63.808173      10.449593      -0.0000000000000000       0.0000000000000000          0
  66.932826      10.524906      -0.0000000000000000       0.0000000000000000          0
  70.058247      10.599942      -0.0000000000000000       0.0000000000000000          0
  73.184445      10.674477      -0.0000000000000000       0.0000000000000000          0
  76.311423      10.748290      -0.0000000000000000       0.0000000000000000          0
  79.439185      10.821160      -3.8997055185057397       2.4301663239917914        501
  82.567729      10.892870      -4.0111851582385158       2.4676692802551128        502
  85.697051      10.963205      -0.0000000000000000       0.0000000000000000          0
  88.827146      11.031957      -0.0000000000000000       0.0000000000000000          0
  91.958005      11.098918      -0.0000000000000000       0.0000000000000000          0
  95.089614      11.163890      -0.0000000000000000       0.0000000000000000          0
  98.221959      11.226677      -0.3743819889384853       0.0485762399087513      60302
  101.355021      11.287091      -0.3367549135766136       0.2140333420516639      60402
  104.488778      11.344951      -0.2853262012461381       0.2182967645282445      60402
  107.623207      11.400084      -0.2330328753998366       0.2219887058591689        604
  110.758280      11.452323      -0.0990022930398820       0.1599194586835973        612
  113.893967      11.501513      -0.0109089615713077       0.1618997538233581        613
  117.030234      11.547504       0.0772333409899430       0.1628292447798143        613
  120.167046      11.590159       0.5083722631090486       0.9167453735218577        677
  123.304365      11.629349      -0.0000000000000000       0.0000000000000000          0
  126.442150      11.664957      -0.0000000000000000       0.0000000000000000          0
  129.580358      11.696875      -6.4383010172582678       3.8576255718161252        678
  132.718944      11.725006      -0.0000000000000000       0.0000000000000000          0
  135.857862      11.749266      -0.0000000000000000       0.0000000000000000          0
  138.997063      11.769582      -0.0000000000000000       0.0000000000000000          0
  142.136498      11.785893      -0.0000000000000000       0.0000000000000000          0
  42.016181       7.326900      -1.1917458800828415       0.9405690743232382        709
  45.137023       7.397956      -1.1812817126852728       0.9489417033945254        709
  48.258343       7.470276      -1.1673112998153330       0.9573902721410379        709
  51.380159       7.543646      -0.0000000000000000       0.0000000000000000          0
  54.502487       7.617847      -0.0000000000000000       0.0000000000000000          0
  57.625343       7.692659      -0.0000000000000000       0.0000000000000000          0
  60.748742       7.767861      -0.0000000000000000       0.0000000000000000          0
  63.872697       7.843229      -0.0000000000000000       0.0000000000000000          0
  66.997220       7.918538      -0.0000000000000000       0.0000000000000000          0
  70.122320       7.993566      -0.0000000000000000       0.0000000000000000          0
  73.248005       8.068089      -0.0000000000000000       0.0000000000000000          0
  76.374282       8.141884      -0.0000000000000000       0.0000000000000000          0
  79.501153       8.214733      -0.0000000000000000       0.0000000000000000          0
  82.628622       8.286418      -0.0000000000000000       0.0000000000000000          0
  85.756687       8.356725      -0.0000000000000000       0.0000000000000000          0
  88.885346       8.425445      -0.0000000000000000       0.0000000000000000          0
  92.014593       8.492372      -0.0000000000000000       0.0000000000000000          0
  95.144421       8.557306      -0.0000000000000000       0.0000000000000000          0
  98.274820       8.620054      -0.3730637383164197      -0.0172254627407682      60302
  101.405776       8.680427      -0.3563879458551257       0.0768152013588275        647
  104.537274       8.738246      -0.2845232164763962       0.1760990224582709      60402
  107.669298       8.793336      -0.2322583339797887       0.1791557051465627      60402
  110.801826       8.845533      -0.0977803528262832       0.0866308353997650        613
  113.934835       8.894680      -0.0097600177843574       0.0884697290475157        613
  117.068302       8.940630       0.0783023170542875       0.0894747730793695        613
  120.202197       8.983246      -0.0000000000000000       0.0000000000000000          0
  123.336493       9.022398      -0.0000000000000000       0.0000000000000000          0
  126.471157       9.057970      -0.0000000000000000       0.0000000000000000          0
  129.606155       9.089855      -0.0000000000000000       0.0000000000000000          0
  132.741454       9.117957      -0.0000000000000000       0.0000000000000000          0
  135.877015       9.142191      -0.0000000000000000       0.0000000000000000          0
  139.012802       9.162485      -0.0000000000000000       0.0000000000000000          0
  142.148773       9.178778      -0.0000000000000000       0.0000000000000000          0
  42.075609       4.720427      -1.1915795524441870       0.9378732486324672        709
  45.197614       4.791510      -1.1810437608036941       0.9433776743392444        709
  48.319918       4.863852      -1.1670007134815741       0.9489888766259687        709
  51.442535       4.937240      -0.0000000000000000       0.0000000000000000          0
  54.565480       5.011456      -0.0000000000000000       0.0000000000000000          0
  57.688767       5.086278      -0.0000000000000000       0.0000000000000000          0
  60.812409       5.161485      -0.0000000000000000       0.0000000000000000          0
  63.936417       5.236854      -0.0000000000000000       0.0000000000000000          0
  67.060804       5.312160      -0.0000000000000000       0.0000000000000000          0
  70.185579       5.387180      -0.0000000000000000       0.0000000000000000          0
  73.310750       5.461690      -0.0000000000000000       0.0000000000000000          0
  76.436327       5.535469      -0.0000000000000000       0.0000000000000000          0
  79.562313       5.608297      -0.0000000000000000       0.0000000000000000          0
  82.688713       5.679957      -0.0000000000000000       0.0000000000000000          0
  85.815531       5.750236      -0.0000000000000000       0.0000000000000000          0
  88.942766       5.818925      -0.0000000000000000       0.0000000000000000          0
  92.070418       5.885817      -0.0000000000000000       0.0000000000000000          0
  95.198482       5.950715      -0.5233266495862049      -0.0029703357508931      67352
  98.326956       6.013424      -0.4398353622879422       0.0014531563207125        647
  101.455830       6.073757      -0.3550221300653936       0.0053825291158910        647
  104.585097       6.131534      -0.2691396139543593       0.0087885538903930      64701
  107.714744       6.186582      -0.2314944787562125       0.1359346681256142      60402
  110.844759       6.238737      -0.0965755509805735       0.0131558444317507      61404
  113.975126       6.287843      -0.0086273265741903       0.0148557132094853        613
  117.105828       6.333753      -0.0000000000000000       0.0000000000000000          0
  120.236846       6.376329      -0.0000000000000000       0.0000000000000000          0
  123.368160       6.415444      -0.0000000000000000       0.0000000000000000          0
  126.499746       6.450981      -0.0000000000000000       0.0000000000000000          0
  129.631580       6.482834      -0.0000000000000000       0.0000000000000000          0
  132.763637       6.510907      -6.5321841264478122       4.5336378736890985        680
  135.895890       6.535116      -0.0000000000000000       0.0000000000000000          0
  139.028311       6.555388      -0.0000000000000000       0.0000000000000000          0
  142.160870       6.571663      -0.0000000000000000       0.0000000000000000          0
  42.134592       2.113949      -1.1914132030403313       0.9331244535885068        709
  45.257744       2.185058      -1.1808063122230092       0.9357481221807208        709
  48.381018       2.257423      -0.0000000000000000       0.0000000000000000          0
  51.504423       2.330829      -0.0000000000000000       0.0000000000000000          0
  54.627973       2.405058      -0.0000000000000000       0.0000000000000000          0
  57.751679       2.479891      -0.0000000000000000       0.0000000000000000          0
  60.875554       2.555104      -0.0000000000000000       0.0000000000000000          0
  63.999608       2.630473      -0.0000000000000000       0.0000000000000000          0
  67.123852       2.705776      -0.0000000000000000       0.0000000000000000          0
  70.248297       2.780788      -0.0000000000000000       0.0000000000000000          0
  73.372952       2.855286      -0.0000000000000000       0.0000000000000000          0
  76.497826       2.929048      -0.0000000000000000       0.0000000000000000          0
  79.622928       3.001855      -0.0000000000000000       0.0000000000000000          0
  82.748263       3.073491      -0.0000000000000000       0.0000000000000000          0
  85.873837       3.143742      -0.0000000000000000       0.0000000000000000          0
  88.999656       3.212399      -0.0000000000000000       0.0000000000000000          0
  92.125720       3.279257      -0.0000000000000000       0.0000000000000000          0
  95.252033       3.344118      -0.0000000000000000       0.0000000000000000          0
  98.378594       3.406789      -0.4384455680905152      -0.0690273700647153      67301
  101.505402       3.467082      -0.3536692162248941      -0.0660897657817818        647
  104.632453       3.524818      -0.2678331000167712      -0.0634639491895857      64701
  107.759743       3.579825      -0.2307379824415818       0.0924154587161949      60402
  110.887266       3.631938      -0.0000000000000000       0.0000000000000000          0
  114.015014       3.681003      -0.0000000000000000       0.0000000000000000          0
  117.142977       3.726872      -0.0000000000000000       0.0000000000000000          0
  120.271144       3.769410      -0.0000000000000000       0.0000000000000000          0
  123.399504       3.808488      -0.0000000000000000       0.0000000000000000          0
  126.528042       3.843991      -0.0000000000000000       0.0000000000000000          0
  129.656743       3.875812      -0.0000000000000000       0.0000000000000000          0
  132.785591       3.903856      -6.5761633615618722       0.6260867018327087      61502
  135.914569       3.928039      -7.5706998759168531       0.6447528587294108      61501
  139.043658       3.948290      -0.0000000000000000       0.0000000000000000          0
  142.172840       3.964547      -0.0000000000000000       0.0000000000000000          0
  42.193376      -0.492531      -1.1912461555011056       0.9263334487314633        709
  45.317666      -0.421397      -0.0000000000000000       0.0000000000000000          0
  48.441898      -0.349010      -0.0000000000000000       0.0000000000000000          0
  51.566082      -0.275585      -0.0000000000000000       0.0000000000000000          0
  54.690228      -0.201341      -0.0000000000000000       0.0000000000000000          0
  57.814344      -0.126499      -0.0000000000000000       0.0000000000000000          0
  60.938443      -0.051281      -0.0000000000000000       0.0000000000000000          0
  64.062534       0.024090      -0.0000000000000000       0.0000000000000000          0
  67.186629       0.099389      -0.0000000000000000       0.0000000000000000          0
  70.310738       0.174392      -0.0000000000000000       0.0000000000000000          0
  73.434871       0.248877      -0.0000000000000000       0.0000000000000000          0
  76.559040       0.322623      -0.0000000000000000       0.0000000000000000          0
  79.683254       0.395409      -0.0000000000000000       0.0000000000000000          0
  82.807522       0.467021      -0.0000000000000000       0.0000000000000000          0
  85.931853       0.537243      -0.0000000000000000       0.0000000000000000          0
  89.056255       0.605869      -0.0000000000000000       0.0000000000000000          0
  92.180735       0.672694      -0.0000000000000000       0.0000000000000000          0
  95.305300       0.737519      -0.0000000000000000       0.0000000000000000          0
  98.429954       0.800151      -0.4370629333599674      -0.1394011093939226      67350
  101.554701       0.860405      -0.3523234826864776      -0.1374532395868434      67301
  104.679545       0.918100      -0.2665337120125932      -0.1356053630910303      64701
  107.804487       0.973065      -0.1799486012849252      -0.1338794497599303      64701
  110.929529       1.025137      -0.0928255668006802      -0.1322960217754682        735
  114.054669       1.074161      -0.0000000000000000       0.0000000000000000          0
  117.179906       1.119991       0.0819970121069064      -0.1296300268992926      61405
  120.305237       1.162489      -0.0000000000000000       0.0000000000000000          0
  123.430658       1.201531      -1.6506513748483229      -0.5113396702359616        667
  126.556165       1.236999      -0.0000000000000000       0.0000000000000000          0
  129.681751       1.268788      -5.5702368964251194       1.4679965853883157        681
  132.807409       1.296804      -7.4113956042903375       1.5921657188966782        684
  135.933131       1.320962      -7.4025210955500942       1.6014513525872616        615
  139.058909       1.341191      -7.3716202520676797       1.6110020659914408        615
  142.184734       1.357431      -7.3187840319454187       1.6207042895319619        615
>