>anchorPlateId 301
>reconstructionTime 76
>DeformingMeshPoints.gpml lat_lon_velocity_domain_28_32.gpml
>MeshNode <identity>GPlates-b7a3af0e-8119-4abb-9ae6-39bb7e5702ce</identity> <revision>GPlates-7b04c5e6-7801-49f1-bcc4-23d6f4e5417f</revision>
> reconstructionPlateId 0
> validTime TimePeriod <begin> TimeInstant <timePosition>http://gplates.org/times/distantPast</timePosition></begin> <end> TimeInstant <timePosition>http://gplates.org/times/distantFuture</timePosition></end>
  29.146205      71.282859      -0.0000000000000000       0.0000000000000000        302
  31.955694      71.453368      -0.0000000000000000       0.0000000000000000        302
  34.787590      71.628799      -0.0000000000000000       0.0000000000000000        302
  37.643199      71.808763      -0.0000000000000000       0.0000000000000000        302
  40.523861      71.992848      -0.0000000000000000       0.0000000000000000        302
  43.430940      72.180624      -0.0000000000000000       0.0000000000000000        302
  46.365823      72.371641      -0.0000000000000000       0.0000000000000000        302
  49.329916      72.565426      -0.0000000000000000       0.0000000000000000        302
  52.324636      72.761486      -0.0000000000000000       0.0000000000000000        373
  55.351407      72.959307      -0.0000000000000000       0.0000000000000000        373
  58.411647      73.158352      -0.0000000000000000       0.0000000000000000        372
  61.506762      73.358064      -0.0000000000000000       0.0000000000000000        372
  64.638130      73.557866      -0.0000000000000000       0.0000000000000000        372
  67.807088      73.757157      -0.0000000000000000       0.0000000000000000        372
  71.014915      73.955319      -0.0000000000000000       0.0000000000000000        372
  74.262812      74.151712      -0.0000000000000000       0.0000000000000000        401
  77.551883      74.345680      -0.0000000000000000       0.0000000000000000        404
  80.883108      74.536548      -0.0000000000000000       0.0000000000000000        404
  84.257320      74.723627      -0.0000000000000000       0.0000000000000000        404
  87.675172      74.906216      -0.0000000000000000       0.0000000000000000        404
  91.137113      75.083602      -0.0000000000000000       0.0000000000000000        404
  94.643352      75.255068      -0.0000000000000000       0.0000000000000000        404
  98.193827      75.419893      -0.0000000000000000       0.0000000000000000        404
  101.788176      75.577357      -0.0000000000000000       0.0000000000000000        401
  105.425701      75.726747      -0.0000000000000000       0.0000000000000000        401
  109.105348      75.867363      -0.0000000000000000       0.0000000000000000        401
  112.825675      75.998523      -0.0000000000000000       0.0000000000000000        401
  116.584839      76.119570      -0.0000000000000000       0.0000000000000000        401
  120.380580      76.229878      -0.0000000000000000       0.0000000000000000        401
  124.210223      76.328861      -0.0000000000000000       0.0000000000000000          0
  128.070679      76.415980      -0.0000000000000000       0.0000000000000000          0
  131.958462      76.490749      -0.0000000000000000       0.0000000000000000          0
  135.869722      76.552740      -0.0000000000000000       0.0000000000000000          0
  30.465864      68.714928      -0.0000000000000000       0.0000000000000000        302
  33.326147      68.887836      -0.0000000000000000       0.0000000000000000        302
  36.206925      69.065545      -0.0000000000000000       0.0000000000000000        302
  39.109306      69.247639      -0.0000000000000000       0.0000000000000000        302
  42.034412      69.433681      -0.0000000000000000       0.0000000000000000        302
  44.983371      69.623218      -0.0000000000000000       0.0000000000000000        302
  47.957316      69.815774      -0.0000000000000000       0.0000000000000000        302
  50.957380      70.010853      -0.0000000000000000       0.0000000000000000        302
  53.984686      70.207942      -0.0000000000000000       0.0000000000000000        302
  57.040346      70.406505      -0.0000000000000000       0.0000000000000000        302
  60.125446      70.605991      -0.0000000000000000       0.0000000000000000        372
  63.241039      70.805825      -0.0000000000000000       0.0000000000000000        372
  66.388137      71.005419      -0.0000000000000000       0.0000000000000000        372
  69.567692      71.204165      -0.0000000000000000       0.0000000000000000        372
  72.780590      71.401438      -0.0000000000000000       0.0000000000000000        401
  76.027628      71.596600      -0.0000000000000000       0.0000000000000000        401
  79.309504      71.788999      -0.0000000000000000       0.0000000000000000        401
  82.626793      71.977969      -0.0000000000000000       0.0000000000000000        401
  85.979936      72.162837      -0.0000000000000000       0.0000000000000000        401
  89.369211      72.342923      -0.0000000000000000       0.0000000000000000        401
  92.794720      72.517543      -0.0000000000000000       0.0000000000000000        401
  96.256365      72.686010      -0.0000000000000000       0.0000000000000000        401
  99.753830      72.847643      -0.0000000000000000       0.0000000000000000        401
  103.286560      73.001766      -0.0000000000000000       0.0000000000000000        401
  106.853745      73.147718      -0.0000000000000000       0.0000000000000000        401
  110.454306      73.284852      -0.0000000000000000       0.0000000000000000        401
  114.086881      73.412543      -0.0000000000000000       0.0000000000000000        401
  117.749820      73.530195      -0.0000000000000000       0.0000000000000000          0
  121.441181      73.637246      -0.0000000000000000       0.0000000000000000          0
  125.158732      73.733170      -0.0000000000000000       0.0000000000000000          0
  128.899962      73.817488      -0.0000000000000000       0.0000000000000000          0
  132.662094      73.889770      -0.0000000000000000       0.0000000000000000          0
  136.442108      73.949642      -0.0000000000000000       0.0000000000000000          0
  31.512680      66.138840      -0.0000000000000000       0.0000000000000000        302
  34.411185      66.313582      -0.0000000000000000       0.0000000000000000        302
  37.328413      66.493018      -0.0000000000000000       0.0000000000000000        302
  40.265313      66.676712      -0.0000000000000000       0.0000000000000000        302
  43.222833      66.864208      -0.0000000000000000       0.0000000000000000        302
  46.201922      67.055033      -0.0000000000000000       0.0000000000000000        302
  49.203518      67.248694      -0.0000000000000000       0.0000000000000000        302
  52.228550      67.444678      -0.0000000000000000       0.0000000000000000        302
  55.277926      67.642457      -0.0000000000000000       0.0000000000000000        302
  58.352530      67.841481      -0.0000000000000000       0.0000000000000000        302
  61.453213      68.041187      -0.0000000000000000       0.0000000000000000        302
  64.580785      68.240992      -0.0000000000000000       0.0000000000000000        302
  67.736007      68.440300      -0.0000000000000000       0.0000000000000000        372
  70.919576      68.638499      -0.0000000000000000       0.0000000000000000        401
  74.132120      68.834964      -0.0000000000000000       0.0000000000000000        401
  77.374181      69.029060      -0.0000000000000000       0.0000000000000000        401
  80.646204      69.220141      -0.0000000000000000       0.0000000000000000        401
  83.948525      69.407552      -0.0000000000000000       0.0000000000000000        401
  87.281354      69.590635      -0.0000000000000000       0.0000000000000000        401
  90.644764      69.768728      -0.0000000000000000       0.0000000000000000        401
  94.038674      69.941169      -0.0000000000000000       0.0000000000000000        401
  97.462839      70.107299      -0.0000000000000000       0.0000000000000000        401
  100.916832      70.266467      -0.0000000000000000       0.0000000000000000        401
  104.400037      70.418033      -0.0000000000000000       0.0000000000000000        401
  107.911636      70.561372      -0.0000000000000000       0.0000000000000000        401
  111.450602      70.695877      -0.0000000000000000       0.0000000000000000        401
  115.015691      70.820968      -0.0000000000000000       0.0000000000000000        401
  118.605444      70.936091      -0.0000000000000000       0.0000000000000000        401
  122.218183      71.040726      -0.0000000000000000       0.0000000000000000        401
  125.852019      71.134392      -0.0000000000000000       0.0000000000000000        401
  129.504860      71.216652      -0.0000000000000000       0.0000000000000000          0
  133.174421      71.287114      -0.0000000000000000       0.0000000000000000      43101
  136.858248      71.345439      -0.0000000000000000       0.0000000000000000          0
  32.366014      63.556984      -0.0000000000000000       0.0000000000000000        302
  35.294284      63.733176      -0.0000000000000000       0.0000000000000000        302
  38.239672      63.913967      -0.0000000000000000       0.0000000000000000        302
  41.202996      64.098906      -0.0000000000000000       0.0000000000000000        302
  44.185070      64.287523      -0.0000000000000000       0.0000000000000000        302
  47.186701      64.479328      -0.0000000000000000       0.0000000000000000        302
  50.208677      64.673816      -0.0000000000000000       0.0000000000000000        302
  53.251770      64.870461      -0.0000000000000000       0.0000000000000000        302
  56.316728      65.068722      -0.0000000000000000       0.0000000000000000        302
  59.404268      65.268042      -0.0000000000000000       0.0000000000000000        302
  62.515070      65.467847      -0.0000000000000000       0.0000000000000000        302
  65.649771      65.667551      -0.0000000000000000       0.0000000000000000        390
  68.808953      65.866552      -0.0000000000000000       0.0000000000000000        468
  71.993140      66.064238      -0.0000000000000000       0.0000000000000000        401
  75.202785      66.259985      -0.0000000000000000       0.0000000000000000        401
  78.438263      66.453162      -0.0000000000000000       0.0000000000000000        401
  81.699856      66.643129      -0.0000000000000000       0.0000000000000000        401
  84.987750      66.829242      -0.0000000000000000       0.0000000000000000        401
  88.302020      67.010855      -0.0000000000000000       0.0000000000000000        401
  91.642618      67.187324      -0.0000000000000000       0.0000000000000000        401
  95.009367      67.358004      -0.0000000000000000       0.0000000000000000        401
  98.401951      67.522260      -0.0000000000000000       0.0000000000000000        401
  101.819904      67.679465      -0.0000000000000000       0.0000000000000000        401
  105.262603      67.829006      -0.0000000000000000       0.0000000000000000        401
  108.729262      67.970288      -0.0000000000000000       0.0000000000000000        401
  112.218928      68.102735      -0.0000000000000000       0.0000000000000000        401
  115.730479      68.225798      -0.0000000000000000       0.0000000000000000        401
  119.262621      68.338956      -0.0000000000000000       0.0000000000000000        401
  122.813894      68.441723      -0.0000000000000000       0.0000000000000000        401
  126.382673      68.533650      -0.0000000000000000       0.0000000000000000      43102
  129.967180      68.614328      -0.0000000000000000       0.0000000000000000      43101
  133.565494      68.683395      -0.0000000000000000       0.0000000000000000      43101
  137.175561      68.740537       0.0767540863603169       0.1027379976051381      43202
  33.077370      60.970904      -0.0000000000000000       0.0000000000000000        302
  36.029478      61.148271      -0.0000000000000000       0.0000000000000000        302
  38.997257      61.330156      -0.0000000000000000       0.0000000000000000        302
  41.981423      61.516094      -0.0000000000000000       0.0000000000000000        302
  44.982680      61.705600      -0.0000000000000000       0.0000000000000000        302
  48.001721      61.898176      -0.0000000000000000       0.0000000000000000        302
  51.039218      62.093303      -0.0000000000000000       0.0000000000000000        302
  54.095822      62.290447      -0.0000000000000000       0.0000000000000000        302
  57.172157      62.489058      -0.0000000000000000       0.0000000000000000        302
  60.268815      62.688571      -0.0000000000000000       0.0000000000000000        390
  63.386349      62.888408      -0.0000000000000000       0.0000000000000000        390
  66.525267      63.087977      -0.0000000000000000       0.0000000000000000        468
  69.686027      63.286676      -0.0000000000000000       0.0000000000000000        468
  72.869027      63.483891      -0.0000000000000000       0.0000000000000000        401
  76.074599      63.679002      -0.0000000000000000       0.0000000000000000        401
  79.303004      63.871381      -0.0000000000000000       0.0000000000000000        401
  82.554419      64.060396      -0.0000000000000000       0.0000000000000000        401
  85.828931      64.245412      -0.0000000000000000       0.0000000000000000        401
  89.126532      64.425794      -0.0000000000000000       0.0000000000000000        401
  92.447107      64.600911      -0.0000000000000000       0.0000000000000000        401
  95.790427      64.770137      -0.0000000000000000       0.0000000000000000        401
  99.156146      64.932853      -0.0000000000000000       0.0000000000000000        401
  102.543791      65.088454      -0.0000000000000000       0.0000000000000000        401
  105.952758      65.236348      -0.0000000000000000       0.0000000000000000        401
  109.382309      65.375963      -0.0000000000000000       0.0000000000000000        401
  112.831570      65.506749      -0.0000000000000000       0.0000000000000000        401
  116.299526      65.628181      -0.0000000000000000       0.0000000000000000        401
  119.785028      65.739766      -0.0000000000000000       0.0000000000000000        401
  123.286792      65.841040      -0.0000000000000000       0.0000000000000000        401
  126.803405      65.931580      -0.0000000000000000       0.0000000000000000      43102
  130.333330      66.011001      -0.0000000000000000       0.0000000000000000      43101
  133.874921      66.078961      -0.0000000000000000       0.0000000000000000      43101
  137.426428      66.135166       0.0813345242795108      -0.0168518201161323      43202
  33.681594      58.381640      -0.0000000000000000       0.0000000000000000        302
  36.653242      58.559984      -0.0000000000000000       0.0000000000000000        302
  39.639259      58.742772      -0.0000000000000000       0.0000000000000000        302
  42.640276      58.929529      -0.0000000000000000       0.0000000000000000        302
  45.656908      59.119761      -0.0000000000000000       0.0000000000000000        302
  48.689755      59.312958      -0.0000000000000000       0.0000000000000000        302
  51.739398      59.508593      -0.0000000000000000       0.0000000000000000        302
  54.806392      59.706124      -0.0000000000000000       0.0000000000000000        302
  57.891265      59.904996      -0.0000000000000000       0.0000000000000000        302
  60.994512      60.104636      -0.0000000000000000       0.0000000000000000        390
  64.116589      60.304464      -0.0000000000000000       0.0000000000000000        390
  67.257910      60.503885      -0.0000000000000000       0.0000000000000000        468
  70.418838      60.702295      -0.0000000000000000       0.0000000000000000        401
  73.599682      60.899082      -0.0000000000000000       0.0000000000000000        401
  76.800689      61.093628      -0.0000000000000000       0.0000000000000000        401
  80.022038      61.285309      -0.0000000000000000       0.0000000000000000        401
  83.263837      61.473501      -0.0000000000000000       0.0000000000000000        401
  86.526109      61.657576      -0.0000000000000000       0.0000000000000000        401
  89.808793      61.836910      -0.0000000000000000       0.0000000000000000        401
  93.111736      62.010883      -0.0000000000000000       0.0000000000000000        401
  96.434684      62.178883      -0.0000000000000000       0.0000000000000000        401
  99.777284      62.340309      -0.0000000000000000       0.0000000000000000        401
  103.139073      62.494569      -0.0000000000000000       0.0000000000000000        401
  106.519477      62.641093      -0.0000000000000000       0.0000000000000000        401
  109.917810      62.779326      -0.0000000000000000       0.0000000000000000        401
  113.333270      62.908739      -0.0000000000000000       0.0000000000000000        401
  116.764944      63.028828      -0.0000000000000000       0.0000000000000000        401
  120.211802      63.139118      -0.0000000000000000       0.0000000000000000        401
  123.672706      63.239168      -0.0000000000000000       0.0000000000000000        401
  127.146415      63.328573      -0.0000000000000000       0.0000000000000000        401
  130.631585      63.406966      -0.0000000000000000       0.0000000000000000        401
  134.126785      63.474023      -0.0000000000000000       0.0000000000000000        401
  137.630499      63.529464      -0.0000000000000000       0.0000000000000000      43101
  34.203091      55.789922      -0.0000000000000000       0.0000000000000000        302
  37.191074      55.969091      -0.0000000000000000       0.0000000000000000        302
  40.192251      56.152640      -0.0000000000000000       0.0000000000000000        302
  43.207179      56.340083      -0.0000000000000000       0.0000000000000000        302
  46.236401      56.530917      -0.0000000000000000       0.0000000000000000        302
  49.280444      56.724626      -0.0000000000000000       0.0000000000000000        302
  52.339811      56.920674      -0.0000000000000000       0.0000000000000000        302
  55.414982      57.118514      -0.0000000000000000       0.0000000000000000        302
  58.506408      57.317583      -0.0000000000000000       0.0000000000000000        302
  61.614510      57.517308      -0.0000000000000000       0.0000000000000000        390
  64.739667      57.717103      -0.0000000000000000       0.0000000000000000        468
  67.882222      57.916371      -0.0000000000000000       0.0000000000000000        468
  71.042467      58.114509      -0.0000000000000000       0.0000000000000000        468
  74.220645      58.310907      -0.0000000000000000       0.0000000000000000        401
  77.416941      58.504949      -0.0000000000000000       0.0000000000000000        401
  80.631478      58.696015      -0.0000000000000000       0.0000000000000000        401
  83.864312      58.883486      -0.0000000000000000       0.0000000000000000        401
  87.115429      59.066743      -0.0000000000000000       0.0000000000000000        401
  90.384734      59.245171      -0.0000000000000000       0.0000000000000000        401
  93.672052      59.418161      -0.0000000000000000       0.0000000000000000        401
  96.977123      59.585112      -0.0000000000000000       0.0000000000000000        401
  100.299595      59.745436      -0.0000000000000000       0.0000000000000000        401
  103.639026      59.898557      -0.0000000000000000       0.0000000000000000        401
  106.994876      60.043919      -0.0000000000000000       0.0000000000000000        401
  110.366510      60.180984      -0.0000000000000000       0.0000000000000000        401
  113.753197      60.309239      -0.0000000000000000       0.0000000000000000        401
  117.154106      60.428196      -0.0000000000000000       0.0000000000000000        401
  120.568315      60.537400      -0.0000000000000000       0.0000000000000000        401
  123.994808      60.636423      -0.0000000000000000       0.0000000000000000        401
  127.432484      60.724878      -0.0000000000000000       0.0000000000000000        401
  130.880157      60.802413      -0.0000000000000000       0.0000000000000000        401
  134.336568      60.868716      -0.0000000000000000       0.0000000000000000        401
  137.800391      60.923521      -0.0000000000000000       0.0000000000000000      43101
  34.659459      53.196272      -0.0000000000000000       0.0000000000000000        302
  37.661330      53.376151      -0.0000000000000000       0.0000000000000000        302
  40.675328      53.560351      -0.0000000000000000       0.0000000000000000        302
  43.701948      53.748378      -0.0000000000000000       0.0000000000000000        302
  46.741673      53.939723      -0.0000000000000000       0.0000000000000000        302
  49.794967      54.133860      -0.0000000000000000       0.0000000000000000        302
  52.862272      54.330251      -0.0000000000000000       0.0000000000000000        302
  55.944006      54.528341      -0.0000000000000000       0.0000000000000000        302
  59.040559      54.727565      -0.0000000000000000       0.0000000000000000        302
  62.152289      54.927344      -0.0000000000000000       0.0000000000000000        390
  65.279521      55.127090      -0.0000000000000000       0.0000000000000000        468
  68.422538      55.326208      -0.0000000000000000       0.0000000000000000        468
  71.581580      55.524092      -0.0000000000000000       0.0000000000000000        468
  74.756839      55.720135      -0.0000000000000000       0.0000000000000000        401
  77.948455      55.913723      -0.0000000000000000       0.0000000000000000        401
  81.156511      56.104241      -0.0656316597443044       0.0330195100474692          0
  84.381030      56.291075      -0.1281998510871776       0.0715405541582172          0
  87.621969      56.473613      -0.1134882567970964       0.0699262002782443          0
  90.879215      56.651249      -0.0385181324024347       0.0261164560748583          0
  94.152584      56.823381      -0.0000000000000000       0.0000000000000000        401
  97.441815      56.989420      -0.0000000000000000       0.0000000000000000        401
  100.746570      57.148790      -0.0000000000000000       0.0000000000000000        401
  104.066427      57.300927      -0.0000000000000000       0.0000000000000000        401
  107.400885      57.445287      -0.0000000000000000       0.0000000000000000        401
  110.749355      57.581348      -0.0000000000000000       0.0000000000000000        401
  114.111169      57.708609      -0.0000000000000000       0.0000000000000000          0
  117.485574      57.826599      -0.0178370158313974       0.0079556118350130          0
  120.871737      57.934873      -0.0344572398858009       0.0171360117433728          0
  124.268748      58.033021      -0.0392034309778673       0.0215803022309083          0
  127.675621      58.120666      -0.0319907160538872       0.0169389992125373          0
  131.091304      58.197470      -0.0213265943156618       0.0071963265945294          0
  134.514679      58.263132      -0.0000000000000000       0.0000000000000000        401
  137.944574      58.317397      -0.0000000000000000       0.0000000000000000      43101
  35.063706      50.601077      -0.0000000000000000       0.0000000000000000        302
  38.077560      50.781575      -0.0000000000000000       0.0000000000000000        302
  41.102565      50.966340      -0.0000000000000000       0.0000000000000000        302
  44.139167      51.154872      -0.0000000000000000       0.0000000000000000        302
  47.187794      51.346656      -0.0000000000000000       0.0000000000000000        302
  50.248860      51.541160      -0.0000000000000000       0.0000000000000000        302
  53.322754      51.737839      -0.0000000000000000       0.0000000000000000        302
  56.409844      51.936136      -0.0000000000000000       0.0000000000000000        302
  59.510471      52.135481      -0.0000000000000000       0.0000000000000000        390
  62.624944      52.335293      -0.0000000000000000       0.0000000000000000        390
  65.753541      52.534982      -0.0000000000000000       0.0000000000000000        465
  68.896499      52.733953      -0.0000000000000000       0.0000000000000000        458
  72.054019      52.931601      -0.0000000000000000       0.0000000000000000        459
  75.226254      53.127318      -0.0847614845350955       0.0345478821470804          0
  78.413310      53.320495      -0.4943463706429733       0.2256812176386969          0
  81.615241      53.510521      -0.7272310676151395       0.3695911704239695          0
  84.832047      53.696787      -0.8130695488013784       0.4574761354031194          0
  88.063668      53.878686      -0.7770878059624684       0.4819269981002076          0
  91.309981      54.055619      -0.6342386709874328       0.4320177267424988          0
  94.570800      54.226994      -0.4110710192793594       0.3066938495097840          0
  97.845869      54.392231      -0.1219060764679974       0.0994168836220870          0
  101.134866      54.550763      -0.0000000000000000       0.0000000000000000        401
  104.437394      54.702038      -0.0000000000000000       0.0000000000000000        401
  107.752987      54.845524      -0.0000000000000000       0.0000000000000000        401
  111.081102      54.980708      -0.0661258105068180       0.0231364849541452          0
  114.421127      55.107105      -0.1500389315688693       0.0594941641376407          0
  117.772379      55.224253      -0.1998647266761429       0.0888399766723101          0
  121.134102      55.331721      -0.2293100449475423       0.1087008756197861          0
  124.505476      55.429110      -0.2504549465523806       0.1179706253596202          0
  127.885618      55.516054      -0.2667665752050814       0.1190505807790822          0
  131.273583      55.592226      -0.2786766001416529       0.1118758779609463          0
  134.668376      55.657335      -0.2939765361864471       0.1029778396945004          0
  138.068951      55.711132      -0.3112449175176661       0.0996765282310062          0
  35.425663      48.004630      -0.0000000000000000       0.0000000000000000        302
  38.449989      48.185674      -0.0000000000000000       0.0000000000000000        302
  41.484571      48.370936      -0.0000000000000000       0.0000000000000000        302
  44.529808      48.559911      -0.0000000000000000       0.0000000000000000        302
  47.586087      48.752077      -0.0000000000000000       0.0000000000000000        302
  50.653776      48.946897      -0.0000000000000000       0.0000000000000000        302
  53.733221      49.143823      -0.0000000000000000       0.0000000000000000        302
  56.824748      49.342294      -0.0000000000000000       0.0000000000000000        302
  59.928656      49.541735      -0.0000000000000000       0.0000000000000000        390
  63.045215      49.741565      -0.0000000000000000       0.0000000000000000        466
  66.174664      49.941193      -0.0000000000000000       0.0000000000000000        458
  69.317207      50.140021      -0.0000000000000000       0.0000000000000000        459
  72.473011      50.337448      -0.2147953048169445       0.0793516929739317          0
  75.642200      50.532866      -0.8220542733090073       0.3410369055654061          0
  78.824856      50.725668      -1.2540845039517967       0.5804072905770114          0
  82.021012      50.915248      -1.4982070070605968       0.7695117431555762          0
  85.230650      51.101001      -1.5639926038733936       0.8874544860425692          0
  88.453701      51.282326      -1.4811251771642646       0.9248189308443484          0
  91.690039      51.458631      -1.2754906323608495       0.8734333740326816          0
  94.939479      51.629331      -0.9806196937955045       0.7343439581628135          0
  98.201776      51.793854      -0.6265514110007899       0.5119272225293889          0
  101.476624      51.951642      -0.2916395403829634       0.2434658564347698          0
  104.763653      52.102154      -0.1349917320413393       0.0645918962993943          0
  108.062428      52.244865      -0.1947906622857985       0.0604742412554155          0
  111.372453      52.379276      -0.2993057760195838       0.1056941066415167          0
  114.693165      52.504910      -0.3743371412765503       0.1489298998794035          0
  118.023941      52.621317      -0.4194027983254394       0.1843145690455007          0
  121.364098      52.728076      -0.4509864241289506       0.2070830860803119          0
  124.712891      52.824798      -0.4760023125977438       0.2192153600008930          0
  128.069525      52.911128      -0.5002816931109182       0.2231692865443982          0
  131.433151      52.986745      -0.5260733304007179       0.2202780029178179          0
  134.802875      53.051369      -0.5629545956033907       0.2153220770125184          0
  138.177761      53.104758      -0.6168826412026057       0.2192123302931673          0
  35.752897      45.407155      -0.0000000000000000       0.0000000000000000        302
  38.786481      45.588686      -0.0000000000000000       0.0000000000000000        301
  41.829493      45.774390      -0.0000000000000000       0.0000000000000000        301
  44.882293      45.963757      -0.0000000000000000       0.0000000000000000        301
  47.945231      46.156260      -0.0000000000000000       0.0000000000000000        301
  51.018635      46.351357      -0.0000000000000000       0.0000000000000000        302
  54.102816      46.548497      -0.0000000000000000       0.0000000000000000        302
  57.198065      46.747115      -0.0000000000000000       0.0000000000000000        302
  60.304645      46.946634      -0.0000000000000000       0.0000000000000000        390
  63.422794      47.146471      -0.0000000000000000       0.0000000000000000        466
  66.552720      47.346034      -0.0000000000000000       0.0000000000000000        458
  69.694600      47.544726      -0.0000000000000000       0.0000000000000000        459
  72.848573      47.741945      -0.9496516900852934       0.3581593871784790          0
  76.014743      47.937086      -1.6585569193504757       0.6999923735901854          0
  79.193172      48.129545      -2.1108101457823216       0.9900100712016656          0
  82.383878      48.318718      -2.3524756743924176       1.2210720247488829          0
  85.586834      48.504004      -2.3742597120526709       1.3591922203720044          0
  88.801964      48.684810      -2.2187027457343209       1.3960410228383797          0
  92.029142      48.860547      -1.9379343060074907       1.3356795794918837          0
  95.268189      49.030639      -1.5785295144384894       1.1865763552120863          0
  98.518873      49.194520      -1.2119643311643105       0.9366922741285358          0
  101.780905      49.351641      -0.8786193962712178       0.6284506027099005          0
  105.053941      49.501468      -0.6438050078941791       0.3529989141531920          0
  108.337578      49.643487      -0.5464671379838493       0.2055825325057930          0
  111.631360      49.777208      -0.5774690685503496       0.2052871809059767          0
  114.934771      49.902162      -0.6276771058104247       0.2506464829542132          0
  118.247244      50.017909      -0.6583512501796380       0.2893478752637458          0
  121.568155      50.124037      -0.6818759677556958       0.3155379337805253          0
  124.896832      50.220166      -0.7024810691939596       0.3294439687694448          0
  128.232553      50.305949      -0.7257994883452494       0.3333578755894860          0
  131.574552      50.381075      -0.7560452747280673       0.3290196741171481          0
  134.922025      50.445269      -0.8031651255384150       0.3213522026871227          0
  138.274129      50.498295      -0.8800658069905698       0.3247717407208784          0
  36.051336      42.808827      -0.0000000000000000       0.0000000000000000        551
  39.093189      42.990797      -0.0000000000000000       0.0000000000000000        551
  42.143699      43.176899      -2.3494351597908252      -0.2062607985878288        503
  45.203195      43.366617      -0.0000000000000000       0.0000000000000000        301
  48.271990      43.559419      -0.0000000000000000       0.0000000000000000        301
  51.350383      43.754763      -0.0000000000000000       0.0000000000000000        301
  54.438652      43.952090      -0.0000000000000000       0.0000000000000000        301
  57.537057      44.150833      -0.0000000000000000       0.0000000000000000        301
  60.645833      44.350416      -0.0000000000000000       0.0000000000000000        390
  63.765191      44.550252      -0.0000000000000000       0.0000000000000000        466
  66.895314      44.749749      -0.0000000000000000       0.0000000000000000        466
  70.036355      44.948310      -0.8618018439852682       0.1466807223564408          0
  73.188434      45.145334      -1.9563275606418324       0.5806518155719200          0
  76.351637      45.340217      -2.7226811162114055       1.1681413659814064          0
  79.526011      45.532358      -2.8669977695902471       1.3627115938047181        580
  82.711566      45.721156      -2.8127219299025570       1.4754208297577436        580
  85.908266      45.906016      -2.7495183231825200       1.5868763595296957        580
  89.116036      46.086346      -2.6774950026932776       1.6966558275789518        580
  92.334750      46.261567      -2.5967929442131847       1.8043296053000748        580
  95.564239      46.431105      -2.1907570681966515       1.6208482564613504          0
  98.804283      46.594404      -1.8295777105214333       1.2965197004716160          0
  102.054612      46.750921      -1.4713536659007065       0.9492806445041171          0
  105.314906      46.900129      -1.1425634253767778       0.6119609019747079          0
  108.584796      47.041524      -0.9258158559435987       0.3748170197979318          0
  111.863859      47.174621      -0.8755396943853786       0.3139850245844459          0
  115.151625      47.298963      -0.8972218135759000       0.3598488109345038          0
  118.447574      47.414116      -0.9061349807988945       0.4024489491597280          0
  121.751141      47.519677      -0.9137301295738504       0.4335779677787107          0
  125.061712      47.615274      -0.9225852730081163       0.4497843515393725          0
  128.378635      47.700567      -0.9372237807423219       0.4518107316884128          0
  131.701217      47.775252      -0.9642537594669998       0.4406333451427178          0
  135.028728      47.839060      -1.0140234444136236       0.4209358382034973          0
  138.360411      47.891762      -1.0983766687210674       0.4075084031585148          0
  36.325694      40.209788      -0.0000000000000000       0.0000000000000000        525
  39.375000      40.392156      -0.0000000000000000       0.0000000000000000        526
  42.432244      40.578618      -0.0000000000000000       0.0000000000000000        526
  45.497724      40.768653      -0.0000000000000000       0.0000000000000000        526
  48.571725      40.961725      -0.0000000000000000       0.0000000000000000        301
  51.654516      41.157288      -0.0000000000000000       0.0000000000000000        301
  54.746350      41.354781      -0.0000000000000000       0.0000000000000000        301
  57.847458      41.553634      -0.0000000000000000       0.0000000000000000        301
  60.958053      41.753269      -0.0000000000000000       0.0000000000000000        301
  64.078323      41.953098      -0.0000000000000000       0.0000000000000000        467
  67.208429      42.152528      -0.2052920528616755       0.0244945828521145          0
  70.348506      42.350963      -2.0106246826758598       0.2809479548850599          0
  73.498659      42.547802      -3.4691776908893539       0.5392954832953973          0
  76.658958      42.742444      -3.0318575274524227       1.1618604425726207          0
  79.829443      42.934290      -2.8622072111546197       1.3765300016251563        580
  83.010114      43.122742      -2.8071869134530276       1.4840034083653586        580
  86.200935      43.307207      -2.7433010850161255       1.5902767039788783        580
  89.401828      43.487101      -2.6706675920991128       1.6949456955338724        580
  92.612674      43.661846      -2.6394850691571605       1.7960962509348464          0
  95.833313      43.830877      -2.7598068108753884       1.8089966242094448          0
  99.063539      43.993644      -2.4877616479232452       1.5582365032126022          0
  102.303101      44.149608      -2.1179965312984743       1.2344101357161843          0
  105.551703      44.298252      -1.6986481166048408       0.8671085356784424          0
  108.809004      44.439077      -1.3184166307059586       0.5241131936598624          0
  112.074617      44.571608      -1.1899380251405423       0.4292466842849461          0
  115.348112      44.695393      -1.1742578937832775       0.4735100176827044          0
  118.629014      44.810007      -1.1578900086461377       0.5182808959696442          0
  121.916807      44.915053      -1.1405348886875020       0.5579411145104281          0
  125.210934      45.010168      -1.1301698373310085       0.5817889177021629          0
  128.510802      45.095017      -1.1289889918616405       0.5842757578150174          0
  131.815783      45.169302      -1.1449423290064393       0.5608558161127359          0
  135.125217      45.232762      -1.1879535130591936       0.5125584356675093          0
  138.438417      45.285169      -1.2678841129656742       0.4446483824806506          0
  36.579772      37.610148      -0.0000000000000000       0.0000000000000000        522
  39.635854      37.792882      -2.2082739320404317       0.1238326514050894        503
  42.699197      37.979673      -2.3801034370105074       0.1855108276451426        503
  45.770073      38.169996      -0.0000000000000000       0.0000000000000000        505
  48.848741      38.363314      -2.7040333703164179       0.3272635368553907        503
  51.935446      38.559074      -2.8551163007724183       0.4071944762083863        503
  55.030415      38.756716      -0.0000000000000000       0.0000000000000000        301
  58.133860      38.955665      -0.0000000000000000       0.0000000000000000        301
  61.245971      39.155342      -0.0000000000000000       0.0000000000000000        301
  64.366916      39.355159      -0.0000000000000000       0.0000000000000000        301
  67.496840      39.554523      -1.0399962905330340       0.1671186940208668          0
  70.635863      39.752837      -3.1832809936531161       0.5838366601765556          0
  73.784077      39.949501      -3.5355098011370125       0.7315995774009678        501
  76.941542      40.143916      -3.6646318667286626       0.8466470695919863        501
  80.108289      40.335485      -3.5712102051290393       1.0768120324215644          0
  83.284316      40.523614      -3.0676535738940993       1.4203535978584991          0
  86.469585      40.707713      -3.0977261396370688       1.5432918709032635          0
  89.664020      40.887202      -3.1288485342836463       1.6614294758216150          0
  92.867510      41.061508      -3.1771312320290761       1.7734564846534480          0
  96.079904      41.230071      -3.3122946584240047       1.8538298608060662          0
  99.301009      41.392346      -3.1892805166868214       1.7565593204537637          0
  102.530595      41.547802      -2.8410465892791983       1.4977616206885447          0
  105.768389      41.695927      -2.2956350220529425       1.0998638911907599          0
  109.014077      41.836230      -1.7349727811134099       0.6666643140159020          0
  112.267305      41.968241      -1.4249004024969087       0.4822408638100447          0
  115.527679      42.091515      -1.4168315797439734       0.5527447848207625          0
  118.794766      42.205635      -1.4030063678967568       0.6258477757319767          0
  122.068096      42.310211      -1.3634986606849315       0.6759494404325158          0
  125.347163      42.404884      -1.3163716483630652       0.7152098598646510          0
  128.631427      42.489327      -1.2869885499291724       0.7450799724732775          0
  131.920318      42.563248      -1.2811571167287283       0.7324740641157783          0
  135.213239      42.626389      -1.2960518004460124       0.5439575766923989          0
  138.509566      42.678529      -0.0000000000000000       0.0000000000000000          0
  36.816674      35.010001      -2.0445517808443050       0.2694884176764074        503
  39.878964      35.193072      -2.2221476082611056       0.3214317539164037        503
  42.947875      35.380166      -2.3937602877044313       0.3792365222215741        503
  46.023656      35.570754      -0.0000000000000000       0.0000000000000000        505
  49.106543      35.764296      -0.0000000000000000       0.0000000000000000        505
  52.196759      35.960236      -0.0000000000000000       0.0000000000000000        505
  55.294511      36.158011      -0.0000000000000000       0.0000000000000000        505
  58.399989      36.357046      -0.0000000000000000       0.0000000000000000        505
  61.513368      36.556758      -0.0000000000000000       0.0000000000000000        301
  64.634799      36.756559      -0.0000000000000000       0.0000000000000000        301
  67.764412      36.955857      -1.9134426758763945       0.4572740337046549          0
  70.902315      37.154053      -3.4082825801936867       0.8104633974909120        501
  74.048589      37.350551      -3.5467444454602099       0.9129770298679804        501
  77.203288      37.544752      -3.6748415084976651       1.0214504972237779        501
  80.366437      37.736061      -3.7920987802438395       1.1356269516040980        501
  83.538032      37.923887      -3.8460148981693250       1.2751661644572634          0
  86.718034      38.107643      -3.7611480472264471       1.4604737015710683          0
  89.906374      38.286754      -3.6898196145467317       1.6275481913632475          0
  93.102947      38.460651      -3.6929692821037547       1.7636043762177118          0
  96.307612      38.628779      -3.8078490240621159       1.8713472222399505          0
  99.520192      38.790598      -3.9614362765868627       1.9429690229705381          0
  102.740475      38.945583      -3.5079781538331298       1.6788655739703979          0
  105.968210      39.093228      -2.5682228711964803       1.0998764415661135          0
  109.203110      39.233046      -1.7783785264405503       0.5789301792303030          0
  112.444852      39.364577      -1.4189994346652890       0.3549478253880638          0
  115.693075      39.487380      -1.3944633992909821       0.4101678233568241          0
  118.947385      39.601044      -1.3864385886549737       0.4874241273851481          0
  122.207354      39.705186      -1.3719602950526364       0.5591991774560797          0
  125.472521      39.799452      -1.3519812636599418       0.6116649804883412          0
  128.742397      39.883522      -1.3297400544913169       0.6356825685962849          0
  132.016465      39.957107      -1.3091693018319237       0.6136655721042905          0
  135.294181      40.019954      -0.0000000000000000       0.0000000000000000          0
  138.574982      40.071848      -0.0000000000000000       0.0000000000000000          0
  37.038969      32.409421      -2.0576463813385137       0.4692316755594911        503
  40.106985      32.592806      -2.2351238902996613       0.5174202470842818        503
  43.181017      32.780181      -2.4065229923031204       0.5711283264432625        503
  46.261290      32.971015      -2.5713230671342724       0.6303313599710525        503
  49.348020      33.164763      -0.0000000000000000       0.0000000000000000        505
  52.441409      33.360868      -0.0000000000000000       0.0000000000000000        505
  55.541648      33.558764      -0.0000000000000000       0.0000000000000000        505
  58.648910      33.757874      -0.0000000000000000       0.0000000000000000        505
  61.763352      33.957615      -0.0000000000000000       0.0000000000000000        506
  64.885114      34.157398      -0.0000000000000000       0.0000000000000000        506
  68.014312      34.356629      -0.0000000000000000       0.0000000000000000      50601
  71.151046      34.554713      -3.4196084655628285       0.9947633429265803        501
  74.295387      34.751051      -3.5571585268815022       1.0907356138178810        501
  77.447384      34.945049      -3.6842935819198415       1.1923563317957995        501
  80.607059      35.136112      -3.8005499444688255       1.2993848062671021        501
  83.774407      35.323652      -3.9054910548814190       1.4115475416724217        501
  86.949393      35.507086      -3.9987098350293717       1.5285381847190656        501
  90.131951      35.685842      -4.0798310601434915       1.6500177720614508        501
  93.321984      35.859356      -4.1485137277495285       1.7756152954751125        501
  96.519363      36.027077      -4.2044534011555434       1.9049285983865669        501
  99.723928      36.188470      -4.2473845023547927       2.0375256138911473        501
  102.935481      36.343014      -3.2516983131386681       1.3905387265309994          0
  106.153796      36.490211      -2.3206311175780607       0.8071539913529786          0
  109.378610      36.629579      -1.6304397663317691       0.3429979009716135          0
  112.609627      36.760662      -1.3779497841071384       0.1964526740626070          0
  115.846521      36.883027      -1.3763901843814113       0.2716289456642116          0
  119.088932      36.996267      -1.3738912833242460       0.3535127104280466          0
  122.336471      37.100006      -1.3642899867054794       0.4173775157364598          0
  125.588721      37.193895      -1.3502344639338719       0.4555987777616271          0
  128.845236      37.277618      -1.3355298389388184       0.4599731290694049          0
  132.105548      37.350892      -1.3262619487428591       0.4077045649527331          0
  135.369163      37.413468      -0.0000000000000000       0.0000000000000000          0
  138.635572      37.465133      -5.8273038411688791       3.0319975152967507        609
  37.248802      29.808474      -0.0000000000000000       0.0000000000000000          0
  40.322138      29.992151      -2.2473353766351929       0.7114668297502722        503
  43.400910      30.179789      -2.4185239213703755       0.7608730115305502        503
  46.485325      30.370851      -2.5830250965168711       0.8154306662160065        503
  49.575579      30.564790      -2.7403323106967616       0.8751057203945558        503
  52.671858      30.761048      -0.0000000000000000       0.0000000000000000        505
  55.774335      30.959054      -0.0000000000000000       0.0000000000000000        505
  58.883169      31.158232      -0.0000000000000000       0.0000000000000000        505
  61.998505      31.357997      -0.0000000000000000       0.0000000000000000      50601
  65.120468      31.557759      -0.0000000000000000       0.0000000000000000      50601
  68.249168      31.756925      -0.0000000000000000       0.0000000000000000      50601
  71.384693      31.954899      -3.4301888537147844       1.1754884004853798        501
  74.527111      32.151084      -3.5668764890817872       1.2646630627474567        501
  77.676466      32.344887      -3.6931034424742339       1.3591734939287923        501
  80.832778      32.535717      -3.8084167229022996       1.4587964275194647        501
  83.996042      32.722986      -3.9123911066298493       1.5632771108969381        501
  87.166227      32.906116      -4.0046313649267908       1.6723292765527709        501
  90.343272      33.084536      -4.0847744957998824       1.7856354051215508        501
  93.527091      33.257688      -4.1524919411878827       1.9028472951024173        501
  96.717567      33.425026      -4.4424558251306454       2.2233271216264479        607
  99.914551      33.586018      -4.4106578081423358       2.3573662297700237       7250
  103.117866      33.740150      -2.3848622982883931       0.7478861992479424          0
  106.327306      33.886926      -1.7491875875081253       0.2884154361977078          0
  109.542631      34.025871      -1.3477328129299331      -0.0060481287132951          0
  112.763574      34.156535      -1.3516334093429925       0.0451375557214797          0
  115.989838      34.278490      -1.3629580315708894       0.1368825694945867          0
  119.221097      34.391334      -1.3657567849485102       0.2255346503711967          0
  122.456998      34.494696      -1.3609246308816734       0.2871388585904614          0
  125.697163      34.588232      -1.3516072835243669       0.3211554407330651          0
  128.941188      34.671631      -1.3417190766820895       0.3277784435787008          0
  132.188648      34.744614      -1.3364183165856107       0.2928665286892537          0
  135.439099      34.806937      -0.0000000000000000       0.0000000000000000          0
  138.692076      34.858389      -0.0000000000000000       0.0000000000000000          0
  37.447990      27.207211      -0.0000000000000000       0.0000000000000000          0
  40.526298      27.391165      -0.0000000000000000       0.0000000000000000          0
  43.609487      27.579049      -2.4298742781068019       0.9481478076376438        503
  46.697744      27.770325      -2.5940839229227133       0.9978628788287820        503
  49.791251      27.964443      -2.7510185880395985       1.0523540356482595        503
  52.890177      28.160842      -2.9001892233816604       1.1115790526458571        503
  55.994681      28.358950      -3.0411232074199104       1.1754752191246836        503
  59.104909      28.558189      -0.0000000000000000       0.0000000000000000        505
  62.220994      28.757973      -0.0000000000000000       0.0000000000000000      50601
  65.343051      28.957712      -0.0000000000000000       0.0000000000000000      50601
  68.471183      29.156813      -0.0000000000000000       0.0000000000000000          0
  71.605469      29.354680      -3.4401339491990308       1.3523870103182591        501
  74.745974      29.550719      -3.5760015018555120       1.4345283691850259        501
  77.892739      29.744335      -3.7013665415854513       1.5216913826059351        501
  81.045784      29.934941      -3.8157862472844437       1.6136713361131794        501
  84.205105      30.121952      -3.9188461336429818       1.7102333012505972        501
  87.370676      30.304792      -4.0101621571995727       1.8111121184997481        501
  90.542443      30.482894      -4.0893828152447966       1.9160126637957586        501
  93.720328      30.655704      -4.1561912203353373       2.0246104116521839        501
  96.904226      30.822678      -4.4409786093525945       2.2708005450178312        607
  100.094003      30.983291      -4.4084648641737179       2.3953397301212860       7250
  103.289501      31.137032      -1.6433753521361065       0.1752661664381630          0
  106.490531      31.283411      -1.3164276769513907      -0.0615493310532844          0
  109.696880      31.421959      -1.3327600030798989      -0.0231973171161544          0
  112.908304      31.552228      -1.3452235843434888       0.0185231961665697          0
  116.124535      31.673796      -1.3552798517195499       0.0608829375390859          0
  119.345279      31.786267      -1.3622300899305175       0.1091189283804044          0
  122.570216      31.889274      -1.3620188970098983       0.1727802893383655          0
  125.799006      31.982479      -1.3553739718299771       0.2131154852149107          0
  129.031283      32.065574      -1.3478645355114285       0.2358603017719975          0
  132.266663      32.138284      -0.0000000000000000       0.0000000000000000          0
  135.504743      32.200369      -0.0000000000000000       0.0000000000000000          0
  138.745107      32.251621      -0.0000000000000000       0.0000000000000000          0
  37.638086      24.605680      -1.2038072934580537       0.2576790192980537        715
  40.721067      24.789895      -0.0000000000000000       0.0000000000000000          0
  43.808394      24.978012      -2.4406685137607664       1.1326235077118796        503
  46.900239      25.169489      -2.6045929030056594       1.1773154758981046        503
  49.996767      25.363775      -2.7611653698473466       1.2264350656918350        503
  53.098133      25.560306      -2.9099004477087735       1.2799529259882594        503
  56.204483      25.758508      -3.0503299886163555       1.3378201413337216        503
  59.315952      25.957803      -0.0000000000000000       0.0000000000000000      50602
  62.432662      26.157603      -0.0000000000000000       0.0000000000000000      50602
  65.554722      26.357317      -0.0000000000000000       0.0000000000000000      50602
  68.682225      26.556354      -0.0000000000000000       0.0000000000000000          0
  71.815247      26.754117      -0.0000000000000000       0.0000000000000000          0
  74.953849      26.950012      -3.5846200615253165       1.6000872721085670        501
  78.098069      27.143449      -3.7091627541778251       1.6796856118806709        501
  81.247930      27.333840      -3.8227312838031913       1.7638048822073653        501
  84.403430      27.520604      -3.9249213883326961       1.8522309417335499        501
  87.564547      27.703167      -4.0153596378007332       1.9447206488831970        501
  90.731236      27.880965      -0.0000000000000000       0.0000000000000000          0
  93.903427      28.053448      -0.0000000000000000       0.0000000000000000          0
  97.081028      28.220077      -0.0000000000000000       0.0000000000000000          0
  100.263919      28.380330      -4.4063485997678251       2.4269459747086768        607
  103.451959      28.533700      -1.2983229667011900      -0.1053791959686109          0
  106.644980      28.679702      -1.3177284827167401      -0.0600459783843415          0
  109.842789      28.817871      -1.3336370044409975      -0.0151780462976823          0
  113.045168      28.947766      -1.3442441617044181       0.0273740715437412          0
  116.251876      29.068968      -1.3524150364295198       0.0686384938040555          0
  119.462650      29.181087      -1.3584815842738667       0.1080709498913927          0
  122.677200      29.283758      -1.3608702404864215       0.1453434523698230          0
  125.895220      29.376649      -1.3570925963816354       0.1827040527930030          0
  129.116382      29.459456      -1.3504657168230438       0.2203753418921567          0
  132.340339      29.531909      -0.0000000000000000       0.0000000000000000          0
  135.566729      29.593768      -0.0000000000000000       0.0000000000000000          0
  138.795176      29.644831      -0.0000000000000000       0.0000000000000000          0
  37.820431      22.003920      -1.2051177337865027       0.2848601041029107        715
  40.907831      22.188383      -0.0000000000000000       0.0000000000000000          0
  43.999058      22.376721      -0.0000000000000000       0.0000000000000000          0
  47.094270      22.568390      -2.6146320789239321       1.3534713478896139        503
  50.193618      22.762834      -2.7708510617199380       1.3970483537433405        503
  53.297245      22.959489      -2.9191627956224111       1.4446824555279973        503
  56.405286      23.157779      -3.0591035639396247       1.4963394221228492        503
  59.517864      23.357124      -0.0000000000000000       0.0000000000000000      50602
  62.635094      23.556936      -0.0000000000000000       0.0000000000000000      50602
  65.757076      23.756625      -0.0000000000000000       0.0000000000000000          0
  68.883898      23.955597      -0.0000000000000000       0.0000000000000000          0
  72.015633      24.153258      -0.0000000000000000       0.0000000000000000          0
  75.152338      24.349015      -0.0000000000000000       0.0000000000000000          0
  78.294053      24.542278      -3.7165596531629577       1.8329225393478570        501
  81.440800      24.732462      -3.8293132682557269       1.9089829256385169        501
  84.592583      24.918987      -3.9306718424181515       1.9890752702665655        501
  87.749383      25.101284      -0.0000000000000000       0.0000000000000000          0
  90.911164      25.278791      -0.0000000000000000       0.0000000000000000          0
  94.077866      25.450962      -0.0000000000000000       0.0000000000000000          0
  97.249409      25.617260      -1.1704773886206419      -0.2208768021602005        603
  100.425688      25.777167      -4.4042977908388687       2.4522257949986082       7250
  103.606579      25.930183      -1.2914193870226833      -0.1134479335105805          0
  106.791931      26.075826      -1.3243813999895386      -0.0538710679261836          0
  109.981574      26.213635      -1.3378968158859821      -0.0060224560590226          0
  113.175314      26.343173      -1.3460981095879538       0.0368761596988529          0
  116.372936      26.464026      -1.3524564454629338       0.0768892224843325          0
  119.574203      26.575809      -1.3573772506780961       0.1142494756649975          0
  122.778859      26.678161      -1.3602825026830689       0.1484438068109048          0
  125.986628      26.770754      -1.3579416873191983       0.1828358188606288          0
  129.197215      26.853287      -0.0000000000000000       0.0000000000000000          0
  132.410311      26.925495      -6.4253750031034595       3.5126892998385308        678
  135.625590      26.987140      -0.0000000000000000       0.0000000000000000          0
  138.842716      27.038024      -0.0000000000000000       0.0000000000000000          0
  37.996200      19.401966      -1.2063693601301975       0.3110884607654356        715
  41.087797      19.586667      -0.0000000000000000       0.0000000000000000          0
  44.182719      19.775216      -0.0000000000000000       0.0000000000000000          0
  47.281109      19.967066      -2.6242708310030349       1.5260111237270249        503
  50.383105      20.161661      -2.7801435180391012       1.5638906313198389        503
  53.488839      20.358432      -0.0000000000000000       0.0000000000000000          0
  56.598434      20.556805      -0.0000000000000000       0.0000000000000000          0
  59.712007      20.756196      -0.0000000000000000       0.0000000000000000          0
  62.829663      20.956018      -0.0000000000000000       0.0000000000000000          0
  65.951496      21.155679      -0.0000000000000000       0.0000000000000000          0
  69.077591      21.354587      -0.0000000000000000       0.0000000000000000          0
  72.208017      21.552148      -0.0000000000000000       0.0000000000000000          0
  75.342830      21.747770      -0.0000000000000000       0.0000000000000000          0
  78.482071      21.940864      -3.7236150213709194       1.9811628926087634        501
  81.625763      22.130847      -3.8355846290800915       2.0489855666820276        501
  84.773914      22.317142      -3.9361443042226751       2.1205657467224071        501
  87.926513      22.499182      -0.0000000000000000       0.0000000000000000          0
  91.083531      22.676409      -0.0000000000000000       0.0000000000000000          0
  94.244918      22.848277      -0.0000000000000000       0.0000000000000000          0
  97.410606      23.014257      -1.1723812822864157      -0.1900035814614479        603
  100.580506      23.173834      -1.2378431387813089      -0.1162039945660488      60301
  103.754509      23.326510      -1.2980521019139193      -0.0915022384366380      60401
  106.932483      23.471807      -1.3383602575309854      -0.0438482461648570          0
  110.114279      23.609271      -1.3458979956033454       0.0057717698578882          0
  113.299726      23.738467      -1.3501763358445635       0.0482929270526612          0
  116.488634      23.858987      -1.3545377227718385       0.0865033232037378          0
  119.680792      23.970447      -1.3594389008564940       0.1202636361223906          0
  122.875973      24.072495      -1.3626936200282183       0.1513192576705612          0
  126.073931      24.164802      -0.0000000000000000       0.0000000000000000          0
  129.274406      24.247075      -0.0000000000000000       0.0000000000000000          0
  132.477120      24.319047      -0.0000000000000000       0.0000000000000000          0
  135.681784      24.380489      -0.0000000000000000       0.0000000000000000          0
  138.888096      24.431202      -0.0000000000000000       0.0000000000000000          0
  38.166431      16.799848      -1.2075707294792617       0.3363274579369815        715
  41.262037      16.984777      -0.0000000000000000       0.0000000000000000          0
  44.360477      17.173529      -1.4549962126387541       0.9703964058759875        710
  47.461880      17.365553      -0.0000000000000000       0.0000000000000000          0
  50.566374      17.560291      -0.0000000000000000       0.0000000000000000          0
  53.674080      17.757174      -0.0000000000000000       0.0000000000000000          0
  56.785112      17.955624      -0.0000000000000000       0.0000000000000000          0
  59.899578      18.155057      -0.0000000000000000       0.0000000000000000          0
  63.017577      18.354886      -0.0000000000000000       0.0000000000000000          0
  66.139199      18.554519      -0.0000000000000000       0.0000000000000000          0
  69.264524      18.753363      -0.0000000000000000       0.0000000000000000          0
  72.393620      18.950825      -0.0000000000000000       0.0000000000000000          0
  75.526541      19.146314      -0.0000000000000000       0.0000000000000000          0
  78.663330      19.339243      -0.0000000000000000       0.0000000000000000          0
  81.804013      19.529031      -3.8415905890079141       2.1835901581040296        501
  84.948604      19.715103      -3.9413790567830609       2.2464991174473541        501
  88.097097      19.896893      -0.0000000000000000       0.0000000000000000          0
  91.249472      20.073848      -0.0000000000000000       0.0000000000000000          0
  94.405691      20.245425      -0.0000000000000000       0.0000000000000000          0
  97.565696      20.411098      -1.1742042762031057      -0.1590537841683130        603
  100.729413      20.570355      -1.2407541967449776      -0.0617874104940618      60301
  103.896749      20.722703      -1.3006584068428042      -0.0400398398226843      60404
  107.067591      20.867668      -1.3566485727725914      -0.0166381767217308      60406
  110.241811      21.004798      -1.3555482073620948       0.0230695318175111          0
  113.419258      21.133665      -1.3541108981991337       0.0634912923870231          0
  116.599767      21.253864      -1.3573884054781529       0.0982053794782202          0
  119.783153      21.365016      -1.3628352852940429       0.1258512801636327        612
  122.969217      21.466770      -0.0000000000000000       0.0000000000000000          0
  126.157741      21.558803      -0.0000000000000000       0.0000000000000000          0
  129.348496      21.640824      -0.0000000000000000       0.0000000000000000          0
  132.541236      21.712572      -0.0000000000000000       0.0000000000000000          0
  135.735706      21.773818      -6.4485644737597454       3.8563615402330731        678
  138.931638      21.824366      -0.0000000000000000       0.0000000000000000          0
  38.332054      14.197593      -1.2087293454807602       0.3605393829557521        715
  41.431506      14.382744      -0.0000000000000000       0.0000000000000000          0
  44.533311      14.571690      -1.4776541253089217       1.3411138613116700        710
  47.637586      14.763882      -0.0000000000000000       0.0000000000000000          0
  50.744448      14.958758      -0.0000000000000000       0.0000000000000000          0
  53.854008      15.155746      -0.0000000000000000       0.0000000000000000          0
  56.966373      15.354269      -0.0000000000000000       0.0000000000000000          0
  60.081642      15.553742      -0.0000000000000000       0.0000000000000000          0
  63.199911      15.753576      -0.0000000000000000       0.0000000000000000          0
  66.321264      15.953180      -0.0000000000000000       0.0000000000000000          0
  69.445778      16.151959      -0.0000000000000000       0.0000000000000000          0
  72.573520      16.349323      -0.0000000000000000       0.0000000000000000          0
  75.704545      16.544682      -0.0000000000000000       0.0000000000000000          0
  78.838898      16.737449      -0.0000000000000000       0.0000000000000000          0
  81.976609      16.927046      -3.8473705805671465       2.3125737641006556        501
  85.117695      17.112900      -3.9464111416725958       2.3666719050181526        502
  88.262160      17.294447      -0.0000000000000000       0.0000000000000000          0
  91.409991      17.471138      -0.0000000000000000       0.0000000000000000          0
  94.561161      17.642432      -0.0000000000000000       0.0000000000000000          0
  97.715625      17.807806      -1.1759584325042971      -0.1280754506675368        603
  100.873322      17.966753      -1.2435596053039406      -0.0075458337118525      60401
  104.034177      18.118783      -1.3031689318956226       0.0112012607089419        604
  107.198094      18.263426      -1.3588650971564524       0.0314556218159384      60404
  110.364964      18.400234      -1.3378612749435621       0.0602473013137764      60201
  113.534658      18.528783      -0.0000000000000000       0.0000000000000000          0
  116.707035      18.648671      -0.0000000000000000       0.0000000000000000          0
  119.881934      18.759524      -0.0000000000000000       0.0000000000000000          0
  123.059182      18.860994      -0.0000000000000000       0.0000000000000000          0
  126.238590      18.952764      -0.0000000000000000       0.0000000000000000          0
  129.419957      19.034543      -0.0000000000000000       0.0000000000000000          0
  132.603069      19.106074      -0.0000000000000000       0.0000000000000000          0
  135.787701      19.167130      -0.0000000000000000       0.0000000000000000          0
  138.973620      19.217520      -0.0000000000000000       0.0000000000000000          0
  38.493911      11.595228      -1.2098518612934752       0.3836859095032528        715
  41.597071      11.780592      -0.0000000000000000       0.0000000000000000          0
  44.702109      11.969728      -1.2092651130038778       0.9644161759999663        709
  47.809134      12.162082      -1.1906473069480903       0.9785029668559546        709
  50.918250      12.357090      -1.1685130182239774       0.9927894743702657        709
  54.029561      12.554180      -0.0000000000000000       0.0000000000000000          0
  57.143166      12.752772      -0.0000000000000000       0.0000000000000000          0
  60.259160      12.952282      -0.0000000000000000       0.0000000000000000          0
  63.377630      13.152118      -0.0000000000000000       0.0000000000000000          0
  66.498659      13.351691      -0.0000000000000000       0.0000000000000000          0
  69.622323      13.550406      -0.0000000000000000       0.0000000000000000          0
  72.748687      13.747673      -0.0000000000000000       0.0000000000000000          0
  75.877808      13.942903      -0.0000000000000000       0.0000000000000000          0
  79.009732      14.135511      -0.0000000000000000       0.0000000000000000          0
  82.144495      14.324920      -0.0000000000000000       0.0000000000000000          0
  85.282120      14.510560      -3.9512713782095927       2.4808824489285626        502
  88.422616      14.691870      -0.0000000000000000       0.0000000000000000          0
  91.565982      14.868302      -0.0000000000000000       0.0000000000000000          0
  94.712199      15.039320      -0.0000000000000000       0.0000000000000000          0
  97.861237      15.204403      -1.1776543794452867      -0.0971194850558195      60302
  101.013049      15.363048      -1.2462759722717001       0.0464215510249072      60402
  104.167575      15.514768      -1.3055986619178015       0.0621284147556475        604
  107.324737      15.659098      -1.3610093238342735       0.0791957217944289        604
  110.484445      15.795593      -0.0000000000000000       0.0000000000000000          0
  113.646592      15.923833      -1.3507124612099985       0.0941547513704003        612
  116.811058      16.043419      -0.0000000000000000       0.0000000000000000          0
  119.977707      16.153982      -0.0000000000000000       0.0000000000000000          0
  123.146392      16.255178      -0.0000000000000000       0.0000000000000000          0
  126.316950      16.346690      -0.0000000000000000       0.0000000000000000          0
  129.489208      16.428234      -0.0000000000000000       0.0000000000000000          0
  132.662982      16.499555      -0.0000000000000000       0.0000000000000000          0
  135.838077      16.560428      -0.0000000000000000       0.0000000000000000          0
  139.014291      16.610664      -0.0000000000000000       0.0000000000000000          0
  38.652778       8.992774      -1.2109442445169558       0.4057284791704278        715
  41.759526       9.178347      -1.2236204219040696       0.9477945839839723        709
  44.867686       9.367667      -1.2083621911062454       0.9588538215595213        709
  47.977353       9.560177      -1.1895388751763269       0.9701968573044754        709
  51.088626       9.755314      -1.1672000277057257       0.9817894552025429        709
  54.201598       9.952502      -0.0000000000000000       0.0000000000000000          0
  57.316361      10.151160      -0.0000000000000000       0.0000000000000000          0
  60.433005      10.350703      -0.0000000000000000       0.0000000000000000          0
  63.551615      10.550541      -0.0000000000000000       0.0000000000000000          0
  66.672270      10.750081      -0.0000000000000000       0.0000000000000000          0
  69.795044      10.948732      -0.0000000000000000       0.0000000000000000          0
  72.920003      11.145902      -0.0000000000000000       0.0000000000000000          0
  76.047205      11.341004      -0.0000000000000000       0.0000000000000000          0
  79.176701      11.533455      -0.0000000000000000       0.0000000000000000          0
  82.308529      11.722679      -0.0000000000000000       0.0000000000000000          0
  85.442721      11.908109      -0.0000000000000000       0.0000000000000000          0
  88.579293      12.089186      -0.0000000000000000       0.0000000000000000          0
  91.718252      12.265364      -0.0000000000000000       0.0000000000000000          0
  94.859592      12.436111      -0.0000000000000000       0.0000000000000000          0
  98.003295      12.600909      -1.1793015922486716      -0.0662391895515095      60302
  101.149328      12.759258      -1.2489181584018054       0.1000136878511753      60402
  104.297646      12.910675      -1.3079609891474056       0.1126471456188111      60402
  107.448191      13.054699      -1.3630931587571467       0.1264943911381826        604
  110.600890      13.190889      -0.0000000000000000       0.0000000000000000          0
  113.755658      13.318826      -0.0000000000000000       0.0000000000000000          0
  116.912394      13.438119      -0.0000000000000000       0.0000000000000000          0
  120.070989      13.548399      -0.0000000000000000       0.0000000000000000          0
  123.231318      13.649326      -0.0000000000000000       0.0000000000000000          0
  126.393245      13.740588      -0.0000000000000000       0.0000000000000000          0
  129.556625      13.821904      -0.0000000000000000       0.0000000000000000          0
  132.721300      13.893019      -0.0000000000000000       0.0000000000000000          0
  135.887107      13.953715      -6.7898780925162026       0.5934933797183788      61502
  139.053871      14.003801      -6.5260645576304039       4.6841925677799487        680
  38.809375       6.390253      -1.2347734302280695       0.9348458384360601        709
  41.919613       6.576030      -1.2229221360834879       0.9427459617989051        709
  45.030798       6.765530      -1.2074628400922240       0.9509945349007600        709
  48.143018       6.958193      -1.1884372603731159       0.9595702983662906        709
  51.256360       7.153454      -0.0000000000000000       0.0000000000000000          0
  54.370912       7.350737      -0.0000000000000000       0.0000000000000000          0
  57.486760       7.549459      -0.0000000000000000       0.0000000000000000          0
  60.603989       7.749033      -0.0000000000000000       0.0000000000000000          0
  63.722680       7.948870      -0.0000000000000000       0.0000000000000000          0
  66.842910       8.148377      -0.0000000000000000       0.0000000000000000          0
  69.964754       8.346962      -0.0000000000000000       0.0000000000000000          0
  73.088278       8.544035      -0.0000000000000000       0.0000000000000000          0
  76.213542       8.739010      -0.0000000000000000       0.0000000000000000          0
  79.340601       8.931305      -0.0000000000000000       0.0000000000000000          0
  82.469499       9.120347      -0.0000000000000000       0.0000000000000000          0
  85.600272       9.305568      -0.0000000000000000       0.0000000000000000          0
  88.732947       9.486415      -0.0000000000000000       0.0000000000000000          0
  91.867541       9.662343      -0.0000000000000000       0.0000000000000000          0
  95.004058       9.832823      -0.0000000000000000       0.0000000000000000          0
  98.142493       9.997341      -1.1809086226918022      -0.0354898740177762      60302
  101.282828      10.155400      -1.2753552945957600       0.0668245049374513        647
  104.425034      10.306520      -1.3102680335068353       0.1626616288255449      60402
  107.569068      10.450243      -1.3651273633644665       0.1732626134091798      60402
  110.714878      10.586133      -1.3394414140775714       0.1015731552505411        612
  113.862398      10.713774      -1.3514027250785210       0.1146970695333895        613
  117.011551      10.832778      -1.3592898131919049       0.1282739063382107        613
  120.162247      10.942781      -0.9822212036561975       0.7685961050334424        677
  123.314387      11.043446      -0.6313088364354517       0.7882093908663632        677
  126.467861      11.134464      -0.0000000000000000       0.0000000000000000          0
  129.622548      11.215555      -0.0000000000000000       0.0000000000000000          0
  132.778320      11.286470      -5.8197874099840954       1.3816361788165437      61502
  135.935040      11.346991      -6.8046863130145478       1.4303486247363528      61501
  139.092563      11.396931      -7.2926845724094500       1.6778833242602762        615
  38.964385       3.787685      -1.2342686597062695       0.9304077099992156        709
  42.078031       3.973663      -1.2222217313443746       0.9354418029192650        709
  45.192161       4.163339      -1.2065635057947084       0.9408608990931674        709
  48.306855       4.356152      -0.0000000000000000       0.0000000000000000          0
  51.422192       4.551535      -0.0000000000000000       0.0000000000000000          0
  54.538253       4.748909      -0.0000000000000000       0.0000000000000000          0
  57.655119       4.947692      -0.0000000000000000       0.0000000000000000          0
  60.772871       5.147296      -0.0000000000000000       0.0000000000000000          0
  63.891588       5.347130      -0.0000000000000000       0.0000000000000000          0
  67.011345       5.546602      -0.0000000000000000       0.0000000000000000          0
  70.132216       5.745121      -0.0000000000000000       0.0000000000000000          0
  73.254271       5.942097      -0.0000000000000000       0.0000000000000000          0
  76.377571       6.136945      -0.0000000000000000       0.0000000000000000          0
  79.502176       6.329085      -0.0000000000000000       0.0000000000000000          0
  82.628136       6.517944      -0.0000000000000000       0.0000000000000000          0
  85.755494       6.702960      -0.0000000000000000       0.0000000000000000          0
  88.884285       6.883578      -0.0000000000000000       0.0000000000000000          0
  92.014537       7.059259      -0.0000000000000000       0.0000000000000000          0
  95.146266       7.229475      -1.2170158147700427       0.0752917052085468      67352
  98.279478       7.393717      -1.2485913667285033       0.0821762542898255        647
  101.414171       7.551488      -1.2764462796330425       0.0897169737843711        647
  104.550331       7.702315      -0.0000000000000000       0.0000000000000000          0
  107.687934       7.845742      -1.3671217935014701       0.2194104958012811      60402
  110.826944       7.981336      -1.3399369214888464       0.1144679999631451        613
  113.967317       8.108686      -1.3517313861545912       0.1242736411666701        613
  117.108995       8.227407      -0.0000000000000000       0.0000000000000000          0
  120.251913       8.337137      -0.0000000000000000       0.0000000000000000          0
  123.395994       8.437544      -0.0000000000000000       0.0000000000000000          0
  126.541152       8.528321      -0.0000000000000000       0.0000000000000000          0
  129.687292       8.609192      -0.0000000000000000       0.0000000000000000          0
  132.834314       8.679910      -7.3309589683037455       1.5351256188525229        684
  135.982105       8.740260      -7.3226249852692975       1.5960068417247242        684
  139.130551       8.790056      -7.2921858514878233       1.6574809937500228        801
  39.118466       1.185090      -1.2337579650607957       0.9237470363496405        709
  42.235451       1.371266      -1.2215164798798073       0.9259012898879765        709
  45.352460       1.561115      -0.0000000000000000       0.0000000000000000          0
  48.469561       1.754076      -0.0000000000000000       0.0000000000000000          0
  51.586828       1.949578      -0.0000000000000000       0.0000000000000000          0
  54.704335       2.147042      -0.0000000000000000       0.0000000000000000          0
  57.822159       2.345883      -0.0000000000000000       0.0000000000000000          0
  60.940376       2.545514      -0.0000000000000000       0.0000000000000000          0
  64.059065       2.745344      -0.0000000000000000       0.0000000000000000          0
  67.178299       2.944780      -0.0000000000000000       0.0000000000000000          0
  70.298154       3.143231      -0.0000000000000000       0.0000000000000000          0
  73.418701       3.340109      -0.0000000000000000       0.0000000000000000          0
  76.540005       3.534830      -0.0000000000000000       0.0000000000000000          0
  79.662130       3.726815      -0.0000000000000000       0.0000000000000000          0
  82.785134       3.915493      -0.0000000000000000       0.0000000000000000          0
  85.909066       4.100303      -0.0000000000000000       0.0000000000000000          0
  89.033972       4.280694      -0.0000000000000000       0.0000000000000000          0
  92.159887       4.456129      -0.0000000000000000       0.0000000000000000          0
  95.286842       4.626084      -0.0000000000000000       0.0000000000000000          0
  98.414855       4.790051      -1.2498721695494532       0.1077210974673187      67301
  101.543940       4.947538      -1.2775176010472762       0.1121582341133566        647
  104.674096       5.098074      -1.3013612162247792       0.1171500068016876      64701
  107.805319       5.241208      -1.3690856020058237       0.2648476234346588      60402
  110.937590       5.376510      -1.3404211186070145       0.1268875503058518      61404
  114.070884       5.503572      -0.0000000000000000       0.0000000000000000          0
  117.205166       5.622012      -1.4022045958421494      -0.0141728328115866      61407
  120.340391       5.731473      -0.0000000000000000       0.0000000000000000          0
  123.476506       5.831625      -7.2253252639075347       1.4263233980310908        675
  126.613449       5.922165      -7.2824100062365575       1.4651071799622040        684
  129.751150       6.002819      -7.3176766141036342       1.5055154423480350        684
  132.889534       6.073343      -7.3310034236553161       1.5472273271245292        801
  136.028516       6.133523      -7.3223366686689930       1.5899067713882606        801
  139.168007       6.183178      -7.2916909651462314       1.6332060670845574        801
  39.272257      -1.417514      -0.0000000000000000       0.0000000000000000          0
  42.392530      -1.231141      -0.0000000000000000       0.0000000000000000          0
  45.512362      -1.041120      -0.0000000000000000       0.0000000000000000          0
  48.631815      -0.848014      -0.0000000000000000       0.0000000000000000          0
  51.750956      -0.652395      -0.0000000000000000       0.0000000000000000          0
  54.869852      -0.454844      -0.0000000000000000       0.0000000000000000          0
  57.988578      -0.255945      -0.0000000000000000       0.0000000000000000          0
  61.107206      -0.056289      -0.0000000000000000       0.0000000000000000          0
  64.225814       0.143535      -0.0000000000000000       0.0000000000000000          0
  67.344475       0.342933      -0.0000000000000000       0.0000000000000000          0
  70.463266       0.541316      -0.0000000000000000       0.0000000000000000          0
  73.582261       0.738095      -0.0000000000000000       0.0000000000000000          0
  76.701529       0.932687      -0.0000000000000000       0.0000000000000000          0
  79.821140       1.124516      -0.0000000000000000       0.0000000000000000          0
  82.941158       1.313012      -0.0000000000000000       0.0000000000000000          0
  86.061640       1.497617      -0.0000000000000000       0.0000000000000000          0
  89.182642       1.677782      -0.0000000000000000       0.0000000000000000          0
  92.304211       1.852971      -0.0000000000000000       0.0000000000000000          0
  95.426387       2.022665      -0.0000000000000000       0.0000000000000000          0
  98.549205       2.186358      -1.2511363497089103       0.1327758079405954      67352
  101.672690       2.343563      -1.2785740436848594       0.1341054328372337      67301
  104.796861       2.493810      -1.3022176562115291       0.1359227773883006      64701
  107.921728       2.636653      -1.3219944407057367       0.1382064047320517        614
  111.047292       2.771664      -0.0000000000000000       0.0000000000000000          0
  114.173547       2.898440      -0.0000000000000000       0.0000000000000000          0
  117.300479       3.016602      -1.3575679029765886       0.1475592124816962        614
  120.428064       3.125796      -1.3924946233645819      -0.3517744846080075        667
  123.556273       3.225695      -7.2270459888111453       1.4887555009414748        801
  126.685066       3.315999      -7.2834589838959394       1.5096008350200063        801
  129.814400       3.396438      -7.3181621650267124       1.5319323176014170        801
  132.944222       3.466769      -7.3310407390892385       1.5554842671606690        801
  136.074475       3.526783      -7.3220464249818225       1.5799763032601346        801
  139.205096       3.576297      -7.2911978664213972       1.6051166989542867        801
>