>anchorPlateId 301
>reconstructionTime 67
>DeformingMeshPoints.gpml lat_lon_velocity_domain_28_32.gpml
>MeshNode <identity>GPlates-b7a3af0e-8119-4abb-9ae6-39bb7e5702ce</identity> <revision>GPlates-7b04c5e6-7801-49f1-bcc4-23d6f4e5417f</revision>
> reconstructionPlateId 0
> validTime TimePeriod <begin> TimeInstant <timePosition>http://gplates.org/times/distantPast</timePosition></begin> <end> TimeInstant <timePosition>http://gplates.org/times/distantFuture</timePosition></end>
  24.342870      70.435682      -0.0000000000000000       0.0000000000000000        302
  27.003821      70.657940      -0.0000000000000000       0.0000000000000000        302
  29.689252      70.887403      -0.0000000000000000       0.0000000000000000        302
  32.400895      71.123631      -0.0000000000000000       0.0000000000000000        302
  35.140566      71.366162      -0.0000000000000000       0.0000000000000000        302
  37.910170      71.614505      -0.0000000000000000       0.0000000000000000        302
  40.711705      71.868141      -0.0000000000000000       0.0000000000000000        302
  43.547259      72.126523      -0.0000000000000000       0.0000000000000000        302
  46.419016      72.389072      -0.0000000000000000       0.0000000000000000        302
  49.329249      72.655181      -0.0000000000000000       0.0000000000000000        302
  52.280321      72.924205      -0.0000000000000000       0.0000000000000000        373
  55.274676      73.195469      -0.0000000000000000       0.0000000000000000        373
  58.314834      73.468258      -0.0000000000000000       0.0000000000000000        372
  61.403377      73.741824      -0.0000000000000000       0.0000000000000000        372
  64.542935      74.015376      -0.0000000000000000       0.0000000000000000        372
  67.736160      74.288086      -0.0000000000000000       0.0000000000000000        372
  70.985704      74.559086      -0.0000000000000000       0.0000000000000000        372
  74.294183      74.827465      -0.0000000000000000       0.0000000000000000        404
  77.664136      75.092273      -0.0000000000000000       0.0000000000000000        404
  81.097974      75.352517      -0.0000000000000000       0.0000000000000000        404
  84.597926      75.607168      -0.0000000000000000       0.0000000000000000        404
  88.165963      75.855157      -0.0000000000000000       0.0000000000000000        404
  91.803729      76.095384      -0.0000000000000000       0.0000000000000000        404
  95.512447      76.326721      -0.0000000000000000       0.0000000000000000        404
  99.292832      76.548016      -0.0000000000000000       0.0000000000000000        404
  103.144988      76.758106      -0.0000000000000000       0.0000000000000000        404
  107.068310      76.955823      -0.0000000000000000       0.0000000000000000        401
  111.061387      77.140008      -0.0000000000000000       0.0000000000000000        401
  115.121908      77.309525      -0.0000000000000000       0.0000000000000000        401
  119.246598      77.463277      -0.0000000000000000       0.0000000000000000        401
  123.431156      77.600224      -0.0000000000000000       0.0000000000000000          0
  127.670241      77.719400      -0.0000000000000000       0.0000000000000000          0
  131.957486      77.819932      -0.0000000000000000       0.0000000000000000          0
  25.999582      67.895751      -0.0000000000000000       0.0000000000000000        302
  28.733653      68.122629      -0.0000000000000000       0.0000000000000000        302
  31.490959      68.356577      -0.0000000000000000       0.0000000000000000        302
  34.273027      68.597113      -0.0000000000000000       0.0000000000000000        302
  37.081445      68.843726      -0.0000000000000000       0.0000000000000000        302
  39.917858      69.095881      -0.0000000000000000       0.0000000000000000        302
  42.783967      69.353014      -0.0000000000000000       0.0000000000000000        302
  45.681529      69.614531      -0.0000000000000000       0.0000000000000000        302
  48.612354      69.879807      -0.0000000000000000       0.0000000000000000        302
  51.578294      70.148190      -0.0000000000000000       0.0000000000000000        302
  54.581245      70.418993      -0.0000000000000000       0.0000000000000000        302
  57.623133      70.691499      -0.0000000000000000       0.0000000000000000        373
  60.705900      70.964957      -0.0000000000000000       0.0000000000000000        372
  63.831496      71.238583      -0.0000000000000000       0.0000000000000000        372
  67.001857      71.511559      -0.0000000000000000       0.0000000000000000        372
  70.218884      71.783034      -0.0000000000000000       0.0000000000000000        372
  73.484418      72.052124      -0.0000000000000000       0.0000000000000000        401
  76.800211      72.317911      -0.0000000000000000       0.0000000000000000        401
  80.167889      72.579448      -0.0000000000000000       0.0000000000000000        401
  83.588914      72.835758      -0.0000000000000000       0.0000000000000000        401
  87.064540      73.085835      -0.0000000000000000       0.0000000000000000        401
  90.595763      73.328654      -0.0000000000000000       0.0000000000000000        401
  94.183271      73.563170      -0.0000000000000000       0.0000000000000000        401
  97.827383      73.788324      -0.0000000000000000       0.0000000000000000        401
  101.527997      74.003053      -0.0000000000000000       0.0000000000000000        401
  105.284532      74.206296      -0.0000000000000000       0.0000000000000000        401
  109.095869      74.397001      -0.0000000000000000       0.0000000000000000        401
  112.960310      74.574142      -0.0000000000000000       0.0000000000000000        401
  116.875530      74.736725      -0.0000000000000000       0.0000000000000000          0
  120.838551      74.883801      -0.0000000000000000       0.0000000000000000          0
  124.845731      75.014483      -0.0000000000000000       0.0000000000000000          0
  128.892764      75.127956      -0.0000000000000000       0.0000000000000000          0
  132.974711      75.223493      -0.0000000000000000       0.0000000000000000          0
  27.329290      65.342412      -0.0000000000000000       0.0000000000000000        302
  30.119026      65.572852      -0.0000000000000000       0.0000000000000000        302
  32.930556      65.810228      -0.0000000000000000       0.0000000000000000        302
  35.765226      66.054023      -0.0000000000000000       0.0000000000000000        302
  38.624420      66.303692      -0.0000000000000000       0.0000000000000000        302
  41.509558      66.558661      -0.0000000000000000       0.0000000000000000        302
  44.422095      66.818331      -0.0000000000000000       0.0000000000000000        302
  47.363512      67.082073      -0.0000000000000000       0.0000000000000000        302
  50.335317      67.349229      -0.0000000000000000       0.0000000000000000        302
  53.339033      67.619114      -0.0000000000000000       0.0000000000000000        302
  56.376195      67.891010      -0.0000000000000000       0.0000000000000000        302
  59.448336      68.164173      -0.0000000000000000       0.0000000000000000        302
  62.556976      68.437827      -0.0000000000000000       0.0000000000000000        302
  65.703611      68.711168      -0.0000000000000000       0.0000000000000000        302
  68.889691      68.983363      -0.0000000000000000       0.0000000000000000        372
  72.116605      69.253551      -0.0000000000000000       0.0000000000000000        401
  75.385657      69.520842      -0.0000000000000000       0.0000000000000000        401
  78.698042      69.784323      -0.0000000000000000       0.0000000000000000        401
  82.054817      70.043057      -0.0000000000000000       0.0000000000000000        401
  85.456872      70.296087      -0.0000000000000000       0.0000000000000000        401
  88.904898      70.542438      -0.0000000000000000       0.0000000000000000        401
  92.399348      70.781121      -0.0000000000000000       0.0000000000000000        401
  95.940405      71.011141      -0.0000000000000000       0.0000000000000000        401
  99.527944      71.231499      -0.0000000000000000       0.0000000000000000        401
  103.161495      71.441201      -0.0000000000000000       0.0000000000000000        401
  106.840207      71.639265      -0.0000000000000000       0.0000000000000000        401
  110.562822      71.824727      -0.0000000000000000       0.0000000000000000        401
  114.327643      71.996654      -0.0000000000000000       0.0000000000000000        401
  118.132520      72.154152      -0.0000000000000000       0.0000000000000000        401
  121.974834      72.296375      -0.0000000000000000       0.0000000000000000        401
  125.851504      72.422539      -0.0000000000000000       0.0000000000000000          0
  129.758995      72.531928      -0.0000000000000000       0.0000000000000000          0
  133.693341      72.623907      -0.0000000000000000       0.0000000000000000          0
  28.423139      62.779447      -0.0000000000000000       0.0000000000000000        302
  31.256557      63.012717      -0.0000000000000000       0.0000000000000000        302
  34.110295      63.252798      -0.0000000000000000       0.0000000000000000        302
  36.985541      63.499142      -0.0000000000000000       0.0000000000000000        302
  39.883507      63.751177      -0.0000000000000000       0.0000000000000000        302
  42.805426      64.008298      -0.0000000000000000       0.0000000000000000        302
  45.752545      64.269880      -0.0000000000000000       0.0000000000000000        302
  48.726126      64.535264      -0.0000000000000000       0.0000000000000000        302
  51.727434      64.803769      -0.0000000000000000       0.0000000000000000        302
  54.757737      65.074683      -0.0000000000000000       0.0000000000000000        302
  57.818290      65.347269      -0.0000000000000000       0.0000000000000000        302
  60.910332      65.620762      -0.0000000000000000       0.0000000000000000        302
  64.035071      65.894371      -0.0000000000000000       0.0000000000000000        390
  67.193672      66.167278      -0.0000000000000000       0.0000000000000000        468
  70.387242      66.438644      -0.0000000000000000       0.0000000000000000        401
  73.616813      66.707602      -0.0000000000000000       0.0000000000000000        401
  76.883327      66.973266      -0.0000000000000000       0.0000000000000000        401
  80.187608      67.234730      -0.0000000000000000       0.0000000000000000        401
  83.530351      67.491071      -0.0000000000000000       0.0000000000000000        401
  86.912087      67.741353      -0.0000000000000000       0.0000000000000000        401
  90.333168      67.984627      -0.0000000000000000       0.0000000000000000        401
  93.793737      68.219940      -0.0000000000000000       0.0000000000000000        401
  97.293701      68.446339      -0.0000000000000000       0.0000000000000000        401
  100.832711      68.662874      -0.0000000000000000       0.0000000000000000        401
  104.410133      68.868606      -0.0000000000000000       0.0000000000000000        401
  108.025030      69.062614      -0.0000000000000000       0.0000000000000000        401
  111.676143      69.244003      -0.0000000000000000       0.0000000000000000        401
  115.361873      69.411909      -0.0000000000000000       0.0000000000000000        401
  119.080279      69.565512      -0.0000000000000000       0.0000000000000000        401
  122.829070      69.704041      -0.0000000000000000       0.0000000000000000        401
  126.605614      69.826783      -0.0000000000000000       0.0000000000000000        401
  130.406949      69.933094      -0.0000000000000000       0.0000000000000000      43101
  134.229803      70.022404      -0.0000000000000000       0.0000000000000000      43101
  29.341638      60.209348      -0.0000000000000000       0.0000000000000000        302
  32.210214      60.444924      -0.0000000000000000       0.0000000000000000        302
  35.097676      60.687195      -0.0000000000000000       0.0000000000000000        302
  38.005079      60.935589      -0.0000000000000000       0.0000000000000000        302
  40.933488      61.189508      -0.0000000000000000       0.0000000000000000        302
  43.883978      61.448326      -0.0000000000000000       0.0000000000000000        302
  46.857630      61.711391      -0.0000000000000000       0.0000000000000000        302
  49.855524      61.978028      -0.0000000000000000       0.0000000000000000        302
  52.878735      62.247531      -0.0000000000000000       0.0000000000000000        302
  55.928327      62.519173      -0.0000000000000000       0.0000000000000000        302
  59.005342      62.792200      -0.0000000000000000       0.0000000000000000        302
  62.110792      63.065832      -0.0000000000000000       0.0000000000000000        390
  65.245653      63.339269      -0.0000000000000000       0.0000000000000000        390
  68.410845      63.611686      -0.0000000000000000       0.0000000000000000        468
  71.607229      63.882238      -0.0000000000000000       0.0000000000000000        401
  74.835583      64.150060      -0.0000000000000000       0.0000000000000000        401
  78.096596      64.414271      -0.0000000000000000       0.0000000000000000        401
  81.390845      64.673974      -0.0000000000000000       0.0000000000000000        401
  84.718781      64.928260      -0.0000000000000000       0.0000000000000000        401
  88.080708      65.176211      -0.0000000000000000       0.0000000000000000        401
  91.476767      65.416907      -0.0000000000000000       0.0000000000000000        401
  94.906918      65.649424      -0.0000000000000000       0.0000000000000000        401
  98.370917      65.872843      -0.0000000000000000       0.0000000000000000        401
  101.868304      66.086255      -0.0000000000000000       0.0000000000000000        401
  105.398382      66.288768      -0.0000000000000000       0.0000000000000000        401
  108.960207      66.479509      -0.0000000000000000       0.0000000000000000        401
  112.552575      66.657635      -0.0000000000000000       0.0000000000000000        401
  116.174014      66.822338      -0.0000000000000000       0.0000000000000000        401
  119.822781      66.972854      -0.0000000000000000       0.0000000000000000        401
  123.496864      67.108467      -0.0000000000000000       0.0000000000000000        401
  127.193990      67.228520      -0.0000000000000000       0.0000000000000000      43102
  130.911634      67.332420      -0.0000000000000000       0.0000000000000000      43101
  134.647039      67.419646      -0.0000000000000000       0.0000000000000000      43101
  30.126450      57.633824      -0.0000000000000000       0.0000000000000000        302
  33.023938      57.871320      -0.0000000000000000       0.0000000000000000        302
  35.938951      58.115404      -0.0000000000000000       0.0000000000000000        302
  38.872427      58.365482      -0.0000000000000000       0.0000000000000000        302
  41.825307      58.620937      -0.0000000000000000       0.0000000000000000        302
  44.798537      58.881124      -0.0000000000000000       0.0000000000000000        302
  47.793058      59.145373      -0.0000000000000000       0.0000000000000000        302
  50.809804      59.412989      -0.0000000000000000       0.0000000000000000        302
  53.849697      59.683253      -0.0000000000000000       0.0000000000000000        302
  56.913639      59.955421      -0.0000000000000000       0.0000000000000000        302
  60.002503      60.228729      -0.0000000000000000       0.0000000000000000        390
  63.117131      60.502387      -0.0000000000000000       0.0000000000000000        390
  66.258317      60.775587      -0.0000000000000000       0.0000000000000000        468
  69.426803      61.047500      -0.0000000000000000       0.0000000000000000        468
  72.623264      61.317280      -0.0000000000000000       0.0000000000000000        401
  75.848297      61.584065      -0.0000000000000000       0.0000000000000000        401
  79.102412      61.846979      -0.0000000000000000       0.0000000000000000        401
  82.386013      62.105136      -0.0000000000000000       0.0000000000000000        401
  85.699387      62.357640      -0.0000000000000000       0.0000000000000000        401
  89.042689      62.603593      -0.0000000000000000       0.0000000000000000        401
  92.415929      62.842095      -0.0000000000000000       0.0000000000000000        401
  95.818956      63.072250      -0.0000000000000000       0.0000000000000000        401
  99.251446      63.293169      -0.0000000000000000       0.0000000000000000        401
  102.712887      63.503979      -0.0000000000000000       0.0000000000000000        401
  106.202573      63.703822      -0.0000000000000000       0.0000000000000000        401
  109.719588      63.891867      -0.0000000000000000       0.0000000000000000        401
  113.262804      64.067314      -0.0000000000000000       0.0000000000000000        401
  116.830876      64.229398      -0.0000000000000000       0.0000000000000000        401
  120.422242      64.377399      -0.0000000000000000       0.0000000000000000        401
  124.035122      64.510645      -0.0000000000000000       0.0000000000000000        401
  127.667532      64.628522      -0.0000000000000000       0.0000000000000000      43102
  131.317290      64.730476      -0.0000000000000000       0.0000000000000000      43101
  134.982034      64.816023      -0.0000000000000000       0.0000000000000000      43101
  30.807167      55.054084      -0.0000000000000000       0.0000000000000000        302
  33.728874      55.293207      -0.0000000000000000       0.0000000000000000        302
  36.666825      55.538818      -0.0000000000000000       0.0000000000000000        302
  39.621857      55.790309      -0.0000000000000000       0.0000000000000000        302
  42.594809      56.047042      -0.0000000000000000       0.0000000000000000        302
  45.586515      56.308358      -0.0000000000000000       0.0000000000000000        302
  48.597803      56.573570      -0.0000000000000000       0.0000000000000000        302
  51.629486      56.841969      -0.0000000000000000       0.0000000000000000        302
  54.682361      57.112825      -0.0000000000000000       0.0000000000000000        302
  57.757200      57.385382      -0.0000000000000000       0.0000000000000000        302
  60.854746      57.658865      -0.0000000000000000       0.0000000000000000        390
  63.975702      57.932479      -0.0000000000000000       0.0000000000000000        390
  67.120727      58.205410      -0.0000000000000000       0.0000000000000000        468
  70.290424      58.476827      -0.0000000000000000       0.0000000000000000        468
  73.485330      58.745885      -0.0000000000000000       0.0000000000000000        401
  76.705910      59.011725      -0.0000000000000000       0.0000000000000000        401
  79.952543      59.273478      -0.0000000000000000       0.0000000000000000        401
  83.225511      59.530268      -0.0000000000000000       0.0000000000000000        401
  86.524989      59.781213      -0.0000000000000000       0.0000000000000000        401
  89.851034      60.025430      -0.0000000000000000       0.0000000000000000        401
  93.203572      60.262040      -0.0000000000000000       0.0000000000000000        401
  96.582387      60.490169      -0.0000000000000000       0.0000000000000000        401
  99.987115      60.708957      -0.0000000000000000       0.0000000000000000        401
  103.417228      60.917557      -0.0000000000000000       0.0000000000000000        401
  106.872034      61.115144      -0.0000000000000000       0.0000000000000000        401
  110.350664      61.300921      -0.0000000000000000       0.0000000000000000        401
  113.852072      61.474121      -0.0000000000000000       0.0000000000000000        401
  117.375031      61.634016      -0.0000000000000000       0.0000000000000000        401
  120.918135      61.779921      -0.0000000000000000       0.0000000000000000        401
  124.479806      61.911200      -0.0000000000000000       0.0000000000000000        401
  128.058293      62.027273      -0.0000000000000000       0.0000000000000000        401
  131.651690      62.127618      -0.0000000000000000       0.0000000000000000        401
  135.257944      62.211779      -0.0000000000000000       0.0000000000000000        401
  31.405374      52.471007      -0.0000000000000000       0.0000000000000000        302
  34.347694      52.711529      -0.0000000000000000       0.0000000000000000        302
  37.305057      52.958450      -0.0000000000000000       0.0000000000000000        302
  40.278216      53.211144      -0.0000000000000000       0.0000000000000000        302
  43.267920      53.468959      -0.0000000000000000       0.0000000000000000        302
  46.274910      53.731221      -0.0000000000000000       0.0000000000000000        302
  49.299917      53.997232      -0.0000000000000000       0.0000000000000000        302
  52.343656      54.266272      -0.0000000000000000       0.0000000000000000        302
  55.406820      54.537596      -0.0000000000000000       0.0000000000000000        302
  58.490078      54.810443      -0.0000000000000000       0.0000000000000000        302
  61.594066      55.084030      -0.0000000000000000       0.0000000000000000        390
  64.719379      55.357556      -0.0000000000000000       0.0000000000000000        468
  67.866570      55.630205      -0.0000000000000000       0.0000000000000000        468
  71.036133      55.901144      -0.0000000000000000       0.0000000000000000        468
  74.228503      56.169530      -0.0000000000000000       0.0000000000000000        401
  77.444045      56.434508      -0.0000000000000000       0.0000000000000000        401
  80.683042      56.695217      -0.0000000000000000       0.0000000000000000        401
  83.945689      56.950788      -0.0000000000000000       0.0000000000000000        401
  87.232085      57.200354      -0.0000000000000000       0.0000000000000000        401
  90.542218      57.443046      -0.0000000000000000       0.0000000000000000        401
  93.875963      57.678003      -0.0000000000000000       0.0000000000000000        401
  97.233070      57.904372      -0.0000000000000000       0.0000000000000000        401
  100.613155      58.121315      -0.0000000000000000       0.0000000000000000        401
  104.015697      58.328009      -0.0000000000000000       0.0000000000000000        401
  107.440030      58.523659      -0.0000000000000000       0.0000000000000000        401
  110.885339      58.707493      -0.0000000000000000       0.0000000000000000        401
  114.350657      58.878776      -0.0000000000000000       0.0000000000000000        401
  117.834868      59.036807      -0.0000000000000000       0.0000000000000000        401
  121.336703      59.180933      -0.0000000000000000       0.0000000000000000        401
  124.854751      59.310547      -0.0000000000000000       0.0000000000000000        401
  128.387459      59.425094      -0.0000000000000000       0.0000000000000000        401
  131.933144      59.524081      -0.0000000000000000       0.0000000000000000        401
  135.490007      59.607075      -0.0000000000000000       0.0000000000000000        401
  31.937179      49.885248      -0.0000000000000000       0.0000000000000000        302
  34.897291      50.126991      -0.0000000000000000       0.0000000000000000        302
  37.871322      50.375049      -0.0000000000000000       0.0000000000000000        302
  40.859951      50.628782      -0.0000000000000000       0.0000000000000000        302
  43.863849      50.887527      -0.0000000000000000       0.0000000000000000        302
  46.883680      51.150596      -0.0000000000000000       0.0000000000000000        302
  49.920092      51.417281      -0.0000000000000000       0.0000000000000000        302
  52.973718      51.686851      -0.0000000000000000       0.0000000000000000        302
  56.045167      51.958553      -0.0000000000000000       0.0000000000000000        302
  59.135020      52.231619      -0.0000000000000000       0.0000000000000000        302
  62.243829      52.505260      -0.0000000000000000       0.0000000000000000        390
  65.372102      52.778671      -0.0000000000000000       0.0000000000000000        465
  68.520306      53.051034      -0.0000000000000000       0.0000000000000000        458
  71.688855      53.321517      -0.0000000000000000       0.0000000000000000        459
  74.878101      53.589278      -0.0000000000000000       0.0000000000000000        468
  78.088334      53.853467      -0.6316893060530432      -0.0209032364394198          0
  81.319768      54.113229      -1.0372400079217403       0.0257898865900627          0
  84.572534      54.367706      -1.1359761801299737       0.0888478570228746          0
  87.846677      54.616041      -0.9960896815194555       0.1270910834562788          0
  91.142141      54.857379      -0.7092400313100077       0.1206571571134759          0
  94.458771      55.090876      -0.3447423949001223       0.0715393931137142          0
  97.796297      55.315695      -0.0000000000000000       0.0000000000000000        401
  101.154335      55.531020      -0.0000000000000000       0.0000000000000000        401
  104.532379      55.736050      -0.0000000000000000       0.0000000000000000        401
  107.929796      55.930012      -0.0000000000000000       0.0000000000000000        401
  111.345828      56.112159      -0.0153719826309394       0.0053597514121933          0
  114.779584      56.281779      -0.0865999735577168       0.0344747364105406          0
  118.230046      56.438200      -0.1304498321014570       0.0585611165895616          0
  121.696067      56.580791      -0.1500512191650246       0.0752820552586738          0
  125.176378      56.708969      -0.1587643045078293       0.0820608917987475          0
  128.669594      56.822206      -0.1570780816442943       0.0748913583324357          0
  132.174220      56.920027      -0.1545983343936896       0.0614176321486204          0
  135.688661      57.002019      -0.1499861419826982       0.0473047799158626          0
  32.414852      47.297304      -0.0000000000000000       0.0000000000000000        302
  35.390513      47.540125      -0.0000000000000000       0.0000000000000000        302
  38.379037      47.789183      -0.0000000000000000       0.0000000000000000        302
  41.381041      48.043826      -0.0000000000000000       0.0000000000000000        302
  44.397129      48.303380      -0.0000000000000000       0.0000000000000000        302
  47.427896      48.567146      -0.0000000000000000       0.0000000000000000        302
  50.473923      48.834407      -0.0000000000000000       0.0000000000000000        302
  53.535772      49.104423      -0.0000000000000000       0.0000000000000000        302
  56.613981      49.376435      -0.0000000000000000       0.0000000000000000        302
  59.709061      49.649667      -0.0000000000000000       0.0000000000000000        390
  62.821491      49.923326      -0.0000000000000000       0.0000000000000000        465
  65.951713      50.196606      -0.0000000000000000       0.0000000000000000        458
  69.100124      50.468685      -0.0000000000000000       0.0000000000000000        459
  72.267071      50.738734      -0.2239698176097678      -0.0379332954810392          0
  75.452848      51.005913      -1.4814960056296544      -0.1659629977248651          0
  78.657684      51.269377      -2.1898327810041902      -0.0962224964573555          0
  81.881742      51.528276      -2.4948327045901282       0.0598434751703185          0
  85.125107      51.781762      -2.4374325464008626       0.2061238990548683          0
  88.387787      52.028988      -2.0911472602156693       0.2785291564919483          0
  91.669698      52.269112      -1.6047937343300580       0.2740980456216239          0
  94.970665      52.501305      -1.0771199169420593       0.2139623167885426          0
  98.290416      52.724746      -0.5353683451839351       0.1153254620891502          0
  101.628571      52.938636      -0.0148927706651330       0.0035172872646380          0
  104.984649      53.142194      -0.0000000000000000       0.0000000000000000        401
  108.358053      53.334666      -0.0947703506335039       0.0291912259658874          0
  111.748079      53.515328      -0.2304014473079817       0.0813781719382716          0
  115.153907      53.683489      -0.3118998968269194       0.1249242175944232          0
  118.574609      53.838498      -0.3548879803775298       0.1595856813815134          0
  122.009144      53.979746      -0.3791621101375050       0.1816861584109510          0
  125.456370      54.106671      -0.3965176191089926       0.1907617453916024          0
  128.915043      54.218764      -0.4105347719995153       0.1890153288090644          0
  132.383826      54.315569      -0.4266632951190721       0.1788262780328908          0
  135.861299      54.396689      -0.4570462298621507       0.1705192522415794          0
  32.847906      44.707560      -0.0000000000000000       0.0000000000000000        302
  35.837304      44.951343      -0.0000000000000000       0.0000000000000000        302
  38.838576      45.201290      -2.1310258623812497      -0.3508468658531336        503
  41.852278      45.456739      -2.2978399305788422      -0.2866642596901580        503
  44.878960      45.717005      -0.0000000000000000       0.0000000000000000        301
  47.919156      45.981381      -0.0000000000000000       0.0000000000000000        301
  50.973389      46.249141      -0.0000000000000000       0.0000000000000000        302
  54.042160      46.519537      -0.0000000000000000       0.0000000000000000        302
  57.125949      46.791805      -0.0000000000000000       0.0000000000000000        302
  60.225208      47.065163      -0.0000000000000000       0.0000000000000000        390
  63.340357      47.338815      -0.0000000000000000       0.0000000000000000        466
  66.471781      47.611953      -0.0000000000000000       0.0000000000000000        458
  69.619822      47.883755      -0.0000000000000000       0.0000000000000000        459
  72.784777      48.153392      -1.6141018773168820      -0.1636865232601291          0
  75.966889      48.420027      -3.4787253947034249      -0.4309119022019353          0
  79.166345      48.682819      -4.2482572291344338      -0.2430532864153936          0
  82.383266      48.940927      -3.9898009532885546       0.0113124356888704        580
  85.617708      49.193509      -3.5360918405755664       0.2253003292930109        580
  88.869650      49.439728      -3.0685732001665906       0.4201454461196050        580
  92.138993      49.678754      -2.3667094488158043       0.3922801276563262          0
  95.425553      49.909771      -1.6703181512625203       0.2856553106480312          0
  98.729059      50.131973      -1.1129015705875069       0.1939924539957071          0
  102.049147      50.344577      -0.7646280541219006       0.1802934640234226          0
  105.385359      50.546819      -0.5333875227347268       0.1529983186035740          0
  108.737139      50.737963      -0.4503427922137407       0.1407631005038612          0
  112.103832      50.917303      -0.5172406608496086       0.1846586989419153          0
  115.484688      51.084167      -0.5751041516992739       0.2318800077482029          0
  118.878857      51.237924      -0.6042702176907385       0.2714159195183854          0
  122.285396      51.377982      -0.6226869770836736       0.2963520086918201          0
  125.703269      51.503799      -0.6378928970131781       0.3073868366508990          0
  129.131357      51.614882      -0.6550165406246353       0.3067220594908381          0
  132.568459      51.710791      -0.6810321129252572       0.2967579450257742          0
  136.013305      51.791143      -0.7301974928623725       0.2881151404341852          0
  33.243835      42.116320      -0.0000000000000000       0.0000000000000000        520
  36.245493      42.360970      -0.0000000000000000       0.0000000000000000        551
  39.258090      42.611715      -0.0000000000000000       0.0000000000000000        551
  42.282133      42.867884      -0.0000000000000000       0.0000000000000000        551
  45.318119      43.128784      -2.4817952820027687      -0.0191662073083604        503
  48.366533      43.393699      -0.0000000000000000       0.0000000000000000        301
  51.427846      43.661896      -0.0000000000000000       0.0000000000000000        301
  54.502509      43.932619      -0.0000000000000000       0.0000000000000000        301
  57.590949      44.205101      -0.0000000000000000       0.0000000000000000        301
  60.693571      44.478555      -0.0000000000000000       0.0000000000000000        390
  63.810746      44.752182      -0.0000000000000000       0.0000000000000000        466
  66.942812      45.025171      -0.0000000000000000       0.0000000000000000        466
  70.090067      45.296702      -1.1926530082433953       0.1320257417872495          0
  73.252766      45.565947      -2.8785336970591606       0.3524040516053377          0
  76.431113      45.832072      -3.9694728019054724       0.0337176251753735          0
  79.625262      46.094241      -4.3666924453024949      -0.7324863984885912        580
  82.835306      46.351618      -3.9271228755432999      -0.5108458572282023        580
  86.061276      46.603369      -3.4729593895560660      -0.3064031831520263        580
  89.303134      46.848666      -3.0054732149698498      -0.1203664474374618        580
  92.560773      47.086692      -2.5260244415890316       0.0460970357232845        580
  95.834006      47.316639      -2.0360606416206162       0.1918722507496260        580
  99.122571      47.537719      -1.8708728987356973       0.4295110203158969          0
  102.426120      47.749159      -1.5530350916499083       0.4845662303169721          0
  105.744222      47.950213      -1.1743360552820148       0.4055059734286490          0
  109.076361      48.140160      -0.8918488757956664       0.3032243359140681          0
  112.421932      48.318311      -0.8341152286834848       0.3007976944506043          0
  115.780245      48.484011      -0.8595198862362246       0.3489755673594671          0
  119.150524      48.636646      -0.8661773345567224       0.3919696259254482          0
  122.531911      48.775639      -0.8688222444180725       0.4213714345301739          0
  125.923467      48.900466      -0.8734324398331447       0.4342864946055963          0
  129.324182      49.010646      -0.8838796132836544       0.4313269616016279          0
  132.732972      49.105755      -0.9108349799977529       0.4152878157388986          0
  136.148695      49.185422      -0.9682561637335183       0.3962710094301972          0
  33.608631      39.523826      -0.0000000000000000       0.0000000000000000        525
  36.621330      39.769263      -0.0000000000000000       0.0000000000000000        525
  39.644082      40.020732      -0.0000000000000000       0.0000000000000000        526
  42.677351      40.277551      -0.0000000000000000       0.0000000000000000        526
  45.721588      40.539021      -0.0000000000000000       0.0000000000000000        526
  48.777235      40.804417      -2.6563422126386240       0.2464340581522156        503
  51.844717      41.072999      -2.8030491748724589       0.3240564134643437        503
  54.924441      41.344008      -0.0000000000000000       0.0000000000000000        301
  58.016793      41.616670      -0.0000000000000000       0.0000000000000000        301
  61.122134      41.890195      -0.0000000000000000       0.0000000000000000        301
  64.240795      42.163783      -0.0000000000000000       0.0000000000000000        467
  67.373075      42.436621      -0.2279460199993228       0.0355430037347973          0
  70.519237      42.707889      -2.4662006517543595       0.3816483030672944          0
  73.679502      42.976761      -3.4454721975738201       0.6097459921412542        501
  76.854044      43.242405      -3.5729873163534656       0.7251460554095527        501
  80.042990      43.503992      -3.7034303273495843       0.7967529871987215          0
  83.246413      43.760689      -3.8411726400189066      -0.8239453320375050          0
  86.464327      44.011671      -3.4582370372569526      -0.6043356465108503          0
  89.696685      44.256119      -3.1073166216705292      -0.1752574948220273          0
  92.943373      44.493225      -2.7971304601174172       0.0983131180031133          0
  96.204211      44.722193      -2.7923336648749641       0.5211686269597902          0
  99.478946      44.942245      -2.7627141706990130       0.8573716721915046          0
  102.767250      45.152623      -2.4459389102110847       0.9346247799438028          0
  106.068721      45.352595      -1.9107108539915698       0.7728382183806213          0
  109.382879      45.541455      -1.3617109749249916       0.4997497749831261          0
  112.709167      45.718527      -1.1703177483411304       0.4265084916001984          0
  116.046953      45.883173      -1.1540189009347581       0.4721430847049963          0
  119.395528      46.034791      -1.1334062443928419       0.5166464935284657          0
  122.754109      46.172823      -1.1098223901641964       0.5542656661633518          0
  126.121847      46.296754      -1.0942280879624646       0.5724187243157386          0
  129.497823      46.406121      -1.0902324599916380       0.5679390551100327          0
  132.881062      46.500509      -1.1104248774734438       0.5398861229977020          0
  136.270530      46.579559      -1.1649389875261211       0.4910913644457802          0
  33.947148      36.930275      -1.1916316968678147       0.1149537854570443        715
  36.969871      37.176433      -2.0245988669713828       0.2020469645908110        503
  40.001807      37.428562      -2.1961370231370356       0.2510521904733013        503
  43.043378      37.685973      -2.3620421939316509       0.3061476700369685        503
  46.094997      37.947958      -0.0000000000000000       0.0000000000000000        505
  49.157066      38.213787      -2.6749298676594773       0.4346846998897981        503
  52.229970      38.482714      -2.8209151605962095       0.5081085963447763        503
  55.314080      38.753973      -2.9592756720034625       0.5875832483818200        503
  58.409744      39.026788      -0.0000000000000000       0.0000000000000000        301
  61.517288      39.300366      -0.0000000000000000       0.0000000000000000        301
  64.637008      39.573904      -0.0000000000000000       0.0000000000000000        467
  67.769171      39.846589      -1.2991229272296572       0.2427628515941886          0
  70.914011      40.117601      -3.3257550395558999       0.6955072943408502        501
  74.071722      40.386117      -3.4618076822614183       0.7982754515228386        501
  77.242454      40.651308      -3.5878435790332470       0.9078024056989500        501
  80.426315      40.912347      -3.7033476014276694       1.0238600323262901        501
  83.623362      41.168409      -3.8060480868621500       1.1221622974970675          0
  86.833597      41.418676      -3.7977725709676244       0.8749026125304517          0
  90.056969      41.662336      -3.6275994968235210       0.8702156757751179          0
  93.293365      41.898589      -3.4644916807759727       0.9236312006250171          0
  96.542611      42.126653      -3.4809347839834448       1.1248806969421750          0
  99.804466      42.345758      -3.6544162247523877       1.4593763278562091          0
  103.078626      42.555161      -3.5130766293840372       1.5988105191457551          0
  106.364715      42.754140      -2.7731975693350375       1.2908711990915327          0
  109.662291      42.942003      -1.8631329100218610       0.7466424715122971          0
  112.970843      43.118088      -1.4248968723203537       0.4892445300023784          0
  116.289789      43.281770      -1.4154554239229733       0.5644352212878044          0
  119.618482      43.432460      -1.3971447007679285       0.6398508158329507          0
  122.956212      43.569614      -1.3427451439133589       0.6810622429310858          0
  126.302204      43.692731      -1.2905142713455369       0.7174153862754749          0
  129.655628      43.801357      -1.2617513250838788       0.7337426695343104          0
  133.015599      43.895089      -1.2623574018717068       0.6999395777074157          0
  136.381184      43.973578      -1.2944178944467566       0.5059526878977748          0
  34.263370      34.335825      -0.0000000000000000       0.0000000000000000          0
  37.295264      34.582649      -2.0432887719893991       0.4025746188159117        503
  40.335568      34.835386      -2.2146531407631951       0.4482914369176823        503
  43.384669      35.093340      -2.3802514133347339       0.4997895993626766        503
  46.442945      35.355796      -0.0000000000000000       0.0000000000000000        505
  49.510761      35.622018      -0.0000000000000000       0.0000000000000000        505
  52.588470      35.891254      -0.0000000000000000       0.0000000000000000        505
  55.676409      36.162736      -0.0000000000000000       0.0000000000000000        505
  58.774894      36.435682      -0.0000000000000000       0.0000000000000000        505
  61.884221      36.709297      -0.0000000000000000       0.0000000000000000        301
  65.004657      36.982777      -0.0000000000000000       0.0000000000000000        301
  68.136443      37.255308      -0.0000000000000000       0.0000000000000000        301
  71.279787      37.526072      -3.3420401083535651       0.8857135769003199        501
  74.434862      37.794246      -3.4767874325980075       0.9826119112140965        501
  77.601801      38.059006      -3.6014414032832818       1.0859483120331483        501
  80.780696      38.319528      -3.7155029593523317       1.1955052429198314        501
  83.971593      38.574994      -3.8184954993180664       1.3110235502829917        501
  87.174489      38.824590      -3.9099678563590237       1.4322017159308396        501
  90.389329      39.067514      -3.9894974072801999       1.5586955043852997        501
  93.616005      39.302974      -4.0525858427752013       1.6855217715317867          0
  96.854351      39.530197      -4.0914827865235655       1.8078185199312293          0
  100.104143      39.748425      -4.1526992229110204       1.9659924843492245        501
  103.365098      39.956923      -3.7032955542126267       1.7275535641393187          0
  106.636869      40.154984      -2.7275798658731052       1.1710414210746758          0
  109.919048      40.341926      -1.8732952470450612       0.6428743603329670          0
  113.211167      40.517101      -1.4535146458922901       0.3922338397166601          0
  116.512694      40.679895      -1.3940635870852729       0.4260104756269229          0
  119.823040      40.829732      -1.3841153350691107       0.5072223548534400          0
  123.141557      40.966080      -1.3673709902649938       0.5795488612706286          0
  126.467541      41.088448      -1.3452754751185250       0.6331821045455316          0
  129.800239      41.196393      -1.3211950375127857       0.6576830979899379          0
  133.138849      41.289524      -1.3010882123503986       0.6155291852976190          0
  136.482529      41.367500      -0.0000000000000000       0.0000000000000000          0
  34.560601      31.740612      -0.0000000000000000       0.0000000000000000          0
  37.600945      31.988054      -0.0000000000000000       0.0000000000000000          0
  40.648929      32.241354      -2.2319691355111102       0.6433536032617184        503
  43.704910      32.499810      -2.3972606964861081       0.6910109067669767        503
  46.769231      32.762699      -2.5561568881172398       0.7441639112584851        503
  49.842229      33.029280      -0.0000000000000000       0.0000000000000000        505
  52.924227      33.298797      -0.0000000000000000       0.0000000000000000        505
  56.015531      33.570477      -0.0000000000000000       0.0000000000000000        505
  59.116431      33.843536      -0.0000000000000000       0.0000000000000000        505
  62.227195      34.117175      -0.0000000000000000       0.0000000000000000        506
  65.348068      34.390591      -0.0000000000000000       0.0000000000000000        506
  68.479267      34.662969      -0.0000000000000000       0.0000000000000000      50601
  71.620981      34.933491      -3.3571079960224024       1.0718863274590544        501
  74.773366      35.201337      -3.4906251498297785       1.1626221767205025        501
  77.936540      35.465685      -3.6139805965166509       1.2594769482004435        501
  81.110584      35.725717      -3.7266904556103562       1.3622455371711757        501
  84.295538      35.980619      -3.8282944417087594       1.4706827609874007        501
  87.491393      36.229583      -3.9183586701312416       1.5845027324448906        501
  90.698099      36.471816      -3.9964785693306517       1.7033786194332445        501
  93.915552      36.706533      -4.0622818758579982       1.8269428241612558        501
  97.143598      36.932968      -4.1154316820391905       1.9547876117411609        501
  100.382028      37.150376      -4.3562017410350808       2.2956895489908899        607
  103.630582      37.358032      -2.8255229338010399       1.0924001060230530          0
  106.888942      37.555238      -2.2513087163516654       0.7353544751182898          0
  110.156733      37.741324      -1.6651351684312585       0.3658370045450152          0
  113.433527      37.915653      -1.3984816905481225       0.2255380658647327          0
  116.718840      38.077623      -1.3771018120769321       0.2914313131126341          0
  120.012135      38.226670      -1.3724586632798412       0.3750621342025508          0
  123.312821      38.362271      -1.3607409415242526       0.4356243735902309          0
  126.620262      38.483946      -1.3451532963982644       0.4721062706604167          0
  129.933772      38.591263      -1.3298274467973332       0.4710887289302214          0
  133.252627      38.683839      -1.3236062238951298       0.3899093903266910          0
  136.576062      38.761340      -0.0000000000000000       0.0000000000000000          0
  34.841617      29.144747      -1.1984051684539963       0.2097918506579955        715
  37.889796      29.392767      -0.0000000000000000       0.0000000000000000          0
  40.944876      29.646592      -0.0000000000000000       0.0000000000000000          0
  44.007184      29.905514      -2.4132470143599964       0.8795208137213492        503
  47.077034      30.168804      -2.5717209481828727       0.9282861707513919        503
  50.154737      30.435716      -2.7231905830272454       0.9822459125494216        503
  53.240587      30.705489      -0.0000000000000000       0.0000000000000000        505
  56.334866      30.977348      -0.0000000000000000       0.0000000000000000        505
  59.437839      31.250503      -0.0000000000000000       0.0000000000000000        505
  62.549753      31.524157      -0.0000000000000000       0.0000000000000000      50601
  65.670832      31.797503      -0.0000000000000000       0.0000000000000000      50601
  68.801274      32.069728      -0.0000000000000000       0.0000000000000000          0
  71.941252      32.340014      -0.0000000000000000       0.0000000000000000          0
  75.090908      32.607543      -3.5034952048340990       1.3381386970718387        501
  78.250349      32.871498      -3.6256237578397714       1.4282450245825005        501
  81.419650      33.131062      -3.7370597160034991       1.5239611373614963        501
  84.598844      33.385428      -3.8373581852916230       1.6250573675089894        501
  87.787925      33.633795      -3.9261014969778110       1.7312649145255652        501
  90.986843      33.875374      -4.0029019328077293       1.8422756926625934        501
  94.195504      34.109389      -4.0674045105907863       1.9577425847610457        501
  97.413766      34.335085      -4.1192898021362145       2.0772801279235553        501
  100.641439      34.551722      -4.3530412266035068       2.3442262438719634        607
  103.878283      34.758587      -2.0254260971117906       0.4863554693595149          0
  107.124007      34.954992      -1.5649638248880757       0.1386783709915100          0
  110.378272      35.140277      -1.3611501240639261       0.0034525638010888          0
  113.640686      35.313816      -1.3557248637993315       0.0651417174417449          0
  116.910809      35.475016      -1.3648889199965120       0.1615589591217441          0
  120.188153      35.623325      -1.3653928970132543       0.2494381117619230          0
  123.472184      35.758230      -1.3583946933486275       0.3046257693114212          0
  126.762322      35.879260      -1.3478485914312364       0.3361437480684814          0
  130.057948      35.985992      -1.3378207021115343       0.3359293860600348          0
  133.358404      36.078050      -6.4041940729754181       3.2156154805961101        737
  136.663000      36.155110      -0.0000000000000000       0.0000000000000000          0
  35.108774      26.548324      -1.2003716718456825       0.2393953692841296        715
  38.164263      26.796888      -0.0000000000000000       0.0000000000000000          0
  41.225939      27.051206      -0.0000000000000000       0.0000000000000000          0
  44.294101      27.310564      -2.4283590564778295       1.0650169926791579        503
  47.369040      27.574227      -2.5864176187286452       1.1091822846746267        503
  50.451039      27.841446      -2.7373653678704071       1.1582186068676215        503
  53.540370      28.111455      -2.8807250225939516       1.2121366852791589        503
  56.637293      28.383474      -0.0000000000000000       0.0000000000000000        505
  59.742052      28.656713      -0.0000000000000000       0.0000000000000000        505
  62.854873      28.930373      -0.0000000000000000       0.0000000000000000      50601
  65.975963      29.203645      -0.0000000000000000       0.0000000000000000      50601
  69.105507      29.475717      -0.0000000000000000       0.0000000000000000          0
  72.243662      29.745773      -0.0000000000000000       0.0000000000000000          0
  75.390561      30.012996      -3.5155415462861739       1.5089683860679792        501
  78.546303      30.276572      -3.6365047745456676       1.5920822006970996        501
  81.710956      30.535688      -3.7467336090583077       1.6805039102720127        501
  84.884554      30.789543      -3.8457977423179157       1.7740207101509731        501
  88.067091      31.037340      -3.9332947981032813       1.8723821548661048        501
  91.258524      31.278298      -4.0088528781186268       1.9753000726826599        501
  94.458767      31.511649      -0.0000000000000000       0.0000000000000000          0
  97.667691      31.736644      -0.0000000000000000       0.0000000000000000          0
  100.885125      31.952553      -1.2763039414910367      -0.1257446290331750        602
  104.110851      32.158672      -1.3924806907271687      -0.0209878354563682          0
  107.344606      32.354321      -1.3212980153759899      -0.0586840666595182          0
  110.586081      32.538852      -1.3364805551930190      -0.0173226546468487          0
  113.834922      32.711647      -1.3484089983105587       0.0261836455281831          0
  117.090731      32.872125      -1.3578560201339651       0.0699905149335113          0
  120.353064      33.019741      -1.3628369258441797       0.1335645091127231          0
  123.621439      33.153992      -1.3601851785449017       0.1911006433424301          0
  126.895331      33.274417      -1.3523680869566370       0.2293109254429957          0
  130.174180      33.380601      -1.3447236511796212       0.2482772384018834          0
  133.457391      33.472175      -6.4049192255359717       3.3488404384545776        678
  136.744340      33.548821      -0.0000000000000000       0.0000000000000000          0
  35.364092      23.951425      -1.2022266437049178       0.2679616979612656        715
  38.426440      24.200504      -1.2226052471142892       0.2920446744800432        715
  41.494283      24.455287      -0.0000000000000000       0.0000000000000000          0
  44.567895      24.715055      -0.0000000000000000       0.0000000000000000          0
  47.647544      24.979068      -2.6003721437328315       1.2865603643683341        503
  50.733490      25.246573      -2.7508093565842802       1.3304727305973596        503
  53.825984      25.516799      -2.8935622180646225       1.3789477950382596        503
  56.925267      25.788965      -0.0000000000000000       0.0000000000000000      50602
  60.031564      26.062277      -0.0000000000000000       0.0000000000000000      50602
  63.145084      26.335935      -0.0000000000000000       0.0000000000000000      50602
  66.266021      26.609130      -0.0000000000000000       0.0000000000000000      50602
  69.394546      26.881050      -0.0000000000000000       0.0000000000000000          0
  72.530806      27.150880      -0.0000000000000000       0.0000000000000000          0
  75.674925      27.417805      -0.0000000000000000       0.0000000000000000          0
  78.826997      27.681014      -3.6467351302682922       1.7507983783019334        501
  81.987088      27.939700      -3.7558141713718380       1.8317050482648627        501
  85.155231      28.193064      -3.8537050374071189       1.9174247424844337        501
  88.331425      28.440316      -3.9400198442229746       2.0077264783481787        501
  91.515632      28.680681      -0.0000000000000000       0.0000000000000000          0
  94.707778      28.913399      -0.0000000000000000       0.0000000000000000          0
  97.907749      29.137726      -1.1764398932580131      -0.2511640375512832        603
  101.115390      29.352944      -1.2782210057389192      -0.1010201384177454        602
  104.330507      29.558354      -1.2970768243554449      -0.1041416434356287          0
  107.552863      29.753288      -1.3230518828490521      -0.0532837205468011          0
  110.782181      29.937104      -1.3370371360179532      -0.0080182978853139          0
  114.018140      30.109196      -1.3469325107249284       0.0355462468841736          0
  117.260382      30.268990      -1.3545892375829212       0.0780545703647201          0
  120.508508      30.415952      -1.3600341811566961       0.1181927812140957          0
  123.762080      30.549587      -1.3602269831114029       0.1573369150157671          0
  127.020628      30.669441      -1.3548080022349955       0.1966367978363994          0
  130.283644      30.775108      -1.3473664620113288       0.2364521437057350        602
  133.550594      30.866226      -0.0000000000000000       0.0000000000000000          0
  136.820914      30.942483      -6.4181875510321760       3.6588077252596820        678
  35.609324      21.354121      -1.2039858638537000       0.2954640611722489        715
  38.678143      21.603689      -1.2241256513992198       0.3169951437944266        715
  41.751783      21.858913      -0.0000000000000000       0.0000000000000000          0
  44.830497      22.119069      -0.0000000000000000       0.0000000000000000          0
  47.914529      22.383413      -2.6136918191146004       1.4601222671766110        503
  51.004120      22.651185      -2.7636279851726924       1.4987283216993912        503
  54.099503      22.921613      -2.9057883602002095       1.5415731340201888        503
  57.200900      23.193913      -0.0000000000000000       0.0000000000000000          0
  60.308520      23.467289      -0.0000000000000000       0.0000000000000000      50602
  63.422561      23.740938      -0.0000000000000000       0.0000000000000000      50602
  66.543202      24.014053      -0.0000000000000000       0.0000000000000000          0
  69.670602      24.285820      -0.0000000000000000       0.0000000000000000          0
  72.804904      24.555428      -0.0000000000000000       0.0000000000000000          0
  75.946222      24.822063      -0.0000000000000000       0.0000000000000000          0
  79.094650      25.084917      -0.0000000000000000       0.0000000000000000          0
  82.250251      25.343187      -3.7643870572878084       1.9773810752724204        501
  85.413060      25.596078      -3.8611570156828767       2.0551062787591379        501
  88.583082      25.842806      -0.0000000000000000       0.0000000000000000          0
  91.760287      26.082603      -0.0000000000000000       0.0000000000000000          0
  94.944611      26.314713      -0.0000000000000000       0.0000000000000000          0
  98.135957      26.538403      -1.1790818586679446      -0.2205972862654276        603
  101.334188      26.752959      -1.2525235543953415      -0.1695609034822165      60401
  104.539132      26.957693      -1.3047078509564398      -0.0999340181729267          0
  107.750578      27.151944      -1.3293426101524481      -0.0451276354155828          0
  110.968278      27.335081      -1.3406970300565668       0.0022011944457827          0
  114.191947      27.506504      -1.3482567773938814       0.0454162985166792          0
  117.421263      27.665649      -1.3541936687204452       0.0863202052527218          0
  120.655867      27.811989      -1.3588205323633058       0.1239672607889217          0
  123.895368      27.945038      -1.3598377521609029       0.1599851727837138          0
  127.139341      28.064351      -1.3558260902623265       0.1962993904570063          0
  130.387333      28.169528      -0.0000000000000000       0.0000000000000000          0
  133.638861      28.260213      -0.0000000000000000       0.0000000000000000          0
  136.893420      28.336101      -0.0000000000000000       0.0000000000000000          0
  35.846009      18.756473      -1.2056628501898752       0.3218724814514479        715
  38.920964      19.006508      -1.2255700137410586       0.3407850854072410        715
  42.000082      19.262154      -1.1183527056698614       0.8110521045037618        710
  45.083594      19.522679      -0.0000000000000000       0.0000000000000000          0
  48.171726      19.787335      -0.0000000000000000       0.0000000000000000          0
  51.264700      20.055360      -0.0000000000000000       0.0000000000000000          0
  54.362733      20.325977      -0.0000000000000000       0.0000000000000000          0
  57.466030      20.598399      -0.0000000000000000       0.0000000000000000          0
  60.574788      20.871830      -0.0000000000000000       0.0000000000000000          0
  63.689191      21.145465      -0.0000000000000000       0.0000000000000000          0
  66.809408      21.418496      -0.0000000000000000       0.0000000000000000          0
  69.935593      21.690112      -0.0000000000000000       0.0000000000000000          0
  73.067877      21.959501      -0.0000000000000000       0.0000000000000000          0
  76.206375      22.225852      -0.0000000000000000       0.0000000000000000          0
  79.351176      22.488360      -0.0000000000000000       0.0000000000000000          0
  82.502346      22.746226      -3.7725249265830696       2.1173386032467993        501
  85.659923      22.998659      -3.8682187605138094       2.1868919194190570        501
  88.823917      23.244881      -0.0000000000000000       0.0000000000000000          0
  91.994308      23.484129      -0.0000000000000000       0.0000000000000000          0
  95.171045      23.715655      -0.0000000000000000       0.0000000000000000          0
  98.354046      23.938732      -1.1815891936044138      -0.1900338328215716        603
  101.543193      24.152653      -1.2565333254791811      -0.1154273675609338      60401
  104.738335      24.356739      -1.3157197625023169      -0.0899374344158937      60406
  107.939288      24.550337      -1.3417217726128767      -0.0334956245530151          0
  111.145833      24.732823      -1.3473382486784051       0.0147033593126301          0
  114.357716      24.903605      -1.3516306391045503       0.0569857536609196          0
  117.574652      25.062130      -1.3559250858362861       0.0955628911362701          0
  120.796321      25.207876      -1.3609016756507937       0.1294177601861622          0
  124.022373      25.340367      -0.0000000000000000       0.0000000000000000          0
  127.252431      25.459164      -0.0000000000000000       0.0000000000000000          0
  130.486087      25.563873      -0.0000000000000000       0.0000000000000000          0
  133.722912      25.654147      -0.0000000000000000       0.0000000000000000          0
  136.962451      25.729683      -0.0000000000000000       0.0000000000000000          0
  36.075511      16.158537      -1.2072692988955400       0.3471546225663718        715
  39.156313      16.409021      -1.2269489263618507       0.3633890748380263        715
  42.240633      16.665070      -0.0000000000000000       0.0000000000000000          0
  45.328681      16.925948      -1.5499701240896659       1.1668964814084064        710
  48.420666      17.190901      -0.0000000000000000       0.0000000000000000          0
  51.516795      17.459165      -0.0000000000000000       0.0000000000000000          0
  54.617267      17.729960      -0.0000000000000000       0.0000000000000000          0
  57.722276      18.002495      -0.0000000000000000       0.0000000000000000          0
  60.832007      18.275973      -0.0000000000000000       0.0000000000000000          0
  63.946632      18.549589      -0.0000000000000000       0.0000000000000000          0
  67.066312      18.822535      -0.0000000000000000       0.0000000000000000          0
  70.191195      19.093998      -0.0000000000000000       0.0000000000000000          0
  73.321408      19.363171      -0.0000000000000000       0.0000000000000000          0
  76.457062      19.629243      -0.0000000000000000       0.0000000000000000          0
  79.598248      19.891412      -0.0000000000000000       0.0000000000000000          0
  82.745032      20.148884      -3.7802900574057063       2.2513781422056605        501
  85.897458      20.400872      -3.8749458907482945       2.3126019786989453        502
  89.055543      20.646603      -0.0000000000000000       0.0000000000000000          0
  92.219278      20.885320      -0.0000000000000000       0.0000000000000000          0
  95.388625      21.116281      -0.0000000000000000       0.0000000000000000          0
  98.563516      21.338765      -1.1839813222694111      -0.1595097873195173        603
  101.743854      21.552074      -1.2603672967010948      -0.0614915907711415      60401
  104.929510      21.755536      -1.3191331254421401      -0.0389901513883733      60405
  108.120324      21.948504      -1.3629384601460921      -0.0126930483835078          0
  111.316105      22.130364      -1.3544174720269615       0.0318912228914162          0
  114.516633      22.300532      -1.3547205510648579       0.0717848137618001          0
  117.721653      22.458460      -1.3598884787983230       0.1053100674952689          0
  120.930886      22.603637      -1.3633701501032010       0.1343162534157918        602
  124.144022      22.735592      -0.0000000000000000       0.0000000000000000          0
  127.360725      22.853894      -0.0000000000000000       0.0000000000000000          0
  130.580634      22.958155      -0.0000000000000000       0.0000000000000000          0
  133.803366      23.048034      -0.0000000000000000       0.0000000000000000          0
  137.028518      23.123234      -0.0000000000000000       0.0000000000000000          0
  36.299056      13.560361      -1.2088154327054315       0.3712764688091672        715
  39.385457      13.811279      -1.2282715895763856       0.3847798989042378        715
  42.474738      14.067716      -0.0000000000000000       0.0000000000000000          0
  45.567094      14.328932      -1.5807015570948597       1.5333462841441872        710
  48.662718      14.594171      -0.0000000000000000       0.0000000000000000          0
  51.761800      14.862662      -1.1679620244772417       1.0156718164621004        709
  54.864527      15.133624      -0.0000000000000000       0.0000000000000000          0
  57.971081      15.406264      -0.0000000000000000       0.0000000000000000          0
  61.081636      15.679782      -0.0000000000000000       0.0000000000000000          0
  64.196356      15.953375      -0.0000000000000000       0.0000000000000000          0
  67.315396      16.226232      -0.0000000000000000       0.0000000000000000          0
  70.438897      16.497543      -0.0000000000000000       0.0000000000000000          0
  73.566984      16.766500      -0.0000000000000000       0.0000000000000000          0
  76.699768      17.032297      -0.0000000000000000       0.0000000000000000          0
  79.837340      17.294135      -0.0000000000000000       0.0000000000000000          0
  82.979770      17.551221      -0.0000000000000000       0.0000000000000000          0
  86.127108      17.802774      -0.0000000000000000       0.0000000000000000          0
  89.279380      18.048027      -3.9634466095148935       2.4883746499628545        502
  92.436588      18.286226      -0.0000000000000000       0.0000000000000000          0
  95.598706      18.516638      -0.0000000000000000       0.0000000000000000          0
  98.765683      18.738548      -1.1862750485621933      -0.1290657332022135        603
  101.937442      18.951264      -1.2640514800685947      -0.0078428278861933      60401
  105.113876      19.154121      -1.3224110079699647       0.0116230608531482        604
  108.294848      19.346480      -1.3767817430323872       0.0328249204685192      60404
  111.480197      19.527735      -1.3427232284225825       0.0631115454905279        612
  114.669731      19.697309      -0.0000000000000000       0.0000000000000000          0
  117.863230      19.854661      -0.0000000000000000       0.0000000000000000          0
  121.060450      19.999289      -0.0000000000000000       0.0000000000000000          0
  124.261120      20.130728      -0.0000000000000000       0.0000000000000000          0
  127.464944      20.248553      -0.0000000000000000       0.0000000000000000          0
  130.671604      20.352383      -0.0000000000000000       0.0000000000000000          0
  133.880764      20.441882      -0.0000000000000000       0.0000000000000000          0
  137.092066      20.516759      -0.0000000000000000       0.0000000000000000          0
  36.517762      10.961991      -1.2103102797202536       0.3942028738208576        715
  39.609545      11.213329      -0.0000000000000000       0.0000000000000000          0
  42.703581      11.470142      -1.2345752555855494       0.9604284824544913        709
  45.800047      11.731684      -1.2152002564903497       0.9745072168718697        709
  48.899120      11.997197      -1.1922561011753758       0.9889490132338221        709
  52.000978      12.265905      -1.1657994062313510       1.0037058575984483        709
  55.105796      12.537025      -0.0000000000000000       0.0000000000000000          0
  58.213745      12.809763      -0.0000000000000000       0.0000000000000000          0
  61.324990      13.083316      -0.0000000000000000       0.0000000000000000          0
  64.439689      13.356880      -0.0000000000000000       0.0000000000000000          0
  67.557991      13.629646      -0.0000000000000000       0.0000000000000000          0
  70.680033      13.900804      -0.0000000000000000       0.0000000000000000          0
  73.805940      14.169547      -0.0000000000000000       0.0000000000000000          0
  76.935822      14.435072      -0.0000000000000000       0.0000000000000000          0
  80.069772      14.696582      -0.0000000000000000       0.0000000000000000          0
  83.207867      14.953289      -0.0000000000000000       0.0000000000000000          0
  86.350163      15.204416      -0.0000000000000000       0.0000000000000000          0
  89.496694      15.449200      -0.0000000000000000       0.0000000000000000          0
  92.647474      15.686895      -0.0000000000000000       0.0000000000000000          0
  95.802493      15.916770      -0.0000000000000000       0.0000000000000000          0
  98.961716      16.138120      -1.1884850679359729      -0.0987459894423604      60302
  102.125084      16.350258      -1.2676087245297782       0.0454263777657140      60401
  105.292513      16.552527      -1.3255739762982932       0.0618164604831323        604
  108.463890      16.744295      -1.3795537972733680       0.0797939718195389        604
  111.639082      16.924962      -0.0000000000000000       0.0000000000000000          0
  114.817925      17.093960      -1.3542285120143327       0.0977682664812994        612
  118.000232      17.250755      -0.0000000000000000       0.0000000000000000          0
  121.185794      17.394851      -0.0000000000000000       0.0000000000000000          0
  124.374376      17.525789      -0.0000000000000000       0.0000000000000000          0
  127.565721      17.643153      -0.0000000000000000       0.0000000000000000          0
  130.759554      17.746566      -0.0000000000000000       0.0000000000000000          0
  133.955579      17.835698      -0.0000000000000000       0.0000000000000000          0
  137.153485      17.910261      -6.7103389679716567       1.2301601534667057      61501
  36.732655       8.363467      -1.2117618993546146       0.4158980035193245        712
  39.829637       8.615214      -1.2493332882418680       0.9430759441536304        709
  42.928249       8.872392      -1.2332901514044019       0.9539755709572491        709
  46.028651       9.134252      -1.2136284380362885       0.9653245294034230        709
  49.131008       9.400028      -1.1903981800598684       0.9770890586647418        709
  52.235485       9.668945      -1.1636592970027504       0.9892285046021603        709
  55.342247       9.940216      -0.0000000000000000       0.0000000000000000          0
  58.451455      10.213044      -0.0000000000000000       0.0000000000000000          0
  61.563268      10.486627      -0.0000000000000000       0.0000000000000000          0
  64.677838      10.760158      -0.0000000000000000       0.0000000000000000          0
  67.795309      11.032830      -0.0000000000000000       0.0000000000000000          0
  70.915816      11.303833      -0.0000000000000000       0.0000000000000000          0
  74.039485      11.572362      -0.0000000000000000       0.0000000000000000          0
  77.166426      11.837617      -0.0000000000000000       0.0000000000000000          0
  80.296738      12.098803      -0.0000000000000000       0.0000000000000000          0
  83.430502      12.355136      -0.0000000000000000       0.0000000000000000          0
  86.567781      12.605843      -0.0000000000000000       0.0000000000000000          0
  89.708623      12.850167      -0.0000000000000000       0.0000000000000000          0
  92.853050      13.087366      -0.0000000000000000       0.0000000000000000          0
  96.001070      13.316717      -0.0000000000000000       0.0000000000000000          0
  99.152663      13.537518      -1.1906243764029170      -0.0685980066887333      60302
  102.307790      13.749091      -1.2710593338936926       0.0982208881211757      60402
  105.466389      13.950786      -1.3286402770258559       0.1115017332160568        604
  108.628372      14.141976      -1.3822395391940141       0.1262223447899583        604
  111.793631      14.322070      -1.3439981687670617       0.0894899441680755        612
  114.962031      14.490507      -0.0000000000000000       0.0000000000000000          0
  118.133419      14.646758      -0.0000000000000000       0.0000000000000000          0
  121.307616      14.790336      -0.0000000000000000       0.0000000000000000          0
  124.484424      14.920788      -0.0000000000000000       0.0000000000000000          0
  127.663623      15.037703      -0.0000000000000000       0.0000000000000000          0
  130.844978      15.140711      -0.0000000000000000       0.0000000000000000          0
  134.028235      15.229485      -5.7675880564800321       1.9989627771640197      61502
  137.213123      15.303744      -7.2649244857324797       1.6153448372790034        684
  36.944701       5.764829      -1.2131775678211656       0.4363256911302119        712
  40.046724       6.016977      -1.2483278312540247       0.9370209904388860        709
  43.149756       6.274511      -1.2320045582840833       0.9451200865949914        709
  46.253944       6.536678      -1.2120604815965388       0.9537152799013571        709
  49.359439       6.802711      -1.1885488904011989       0.9627803842673030        709
  52.466395       7.071829      -0.0000000000000000       0.0000000000000000          0
  55.574969       7.343243      -0.0000000000000000       0.0000000000000000          0
  58.685313       7.616156      -0.0000000000000000       0.0000000000000000          0
  61.797579       7.889763      -0.0000000000000000       0.0000000000000000          0
  64.911916       8.163258      -0.0000000000000000       0.0000000000000000          0
  68.028466       8.435832      -0.0000000000000000       0.0000000000000000          0
  71.147362       8.706679      -0.0000000000000000       0.0000000000000000          0
  74.268731       8.974994      -0.0000000000000000       0.0000000000000000          0
  77.392687       9.239979      -0.0000000000000000       0.0000000000000000          0
  80.519332       9.500843      -0.0000000000000000       0.0000000000000000          0
  83.648754       9.756805      -0.0000000000000000       0.0000000000000000          0
  86.781027      10.007098      -0.0000000000000000       0.0000000000000000          0
  89.916207      10.250968      -0.0000000000000000       0.0000000000000000          0
  93.054332      10.487678      -0.0000000000000000       0.0000000000000000          0
  96.195423      10.716512      -0.0000000000000000       0.0000000000000000          0
  99.339479      10.936774      -1.2574763138859728       0.0526188983159420        647
  102.486479      11.147793      -1.2744215699734880       0.1504435589185518      60402
  105.636383      11.348923      -1.3316262945918307       0.1605885830548757      60402
  108.789129      11.539548      -1.3848534564799222       0.1720267197204954        604
  111.944633      11.719081      -1.3445980415102978       0.1019065192970603        613
  115.102791      11.886967      -1.3549981017826465       0.1164974589033734        613
  118.263477      12.042688      -1.3612857694071998       0.1316453480523591        613
  121.426546      12.185759      -0.8354426319483121       0.7711242981607969        677
  124.591835      12.315735      -7.1971194752558736       1.2684027013120915        675
  127.759161      12.432212      -0.0000000000000000       0.0000000000000000          0
  130.928324      12.534824      -7.2752434878747980       1.4368666766105187        684
  134.099111      12.623250      -7.2809843795295199       1.5239342574369839        801
  137.271294      12.697213      -7.2644201053270567       1.6121470145396903        801
  37.154811       3.166114      -1.2145639325466149       0.4554497173321942        712
  40.261745       3.418654      -1.2473142815956326       0.9286095884792901        709
  43.369065       3.676537      -1.2307135881441598       0.9338886881690722        709
  46.476907       3.939005      -0.0000000000000000       0.0000000000000000          0
  49.585411       4.205287      -0.0000000000000000       0.0000000000000000          0
  52.694722       4.474600      -0.0000000000000000       0.0000000000000000          0
  55.804985       4.746152      -0.0000000000000000       0.0000000000000000          0
  58.916350       5.019144      -0.0000000000000000       0.0000000000000000          0
  62.028963       5.292770      -0.0000000000000000       0.0000000000000000          0
  65.142968       5.566225      -0.0000000000000000       0.0000000000000000          0
  68.258507       5.838699      -0.0000000000000000       0.0000000000000000          0
  71.375713       6.109387      -0.0000000000000000       0.0000000000000000          0
  74.494715       6.377487      -0.0000000000000000       0.0000000000000000          0
  77.615631       6.642202      -0.0000000000000000       0.0000000000000000          0
  80.738570       6.902744      -0.0000000000000000       0.0000000000000000          0
  83.863626       7.158338      -0.0000000000000000       0.0000000000000000          0
  86.990884       7.408219      -0.0000000000000000       0.0000000000000000          0
  90.120411       7.651639      -0.0000000000000000       0.0000000000000000          0
  93.252259       7.887866      -0.0000000000000000       0.0000000000000000          0
  96.386464       8.116189      -1.1583531492047434      -0.0156698911674628      60302
  99.523043       8.335919      -1.2591360045005897       0.0776459758531856        647
  102.661997       8.546391      -1.2855029914471485       0.0860491882951964      64701
  105.803305       8.746966      -1.3345469287889067       0.2089852342616231      60402
  108.946930       8.937033      -0.0000000000000000       0.0000000000000000          0
  112.092814       9.116014      -1.3451776264131354       0.1137877905190148        613
  115.240881       9.283360      -1.3553591115006751       0.1250472290222863        613
  118.391034       9.438558      -1.1710449271155479       0.4576610804546957        738
  121.543162       9.581132      -0.0000000000000000       0.0000000000000000          0
  124.697133       9.710642      -0.0000000000000000       0.0000000000000000          0
  127.852800       9.826688      -7.2483928262472235       1.3985832944103382        801
  131.010000       9.928912      -7.2756710923869026       1.4659064978018908        801
  134.168558      10.016996      -7.2808605779347833       1.5348580478603593        801
  137.328283      10.090668      -7.2639187053295267       1.6049325028944861        801
  37.363870       0.567356      -1.2159271427395186       0.4732340246349419        712
  40.475602       0.820283      -1.2462887879934039       0.9178643116421894        709
  43.587098       1.078510      -1.2294122498121685       0.9203102254437148        709
  46.698481       1.341273      -0.0000000000000000       0.0000000000000000          0
  49.809881       1.607799      -0.0000000000000000       0.0000000000000000          0
  52.921432       1.877301      -0.0000000000000000       0.0000000000000000          0
  56.033276       2.148986      -0.0000000000000000       0.0000000000000000          0
  59.145555       2.422051      -0.0000000000000000       0.0000000000000000          0
  62.258410       2.695693      -0.0000000000000000       0.0000000000000000          0
  65.371987       2.969102      -0.0000000000000000       0.0000000000000000          0
  68.486424       3.241473      -0.0000000000000000       0.0000000000000000          0
  71.601857       3.512000      -0.0000000000000000       0.0000000000000000          0
  74.718419       3.779882      -0.0000000000000000       0.0000000000000000          0
  77.836233       4.044326      -0.0000000000000000       0.0000000000000000          0
  80.955412       4.304547      -0.0000000000000000       0.0000000000000000          0
  84.076063       4.559773      -0.0000000000000000       0.0000000000000000          0
  87.198279       4.809243      -0.0000000000000000       0.0000000000000000          0
  90.322139       5.052215      -0.0000000000000000       0.0000000000000000          0
  93.447711       5.287961      -0.0000000000000000       0.0000000000000000          0
  96.575046       5.515778      -1.2309309684506848       0.0976126960959052      67352
  99.704180       5.734980      -1.2607610787037975       0.1021470350575340      67301
  102.835134       5.944910      -1.2868457522993801       0.1074344382598998      64701
  105.967909       6.144936      -1.3091005100279958       0.1134406238768816      64701
  109.102491       6.334453      -0.0000000000000000       0.0000000000000000          0
  112.238849       6.512888      -1.3457400133476418       0.1251169822226002      61404
  115.376933       6.679700      -0.0000000000000000       0.0000000000000000          0
  118.516678       6.834383      -0.0000000000000000       0.0000000000000000          0
  121.658001       6.976467      -0.0000000000000000       0.0000000000000000          0
  124.800805       7.105517      -7.2011062685202978       1.3943807945239524        801
  127.944975       7.221139      -7.2495016009311657       1.4416827944338528        801
  131.090385       7.322980      -7.2760775011527086       1.4909648647154903        801
  134.236896       7.410728      -7.2807283094771034       1.5417980630888706        801
  137.384356       7.484114      -7.2634183501223371       1.5937347588351392        801
  37.572740      -2.031409      -1.2172729617451066       0.4896428719553932        713
  40.689182      -1.778098      -1.2354224851846940       0.4860212590305846        713
  43.804759      -1.519533      -0.0000000000000000       0.0000000000000000          0
  46.919585      -1.256479      -0.0000000000000000       0.0000000000000000          0
  50.033779      -0.989714      -0.0000000000000000       0.0000000000000000          0
  53.147470      -0.720027      -0.0000000000000000       0.0000000000000000          0
  56.260791      -0.448215      -0.0000000000000000       0.0000000000000000          0
  59.373881      -0.175080      -0.0000000000000000       0.0000000000000000          0
  62.486880       0.098572      -0.0000000000000000       0.0000000000000000          0
  65.599930       0.371933      -0.0000000000000000       0.0000000000000000          0
  68.713172       0.644196      -0.0000000000000000       0.0000000000000000          0
  71.826746       0.914558      -0.0000000000000000       0.0000000000000000          0
  74.940786       1.182220      -0.0000000000000000       0.0000000000000000          0
  78.055423       1.446390      -0.0000000000000000       0.0000000000000000          0
  81.170779       1.706289      -0.0000000000000000       0.0000000000000000          0
  84.286968       1.961145      -0.0000000000000000       0.0000000000000000          0
  87.404095       2.210205      -0.0000000000000000       0.0000000000000000          0
  90.522254       2.452729      -0.0000000000000000       0.0000000000000000          0
  93.641527       2.687996      -0.0000000000000000       0.0000000000000000          0
  96.761981       2.915308      -0.0000000000000000       0.0000000000000000          0
  99.883672       3.133985      -1.2623589627487581       0.1260767361588098      67301
  103.006640       3.343377      -1.2881642817358609       0.1282458408589839      64701
  106.130909       3.542856      -1.3101518789937738       0.1310682494693505      64701
  109.256490       3.731826      -1.3282516178398904       0.1345108214745141        614
  112.383375       3.909720      -0.0000000000000000       0.0000000000000000          0
  115.511544       4.076004      -0.0000000000000000       0.0000000000000000          0
  118.640959       4.230176      -1.3586940391176487       0.1481197158556163      61405
  121.771569       4.371774      -7.1339721584017726       1.4240987416068465        801
  124.903307       4.500368      -7.2030268218103464       1.4513189600863878        801
  128.036093       4.615572      -7.2505792217977829       1.4807391497546427        801
  131.169835       4.717035      -7.2764651103554803       1.5120092405148688        801
  134.304430       4.804450      -7.2805874225716911       1.5447566681482081        801
  137.439763       4.877553      -7.2629171109698545       1.5785908429274973        801
>