>anchorPlateId 301
>reconstructionTime 112
>DeformingMeshPoints.gpml lat_lon_velocity_domain_28_32.gpml
>MeshNode <identity>GPlates-b7a3af0e-8119-4abb-9ae6-39bb7e5702ce</identity> <revision>GPlates-7b04c5e6-7801-49f1-bcc4-23d6f4e5417f</revision>
> reconstructionPlateId 0
> validTime TimePeriod <begin> TimeInstant <timePosition>http://gplates.org/times/distantPast</timePosition></begin> <end> TimeInstant <timePosition>http://gplates.org/times/distantFuture</timePosition></end>
  51.717341      73.473693      -0.0000000000000000       0.0000000000000000        302
  54.905763      73.384811      -0.0000000000000000       0.0000000000000000        373
  58.077242      73.294997      -0.0000000000000000       0.0000000000000000        372
  61.231911      73.204531      -0.0000000000000000       0.0000000000000000        372
  64.369953      73.113689      -0.0000000000000000       0.0000000000000000        372
  67.491599      73.022745      -0.0000000000000000       0.0000000000000000        372
  70.597125      72.931969      -0.0000000000000000       0.0000000000000000        372
  73.686848      72.841626      -0.0000000000000000       0.0000000000000000        401
  76.761121      72.751975      -0.0000000000000000       0.0000000000000000        401
  79.820328      72.663271      -0.0000000000000000       0.0000000000000000        401
  82.864886      72.575762      -0.0000000000000000       0.0000000000000000        401
  85.895237      72.489688      -0.0000000000000000       0.0000000000000000        401
  88.911846      72.405283      -0.0000000000000000       0.0000000000000000        401
  91.915201      72.322772      -0.0000000000000000       0.0000000000000000        401
  94.905807      72.242374      -0.0000000000000000       0.0000000000000000        401
  97.884184      72.164299      -0.0000000000000000       0.0000000000000000        401
  100.850866      72.088747      -0.0000000000000000       0.0000000000000000        401
  103.806402      72.015912      -0.0000000000000000       0.0000000000000000        401
  106.751347      71.945976      -0.0000000000000000       0.0000000000000000        401
  109.686266      71.879114      -0.0000000000000000       0.0000000000000000        401
  112.611733      71.815491      -0.0000000000000000       0.0000000000000000        401
  115.528324      71.755262      -0.0000000000000000       0.0000000000000000        401
  118.436624      71.698574      -0.0000000000000000       0.0000000000000000        401
  121.337219      71.645562      -0.0000000000000000       0.0000000000000000        401
  124.230698      71.596352      -0.0000000000000000       0.0000000000000000        401
  127.117655      71.551062      -0.0000000000000000       0.0000000000000000        401
  129.998684      71.509797      -0.0000000000000000       0.0000000000000000          0
  132.874380      71.472654      -0.0000000000000000       0.0000000000000000      43101
  135.745339      71.439719      -0.0000000000000000       0.0000000000000000          0
  138.612158      71.411068      -0.0000000000000000       0.0000000000000000          0
  141.475436      71.386767      -0.0000000000000000       0.0000000000000000          0
  144.335769      71.366873       0.2153571775803774      -0.0251522792283426      42201
  147.193757      71.351429       0.2624475895422465      -0.0372670909266842      42201
  50.948250      70.877146      -0.0000000000000000       0.0000000000000000        302
  54.130792      70.788532      -0.0000000000000000       0.0000000000000000        373
  57.298900      70.698920      -0.0000000000000000       0.0000000000000000        373
  60.452643      70.608589      -0.0000000000000000       0.0000000000000000        372
  63.592139      70.517814      -0.0000000000000000       0.0000000000000000        372
  66.717545      70.426870      -0.0000000000000000       0.0000000000000000        372
  69.829061      70.336028      -0.0000000000000000       0.0000000000000000        372
  72.926921      70.245553      -0.0000000000000000       0.0000000000000000        401
  76.011393      70.155709      -0.0000000000000000       0.0000000000000000        401
  79.082778      70.066752      -0.0000000000000000       0.0000000000000000        401
  82.141405      69.978934      -0.0000000000000000       0.0000000000000000        401
  85.187627      69.892500      -0.0000000000000000       0.0000000000000000        401
  88.221821      69.807688      -0.0000000000000000       0.0000000000000000        401
  91.244388      69.724729      -0.0000000000000000       0.0000000000000000        401
  94.255745      69.643846      -0.0000000000000000       0.0000000000000000        401
  97.256326      69.565256      -0.0000000000000000       0.0000000000000000        401
  100.246581      69.489164      -0.0000000000000000       0.0000000000000000        401
  103.226973      69.415770      -0.0000000000000000       0.0000000000000000        401
  106.197977      69.345263      -0.0000000000000000       0.0000000000000000        401
  109.160079      69.277823      -0.0000000000000000       0.0000000000000000        401
  112.113771      69.213622      -0.0000000000000000       0.0000000000000000        401
  115.059557      69.152821      -0.0000000000000000       0.0000000000000000        401
  117.997943      69.095571      -0.0000000000000000       0.0000000000000000        401
  120.929445      69.042014      -0.0000000000000000       0.0000000000000000        401
  123.854581      68.992283      -0.0000000000000000       0.0000000000000000        401
  126.773875      68.946498      -0.0000000000000000       0.0000000000000000      43102
  129.687852      68.904771      -0.0000000000000000       0.0000000000000000      43101
  132.597042      68.867202      -0.0000000000000000       0.0000000000000000      43101
  135.501977      68.833882      -0.0000000000000000       0.0000000000000000      43202
  138.403189      68.804891      -0.0000000000000000       0.0000000000000000      43202
  141.301215      68.780297      -0.0000000000000000       0.0000000000000000      43204
  144.196591      68.760160      -0.0000000000000000       0.0000000000000000      43200
  147.089853      68.744527      -0.0000000000000000       0.0000000000000000      43205
  50.357143      68.278143      -0.0000000000000000       0.0000000000000000        302
  53.534362      68.189745      -0.0000000000000000       0.0000000000000000        302
  56.699067      68.100301      -0.0000000000000000       0.0000000000000000        302
  59.851293      68.010085      -0.0000000000000000       0.0000000000000000        302
  62.991115      67.919374      -0.0000000000000000       0.0000000000000000        302
  66.118642      67.828442      -0.0000000000000000       0.0000000000000000        302
  69.234024      67.737559      -0.0000000000000000       0.0000000000000000        390
  72.337439      67.646993      -0.0000000000000000       0.0000000000000000        401
  75.429101      67.557010      -0.0000000000000000       0.0000000000000000        401
  78.509248      67.467867      -0.0000000000000000       0.0000000000000000        401
  81.578148      67.379818      -0.0000000000000000       0.0000000000000000        401
  84.636092      67.293113      -0.0000000000000000       0.0000000000000000        401
  87.683393      67.207993      -0.0000000000000000       0.0000000000000000        401
  90.720387      67.124692      -0.0000000000000000       0.0000000000000000        401
  93.747425      67.043438      -0.0000000000000000       0.0000000000000000        401
  96.764879      66.964451      -0.0000000000000000       0.0000000000000000        401
  99.773133      66.887942      -0.0000000000000000       0.0000000000000000        401
  102.772586      66.814116      -0.0000000000000000       0.0000000000000000        401
  105.763650      66.743165      -0.0000000000000000       0.0000000000000000        401
  108.746747      66.675276      -0.0000000000000000       0.0000000000000000        401
  111.722308      66.610624      -0.0000000000000000       0.0000000000000000        401
  114.690776      66.549375      -0.0000000000000000       0.0000000000000000        401
  117.652598      66.491686      -0.0000000000000000       0.0000000000000000        401
  120.608228      66.437703      -0.0000000000000000       0.0000000000000000        401
  123.558129      66.387562      -0.0000000000000000       0.0000000000000000        401
  126.502766      66.341389      -0.0000000000000000       0.0000000000000000      43102
  129.442608      66.299298      -0.0000000000000000       0.0000000000000000      43101
  132.378131      66.261394      -0.0000000000000000       0.0000000000000000      43101
  135.309810      66.227771      -0.0000000000000000       0.0000000000000000      43101
  138.238126      66.198511      -0.0000000000000000       0.0000000000000000      43202
  141.163562      66.173686      -0.0000000000000000       0.0000000000000000      43200
  144.086599      66.153357      -0.0000000000000000       0.0000000000000000      43200
  147.007725      66.137574      -0.0000000000000000       0.0000000000000000      43200
  49.886993      65.677472      -0.0000000000000000       0.0000000000000000        302
  53.059479      65.589254      -0.0000000000000000       0.0000000000000000        302
  56.220974      65.499949      -0.0000000000000000       0.0000000000000000        302
  59.371489      65.409833      -0.0000000000000000       0.0000000000000000        302
  62.511071      65.319180      -0.0000000000000000       0.0000000000000000        390
  65.639800      65.228264      -0.0000000000000000       0.0000000000000000        390
  68.757788      65.137356      -0.0000000000000000       0.0000000000000000        468
  71.865178      65.046725      -0.0000000000000000       0.0000000000000000        401
  74.962139      64.956636      -0.0000000000000000       0.0000000000000000        401
  78.048870      64.867350      -0.0000000000000000       0.0000000000000000        401
  81.125591      64.779123      -0.0000000000000000       0.0000000000000000        401
  84.192546      64.692206      -0.0000000000000000       0.0000000000000000        401
  87.250003      64.606843      -0.0000000000000000       0.0000000000000000        401
  90.298245      64.523271      -0.0000000000000000       0.0000000000000000        401
  93.337577      64.441723      -0.0000000000000000       0.0000000000000000        401
  96.368317      64.362421      -0.0000000000000000       0.0000000000000000        401
  99.390801      64.285580      -0.0000000000000000       0.0000000000000000        401
  102.405378      64.211408      -0.0000000000000000       0.0000000000000000        401
  105.412407      64.140102      -0.0000000000000000       0.0000000000000000        401
  108.412261      64.071852      -0.0000000000000000       0.0000000000000000        401
  111.405322      64.006837      -0.0000000000000000       0.0000000000000000        401
  114.391980      63.945228      -0.0000000000000000       0.0000000000000000        401
  117.372635      63.887185      -0.0000000000000000       0.0000000000000000        401
  120.347693      63.832857      -0.0000000000000000       0.0000000000000000        401
  123.317567      63.782385      -0.0000000000000000       0.0000000000000000        401
  126.282673      63.735896      -0.0000000000000000       0.0000000000000000        401
  129.243436      63.693511      -0.0000000000000000       0.0000000000000000        401
  132.200281      63.655335      -0.0000000000000000       0.0000000000000000        401
  135.153641      63.621466      -0.0000000000000000       0.0000000000000000      43101
  138.103947      63.591988      -0.0000000000000000       0.0000000000000000      43101
  141.051638      63.566975      -0.0000000000000000       0.0000000000000000      43101
  143.997151      63.546491      -0.0000000000000000       0.0000000000000000      43101
  146.940926      63.530585      -0.0000000000000000       0.0000000000000000      43202
  49.502723      63.075618      -0.0000000000000000       0.0000000000000000        302
  52.671014      62.987551      -0.0000000000000000       0.0000000000000000        302
  55.829552      62.898365      -0.0000000000000000       0.0000000000000000        302
  58.978335      62.808335      -0.0000000000000000       0.0000000000000000        302
  62.117390      62.717734      -0.0000000000000000       0.0000000000000000        390
  65.246777      62.626836      -0.0000000000000000       0.0000000000000000        390
  68.366582      62.535912      -0.0000000000000000       0.0000000000000000        468
  71.476921      62.445232      -0.0000000000000000       0.0000000000000000        401
  74.577933      62.355061      -0.0000000000000000       0.0000000000000000        401
  77.669782      62.265662      -0.0000000000000000       0.0000000000000000        401
  80.752656      62.177292      -0.0000000000000000       0.0000000000000000        401
  83.826765      62.090204      -0.0000000000000000       0.0000000000000000        401
  86.892335      62.004645      -0.0000000000000000       0.0000000000000000        401
  89.949614      61.920854      -0.0000000000000000       0.0000000000000000        401
  92.998867      61.839066      -0.0000000000000000       0.0000000000000000        401
  96.040372      61.759506      -0.0000000000000000       0.0000000000000000        401
  99.074424      61.682393      -0.0000000000000000       0.0000000000000000        401
  102.101330      61.607936      -0.0000000000000000       0.0000000000000000        401
  105.121411      61.536338      -0.0000000000000000       0.0000000000000000        401
  108.134995      61.467791      -0.0000000000000000       0.0000000000000000        401
  111.142425      61.402477      -0.0000000000000000       0.0000000000000000        401
  114.144049      61.340571      -0.0000000000000000       0.0000000000000000        401
  117.140226      61.282234      -0.0000000000000000       0.0000000000000000        401
  120.131319      61.227621      -0.0000000000000000       0.0000000000000000        401
  123.117701      61.176874      -0.0000000000000000       0.0000000000000000        401
  126.099749      61.130125      -0.0000000000000000       0.0000000000000000        401
  129.077844      61.087495      -0.0000000000000000       0.0000000000000000        401
  132.052374      61.049094      -0.0000000000000000       0.0000000000000000        401
  135.023730      61.015020      -0.0000000000000000       0.0000000000000000        401
  137.992304      60.985361      -0.0000000000000000       0.0000000000000000      43101
  140.958494      60.960192      -0.0000000000000000       0.0000000000000000      43400
  143.922699      60.939578      -0.0000000000000000       0.0000000000000000      43400
  146.885320      60.923571      -0.0000000000000000       0.0000000000000000      43400
  49.181582      60.472894      -0.0000000000000000       0.0000000000000000        302
  52.346141      60.384957      -0.0000000000000000       0.0000000000000000        302
  55.501978      60.295874      -0.0000000000000000       0.0000000000000000        302
  58.649082      60.205919      -0.0000000000000000       0.0000000000000000        302
  61.787467      60.115365      -0.0000000000000000       0.0000000000000000        390
  64.917178      60.024485      -0.0000000000000000       0.0000000000000000        390
  68.038282      59.933551      -0.0000000000000000       0.0000000000000000        468
  71.150875      59.842833      -0.0000000000000000       0.0000000000000000        401
  74.255072      59.752597      -0.0000000000000000       0.0000000000000000        401
  77.351015      59.663105      -0.0000000000000000       0.0000000000000000        401
  80.438863      59.574618      -0.0000000000000000       0.0000000000000000        401
  83.518796      59.487389      -0.0000000000000000       0.0000000000000000        401
  86.591014      59.401667      -0.0000000000000000       0.0000000000000000        401
  89.655732      59.317694      -0.0000000000000000       0.0000000000000000        401
  92.713184      59.235705      -0.0000000000000000       0.0000000000000000        401
  95.763615      59.155930      -0.0000000000000000       0.0000000000000000        401
  98.807287      59.078589      -0.0000000000000000       0.0000000000000000        401
  101.844473      59.003895      -0.0000000000000000       0.0000000000000000        401
  104.875459      58.932051      -0.0000000000000000       0.0000000000000000        401
  107.900541      58.863254      -0.0000000000000000       0.0000000000000000        401
  110.920023      58.797689      -0.0000000000000000       0.0000000000000000        401
  113.934221      58.735531      -0.0000000000000000       0.0000000000000000        401
  116.943457      58.676948      -0.0000000000000000       0.0000000000000000        401
  119.948061      58.622094      -0.0000000000000000       0.0000000000000000        401
  122.948368      58.571115      -0.0000000000000000       0.0000000000000000        401
  125.944721      58.524145      -0.0000000000000000       0.0000000000000000        401
  128.937468      58.481308      -0.0000000000000000       0.0000000000000000        401
  131.926958      58.442716      -0.0000000000000000       0.0000000000000000        401
  134.913549      58.408469      -0.0000000000000000       0.0000000000000000        401
  137.897599      58.378656      -0.0000000000000000       0.0000000000000000      43101
  140.879469      58.353355      -0.0000000000000000       0.0000000000000000      43400
  143.859525      58.332630      -0.0000000000000000       0.0000000000000000          0
  146.838132      58.316537      -0.0000000000000000       0.0000000000000000          0
  48.908164      57.869513      -0.0000000000000000       0.0000000000000000        302
  52.069384      57.781688      -0.0000000000000000       0.0000000000000000        302
  55.222757      57.692695      -0.0000000000000000       0.0000000000000000        302
  58.368264      57.602807      -0.0000000000000000       0.0000000000000000        302
  61.505913      57.512295      -0.0000000000000000       0.0000000000000000        390
  64.635735      57.421434      -0.0000000000000000       0.0000000000000000        468
  67.757787      57.330494      -0.0000000000000000       0.0000000000000000        468
  70.872145      57.239745      -0.0000000000000000       0.0000000000000000        468
  73.978910      57.149455      -0.0000000000000000       0.0000000000000000        401
  77.078202      57.059887      -0.0000000000000000       0.0000000000000000        401
  80.170159      56.971302      -0.0000000000000000       0.0000000000000000        401
  83.254940      56.883954      -0.0000000000000000       0.0000000000000000        401
  86.332719      56.798094      -0.0000000000000000       0.0000000000000000        401
  89.403687      56.713966      -0.0000000000000000       0.0000000000000000        401
  92.468050      56.631808      -0.0000000000000000       0.0000000000000000        401
  95.526028      56.551849      -0.0000000000000000       0.0000000000000000        401
  98.577853      56.474314      -0.0000000000000000       0.0000000000000000        401
  101.623772      56.399416      -0.0000000000000000       0.0000000000000000        401
  104.664040      56.327363      -0.0000000000000000       0.0000000000000000        401
  107.698924      56.258352      -0.0000000000000000       0.0000000000000000        401
  110.728699      56.192571      -0.0000000000000000       0.0000000000000000        401
  113.753649      56.130198      -0.0000000000000000       0.0000000000000000        401
  116.774067      56.071402      -0.0000000000000000       0.0000000000000000        401
  119.790252      56.016342      -0.0000000000000000       0.0000000000000000        401
  122.802509      55.965163      -0.0000000000000000       0.0000000000000000        401
  125.811150      55.918004      -0.0000000000000000       0.0000000000000000        401
  128.816490      55.874989      -0.0000000000000000       0.0000000000000000        401
  131.818851      55.836232      -0.0000000000000000       0.0000000000000000        401
  134.818556      55.801836      -0.0000000000000000       0.0000000000000000        401
  137.815934      55.771890      -0.0000000000000000       0.0000000000000000        401
  140.811316      55.746475      -0.0000000000000000       0.0000000000000000        301
  143.805036      55.725656      -0.0000000000000000       0.0000000000000000          0
  146.797428      55.709488      -0.0000000000000000       0.0000000000000000          0
  48.671666      55.265624      -0.0000000000000000       0.0000000000000000        302
  51.829879      55.177898      -0.0000000000000000       0.0000000000000000        302
  54.980997      55.088984      -0.0000000000000000       0.0000000000000000        302
  58.124999      54.999155      -0.0000000000000000       0.0000000000000000        302
  61.261887      54.908682      -0.0000000000000000       0.0000000000000000        390
  64.391684      54.817838      -0.0000000000000000       0.0000000000000000        468
  67.514435      54.726895      -0.0000000000000000       0.0000000000000000        468
  70.630206      54.636122      -0.0000000000000000       0.0000000000000000        468
  73.739083      54.545786      -0.0000000000000000       0.0000000000000000        468
  76.841169      54.456153      -0.0000000000000000       0.0000000000000000        401
  79.936587      54.367484      -0.0000000000000000       0.0000000000000000        401
  83.025476      54.280035      -0.0000000000000000       0.0000000000000000        401
  86.107989      54.194057      -0.0000000000000000       0.0000000000000000        401
  89.184298      54.109796      -0.0000000000000000       0.0000000000000000        401
  92.254586      54.027491      -0.0000000000000000       0.0000000000000000        401
  95.319051      53.947374      -0.0000000000000000       0.0000000000000000        401
  98.377900      53.869670      -0.0000000000000000       0.0000000000000000        401
  101.431356      53.794596      -0.0000000000000000       0.0000000000000000        401
  104.479650      53.722361      -0.0000000000000000       0.0000000000000000        401
  107.523021      53.653164      -0.0000000000000000       0.0000000000000000        401
  110.561721      53.587195      -0.0000000000000000       0.0000000000000000        401
  113.596007      53.524635      -0.0000000000000000       0.0000000000000000        401
  116.626144      53.465655      -0.0000000000000000       0.0000000000000000        401
  119.652405      53.410414      -0.0000000000000000       0.0000000000000000        401
  122.675069      53.359062      -0.0000000000000000       0.0000000000000000        430
  125.694418      53.311737      -0.0000000000000000       0.0000000000000000        430
  128.710742      53.268566      -0.0000000000000000       0.0000000000000000        430
  131.724335      53.229665      -0.0000000000000000       0.0000000000000000        430
  134.735492      53.195138      -0.0000000000000000       0.0000000000000000        455
  137.744515      53.165077      -0.0000000000000000       0.0000000000000000        454
  140.751706      53.139562      -0.0000000000000000       0.0000000000000000        622
  143.757371      53.118660      -0.0000000000000000       0.0000000000000000          0
  146.761819      53.102428      -0.0000000000000000       0.0000000000000000          0
  48.464286      52.661334      -0.0000000000000000       0.0000000000000000        302
  51.619770      52.573696      -0.0000000000000000       0.0000000000000000        302
  54.768818      52.484853      -0.0000000000000000       0.0000000000000000        302
  57.911406      52.395077      -0.0000000000000000       0.0000000000000000        302
  61.047531      52.304640      -0.0000000000000000       0.0000000000000000        390
  64.177212      52.213813      -0.0000000000000000       0.0000000000000000        465
  67.300485      52.122867      -0.0000000000000000       0.0000000000000000        458
  70.417406      52.032074      -0.0000000000000000       0.0000000000000000        459
  73.528050      51.941700      -0.0000000000000000       0.0000000000000000        460
  76.632508      51.852012      -0.0000000000000000       0.0000000000000000        468
  79.730887      51.763270      -0.0000000000000000       0.0000000000000000        401
  82.823311      51.675732      -0.0000000000000000       0.0000000000000000        401
  85.909918      51.589651      -0.0000000000000000       0.0000000000000000        401
  88.990859      51.505274      -0.0000000000000000       0.0000000000000000        401
  92.066301      51.422840      -0.0000000000000000       0.0000000000000000        401
  95.136421      51.342584      -0.0000000000000000       0.0000000000000000        401
  98.201407      51.264733      -0.0000000000000000       0.0000000000000000        401
  101.261458      51.189504      -0.0000000000000000       0.0000000000000000        401
  104.316785      51.117109      -0.0000000000000000       0.0000000000000000        401
  107.367607      51.047748      -0.0000000000000000       0.0000000000000000        401
  110.414149      50.981614      -0.0000000000000000       0.0000000000000000        430
  113.456647      50.918889      -0.0000000000000000       0.0000000000000000        430
  116.495342      50.859746      -0.0000000000000000       0.0000000000000000        430
  119.530484      50.804345      -0.0000000000000000       0.0000000000000000        430
  122.562326      50.752840      -0.0000000000000000       0.0000000000000000        430
  125.591128      50.705368      -0.0000000000000000       0.0000000000000000        430
  128.617155      50.662060      -0.0000000000000000       0.0000000000000000        430
  131.640673      50.623032      -0.0000000000000000       0.0000000000000000        455
  134.661956      50.588390      -0.0000000000000000       0.0000000000000000        454
  137.681280      50.558227      -0.0000000000000000       0.0000000000000000        454
  140.698921      50.532623      -0.0000000000000000       0.0000000000000000        619
  143.715161      50.511648      -0.0000000000000000       0.0000000000000000          0
  146.730282      50.495358      -0.0000000000000000       0.0000000000000000          0
  48.280246      50.056723      -0.0000000000000000       0.0000000000000000        302
  51.433237      49.969163      -0.0000000000000000       0.0000000000000000        302
  54.580374      49.880385      -0.0000000000000000       0.0000000000000000        302
  57.721632      49.790658      -0.0000000000000000       0.0000000000000000        302
  60.857006      49.700253      -0.0000000000000000       0.0000000000000000        390
  63.986509      49.609442      -0.0000000000000000       0.0000000000000000        465
  67.110173      49.518496      -0.0000000000000000       0.0000000000000000        458
  70.228045      49.427685      -0.0000000000000000       0.0000000000000000        460
  73.340190      49.337278      -0.0000000000000000       0.0000000000000000        461
  76.446690      49.247541      -0.0000000000000000       0.0000000000000000        463
  79.547639      49.158736      -0.0000000000000000       0.0000000000000000        462
  82.643148      49.071121      -0.0000000000000000       0.0000000000000000        401
  85.733340      48.984949      -0.0000000000000000       0.0000000000000000        401
  88.818353      48.900468      -0.0000000000000000       0.0000000000000000        401
  91.898335      48.817921      -0.0000000000000000       0.0000000000000000        401
  94.973447      48.737542      -0.0000000000000000       0.0000000000000000        430
  98.043859      48.659559      -0.0000000000000000       0.0000000000000000        430
  101.109754      48.584193      -0.0000000000000000       0.0000000000000000        430
  104.171320      48.511655      -0.0000000000000000       0.0000000000000000        430
  107.228756      48.442148      -0.0000000000000000       0.0000000000000000        430
  110.282271      48.375867      -0.0000000000000000       0.0000000000000000        430
  113.332077      48.312995      -0.0000000000000000       0.0000000000000000        430
  116.378396      48.253706      -0.0000000000000000       0.0000000000000000        430
  119.421454      48.198163      -0.0000000000000000       0.0000000000000000        430
  122.461485      48.146520      -0.0000000000000000       0.0000000000000000        455
  125.498725      48.098918      -0.0000000000000000       0.0000000000000000        455
  128.533416      48.055487      -0.0000000000000000       0.0000000000000000        455
  131.565805      48.016346      -0.0000000000000000       0.0000000000000000        454
  134.596141      47.981601      -0.0000000000000000       0.0000000000000000        454
  137.624677      47.951345      -0.0000000000000000       0.0000000000000000        619
  140.651668      47.925663      -0.0000000000000000       0.0000000000000000        625
  143.677372      47.904622      -0.0000000000000000       0.0000000000000000          0
  146.702047      47.888280      -0.0000000000000000       0.0000000000000000          0
  48.115171      47.451851      -0.0000000000000000       0.0000000000000000        302
  51.265869      47.364363      -0.0000000000000000       0.0000000000000000        302
  54.411233      47.275643      -0.0000000000000000       0.0000000000000000        302
  57.551239      47.185960      -0.0000000000000000       0.0000000000000000        302
  60.685879      47.095585      -0.0000000000000000       0.0000000000000000        390
  63.815164      47.004789      -0.0000000000000000       0.0000000000000000        466
  66.939120      46.913843      -0.0000000000000000       0.0000000000000000        458
  70.057789      46.823018      -0.0000000000000000       0.0000000000000000        459
  73.171227      46.732583      -0.0000000000000000       0.0000000000000000        461
  76.279507      46.642803      -0.0000000000000000       0.0000000000000000        463
  79.382714      46.553941      -0.0000000000000000       0.0000000000000000        464
  82.480947      46.466256      -0.0000000000000000       0.0000000000000000        464
  85.574317      46.380003      -0.0000000000000000       0.0000000000000000        450
  88.662948      46.295430      -0.0000000000000000       0.0000000000000000        450
  91.746975      46.212781      -0.0000000000000000       0.0000000000000000        401
  94.826543      46.132292      -0.0000000000000000       0.0000000000000000        430
  97.901808      46.054191      -0.0000000000000000       0.0000000000000000        430
  100.972933      45.978701      -0.0000000000000000       0.0000000000000000        430
  104.040092      45.906035      -0.0000000000000000       0.0000000000000000        430
  107.103466      45.836398      -0.0000000000000000       0.0000000000000000        430
  110.163244      45.769984      -0.0000000000000000       0.0000000000000000        430
  113.219621      45.706979      -0.0000000000000000       0.0000000000000000        455
  116.272800      45.647559      -0.0000000000000000       0.0000000000000000        455
  119.322987      45.591888      -0.0000000000000000       0.0000000000000000        453
  122.370396      45.540122      -0.0000000000000000       0.0000000000000000        453
  125.415244      45.492402      -0.0000000000000000       0.0000000000000000        453
  128.457753      45.448860      -0.0000000000000000       0.0000000000000000        453
  131.498148      45.409616      -0.0000000000000000       0.0000000000000000        454
  134.536658      45.374777      -0.0000000000000000       0.0000000000000000        454
  137.573515      45.344439      -0.0000000000000000       0.0000000000000000        619
  140.608953      45.318685      -0.0000000000000000       0.0000000000000000        625
  143.643209      45.297585      -0.0000000000000000       0.0000000000000000          0
  146.676520      45.281196      -0.0000000000000000       0.0000000000000000          0
  47.965688      44.846764      -0.0000000000000000       0.0000000000000000        301
  51.114263      44.759342      -0.0000000000000000       0.0000000000000000        301
  54.257974      44.670675      -0.0000000000000000       0.0000000000000000        301
  57.396797      44.581033      -0.0000000000000000       0.0000000000000000        302
  60.530724      44.490686      -0.0000000000000000       0.0000000000000000        390
  63.659763      44.399904      -0.0000000000000000       0.0000000000000000        466
  66.783935      44.308960      -0.0000000000000000       0.0000000000000000        466
  69.903278      44.218123      -0.0000000000000000       0.0000000000000000        459
  73.017843      44.127661      -0.0000000000000000       0.0000000000000000        459
  76.127693      44.037843      -0.0000000000000000       0.0000000000000000        460
  79.232906      43.948931      -0.0000000000000000       0.0000000000000000        461
  82.333570      43.861184      -0.0000000000000000       0.0000000000000000        461
  85.429787      43.774857      -0.0000000000000000       0.0000000000000000        459
  88.521667      43.690201      -0.0000000000000000       0.0000000000000000        451
  91.609334      43.607460      -0.0000000000000000       0.0000000000000000        451
  94.692919      43.526871      -0.0000000000000000       0.0000000000000000        451
  97.772564      43.448663      -0.0000000000000000       0.0000000000000000        451
  100.848418      43.373061      -0.0000000000000000       0.0000000000000000        451
  103.920638      43.300279      -0.0000000000000000       0.0000000000000000        451
  106.989392      43.230523      -0.0000000000000000       0.0000000000000000        430
  110.054849      43.163988      -0.0000000000000000       0.0000000000000000        453
  113.117191      43.100863      -0.0000000000000000       0.0000000000000000        453
  116.176599      43.041323      -0.0000000000000000       0.0000000000000000        601
  119.233266      42.985536      -0.0000000000000000       0.0000000000000000        601
  122.287384      42.933657      -0.0000000000000000       0.0000000000000000        601
  125.339154      42.885829      -0.0000000000000000       0.0000000000000000        601
  128.388779      42.842186      -0.0000000000000000       0.0000000000000000        601
  131.436464      42.802849      -0.0000000000000000       0.0000000000000000        454
  134.482421      42.767925      -0.0000000000000000       0.0000000000000000          0
  137.526860      42.737512      -0.0000000000000000       0.0000000000000000          0
  140.569998      42.711692      -0.0000000000000000       0.0000000000000000        626
  143.612051      42.690538      -0.0000000000000000       0.0000000000000000          0
  146.653237      42.674107      -0.0000000000000000       0.0000000000000000          0
  47.829150      42.241499      -0.0000000000000000       0.0000000000000000        301
  50.975747      42.154137      -0.0000000000000000       0.0000000000000000        301
  54.117908      42.065520      -0.0000000000000000       0.0000000000000000        301
  57.255610      41.975916      -0.0000000000000000       0.0000000000000000        301
  60.388845      41.885595      -0.0000000000000000       0.0000000000000000        301
  63.517617      41.794827      -0.0000000000000000       0.0000000000000000        467
  66.641948      41.703884      -0.0000000000000000       0.0000000000000000        467
  69.761869      41.613036      -0.0000000000000000       0.0000000000000000        466
  72.877425      41.522552      -0.0000000000000000       0.0000000000000000        467
  75.988675      41.432699      -0.0000000000000000       0.0000000000000000        466
  79.095687      41.343741      -0.0000000000000000       0.0000000000000000        467
  82.198542      41.255937      -0.0000000000000000       0.0000000000000000        580
  85.297332      41.169545      -0.0000000000000000       0.0000000000000000        580
  88.392157      41.084813      -0.0000000000000000       0.0000000000000000        580
  91.483129      41.001987      -0.0000000000000000       0.0000000000000000        580
  94.570368      40.921307      -0.0000000000000000       0.0000000000000000        451
  97.654002      40.843002      -0.0000000000000000       0.0000000000000000        451
  100.734168      40.767298      -0.0000000000000000       0.0000000000000000        451
  103.811010      40.694409      -0.0000000000000000       0.0000000000000000        451
  106.884678      40.624543      -0.0000000000000000       0.0000000000000000        601
  109.955331      40.557898      -0.0000000000000000       0.0000000000000000        601
  113.023130      40.494662      -0.0000000000000000       0.0000000000000000        601
  116.088244      40.435014      -0.0000000000000000       0.0000000000000000        601
  119.150848      40.379120      -0.0000000000000000       0.0000000000000000        601
  122.211118      40.327137      -0.0000000000000000       0.0000000000000000        601
  125.269238      40.279211      -0.0000000000000000       0.0000000000000000        601
  128.325393      40.235475      -0.0000000000000000       0.0000000000000000        601
  131.379772      40.196051      -0.0000000000000000       0.0000000000000000          0
  134.432567      40.161050      -0.0000000000000000       0.0000000000000000          0
  137.483972      40.130567      -0.0000000000000000       0.0000000000000000          0
  140.534186      40.104688      -0.0000000000000000       0.0000000000000000        626
  143.583405      40.083484      -0.0000000000000000       0.0000000000000000        625
  146.631830      40.067014      -0.0000000000000000       0.0000000000000000          0
  47.703447      39.636085      -0.0000000000000000       0.0000000000000000        301
  50.848191      39.548779      -0.0000000000000000       0.0000000000000000        301
  53.988892      39.460208      -0.0000000000000000       0.0000000000000000        301
  57.125528      39.370640      -0.0000000000000000       0.0000000000000000        301
  60.258090      39.280343      -0.0000000000000000       0.0000000000000000        301
  63.386584      39.189588      -0.0000000000000000       0.0000000000000000        301
  66.511026      39.098647      -0.0000000000000000       0.0000000000000000        467
  69.631446      39.007790      -0.0000000000000000       0.0000000000000000        467
  72.747884      38.917285      -0.0000000000000000       0.0000000000000000        590
  75.860392      38.827401      -0.0000000000000000       0.0000000000000000        580
  78.969033      38.738401      -0.0000000000000000       0.0000000000000000        580
  82.073880      38.650546      -0.0000000000000000       0.0000000000000000        580
  85.175015      38.564092      -0.0000000000000000       0.0000000000000000        580
  88.272532      38.479290      -0.0000000000000000       0.0000000000000000        580
  91.366530      38.396388      -0.0000000000000000       0.0000000000000000        456
  94.457119      38.315623      -0.0000000000000000       0.0000000000000000        456
  97.544417      38.237229      -0.0000000000000000       0.0000000000000000        456
  100.628547      38.161430      -0.0000000000000000       0.0000000000000000        456
  103.709640      38.088443      -0.0000000000000000       0.0000000000000000        451
  106.787835      38.018476      -0.0000000000000000       0.0000000000000000        601
  109.863274      37.951730      -0.0000000000000000       0.0000000000000000        601
  112.936107      37.888392      -0.0000000000000000       0.0000000000000000        601
  116.006487      37.828642      -0.0000000000000000       0.0000000000000000        601
  119.074573      37.772649      -0.0000000000000000       0.0000000000000000        601
  122.140527      37.720570      -0.0000000000000000       0.0000000000000000        601
  125.204516      37.672553      -0.0000000000000000       0.0000000000000000        601
  128.266709      37.628732      -0.0000000000000000       0.0000000000000000        601
  131.327279      37.589229      -0.0000000000000000       0.0000000000000000          0
  134.386402      37.554155      -0.0000000000000000       0.0000000000000000          0
  137.444255      37.523608      -0.0000000000000000       0.0000000000000000          0
  140.501019      37.497673      -0.0000000000000000       0.0000000000000000        627
  143.556873      37.476423      -0.0000000000000000       0.0000000000000000          0
  146.612003      37.459917      -0.0000000000000000       0.0000000000000000          0
  47.586877      37.030545      -0.0000000000000000       0.0000000000000000        505
  50.729874      36.943292      -0.0000000000000000       0.0000000000000000        301
  53.869192      36.854764      -0.0000000000000000       0.0000000000000000        505
  57.004809      36.765229      -0.0000000000000000       0.0000000000000000        505
  60.136719      36.674955      -0.0000000000000000       0.0000000000000000        301
  63.264924      36.584213      -0.0000000000000000       0.0000000000000000        301
  66.389441      36.493274      -0.0000000000000000       0.0000000000000000        301
  69.510295      36.402409      -0.0000000000000000       0.0000000000000000        301
  72.627523      36.311886      -0.0000000000000000       0.0000000000000000      50601
  75.741172      36.221972      -0.0000000000000000       0.0000000000000000          0
  78.851300      36.132934      -0.0000000000000000       0.0000000000000000        457
  81.957972      36.045031      -0.0000000000000000       0.0000000000000000        457
  85.061263      35.958520      -0.0000000000000000       0.0000000000000000        457
  88.161258      35.873655      -0.0000000000000000       0.0000000000000000        457
  91.258048      35.790681      -0.0000000000000000       0.0000000000000000        457
  94.351733      35.709838      -0.0000000000000000       0.0000000000000000        457
  97.442419      35.631360      -0.0000000000000000       0.0000000000000000        457
  100.530220      35.555473      -0.0000000000000000       0.0000000000000000        456
  103.615254      35.482396      -0.0000000000000000       0.0000000000000000        456
  106.697647      35.412336      -0.0000000000000000       0.0000000000000000        456
  109.777530      35.345494      -0.0000000000000000       0.0000000000000000        601
  112.855039      35.282061      -0.0000000000000000       0.0000000000000000        601
  115.930313      35.222217      -0.0000000000000000       0.0000000000000000        601
  119.003497      35.166132      -0.0000000000000000       0.0000000000000000        601
  122.074738      35.113965      -0.0000000000000000       0.0000000000000000        601
  125.144190      35.065863      -0.0000000000000000       0.0000000000000000        601
  128.212005      35.021961      -0.0000000000000000       0.0000000000000000        601
  131.278342      34.982384      -0.0000000000000000       0.0000000000000000          0
  134.343360      34.947243      -0.0000000000000000       0.0000000000000000          0
  137.407222      34.916636      -0.0000000000000000       0.0000000000000000          0
  140.470091      34.890650      -0.0000000000000000       0.0000000000000000        629
  143.532132      34.869357      -0.0000000000000000       0.0000000000000000          0
  146.593512      34.852816      -0.0000000000000000       0.0000000000000000          0
  47.478045      34.424899      -0.0000000000000000       0.0000000000000000        505
  50.619387      34.337695      -0.0000000000000000       0.0000000000000000        505
  53.757388      34.249208      -0.0000000000000000       0.0000000000000000        505
  56.892030      34.159704      -0.0000000000000000       0.0000000000000000        505
  60.023304      34.069452      -0.0000000000000000       0.0000000000000000        505
  63.151215      33.978723      -0.0000000000000000       0.0000000000000000        506
  66.275775      33.887786      -0.0000000000000000       0.0000000000000000      50601
  69.397010      33.796913      -0.0000000000000000       0.0000000000000000      50601
  72.514952      33.706373      -0.0000000000000000       0.0000000000000000        501
  75.629644      33.616433      -2.4255475555575439       0.8483056884149601        606
  78.741138      33.527359      -0.0000000000000000       0.0000000000000000          0
  81.849495      33.439412      -0.0000000000000000       0.0000000000000000          0
  84.954782      33.352849      -0.0000000000000000       0.0000000000000000          0
  88.057075      33.267923      -0.0000000000000000       0.0000000000000000          0
  91.156459      33.184882      -0.0000000000000000       0.0000000000000000          0
  94.253024      33.103967      -0.0000000000000000       0.0000000000000000          0
  97.346866      33.025411      -0.0000000000000000       0.0000000000000000        602
  100.438088      32.949443      -0.0000000000000000       0.0000000000000000        602
  103.526800      32.876279      -0.0000000000000000       0.0000000000000000        602
  106.613114      32.806132      -0.0000000000000000       0.0000000000000000        602
  109.697149      32.739202      -0.0000000000000000       0.0000000000000000        602
  112.779030      32.675680      -0.0000000000000000       0.0000000000000000        601
  115.858882      32.615748      -0.0000000000000000       0.0000000000000000        601
  118.936838      32.559577      -0.0000000000000000       0.0000000000000000        601
  122.013031      32.507326      -0.0000000000000000       0.0000000000000000        601
  125.087600      32.459144      -0.0000000000000000       0.0000000000000000        601
  128.160684      32.415168      -0.0000000000000000       0.0000000000000000        601
  131.232427      32.375521      -0.0000000000000000       0.0000000000000000          0
  134.302973      32.340317      -0.0000000000000000       0.0000000000000000          0
  137.372470      32.309654      -0.0000000000000000       0.0000000000000000          0
  140.441066      32.283619      -0.0000000000000000       0.0000000000000000          0
  143.508912      32.262285      -0.0000000000000000       0.0000000000000000          0
  146.576158      32.245714      -0.0000000000000000       0.0000000000000000          0
  47.375796      31.819163      -0.0000000000000000       0.0000000000000000          0
  50.515563      31.732005      -0.0000000000000000       0.0000000000000000          0
  53.652305      31.643556      -0.0000000000000000       0.0000000000000000        505
  56.786007      31.554082      -0.0000000000000000       0.0000000000000000        505
  59.916661      31.463851      -0.0000000000000000       0.0000000000000000        505
  63.044272      31.373134      -0.0000000000000000       0.0000000000000000      50601
  66.168852      31.282200      -0.0000000000000000       0.0000000000000000      50601
  69.290422      31.191320      -3.3470956723569043       1.0641697975055877        517
  72.409014      31.100764      -0.0000000000000000       0.0000000000000000        501
  75.524666      31.010800      -0.0000000000000000       0.0000000000000000        501
  78.637426      30.921692      -2.3598570765065623       0.8713580124743952        606
  81.747348      30.833703      -2.2851014222648462       0.9344344038938488        606
  84.854494      30.747091      -2.2036908434060263       0.9949826402677005        606
  87.958934      30.662110      -2.1158803484187425       1.0528575402373517        606
  91.060743      30.579006      -2.0219418664828104       1.1079244626240647        606
  94.160004      30.498022      -1.9221633435475458       1.1600592572527557        606
  97.256804      30.419394      -0.0000000000000000       0.0000000000000000          0
  100.351237      30.343348      -0.0000000000000000       0.0000000000000000        602
  103.443401      30.270105      -0.0000000000000000       0.0000000000000000        602
  106.533400      30.199875      -0.0000000000000000       0.0000000000000000        602
  109.621340      30.132861      -0.0000000000000000       0.0000000000000000        602
  112.707333      30.069256      -0.0000000000000000       0.0000000000000000        602
  115.791496      30.009241      -0.0000000000000000       0.0000000000000000        602
  118.873945      29.952988      -0.0000000000000000       0.0000000000000000        602
  121.954803      29.900659      -0.0000000000000000       0.0000000000000000        602
  125.034195      29.852402      -0.0000000000000000       0.0000000000000000        602
  128.112247      29.808354      -0.0000000000000000       0.0000000000000000        602
  131.189088      29.768642      -0.0000000000000000       0.0000000000000000          0
  134.264849      29.733378      -0.0000000000000000       0.0000000000000000          0
  137.339664      29.702662      -0.0000000000000000       0.0000000000000000          0
  140.413665      29.676582      -0.0000000000000000       0.0000000000000000          0
  143.486990      29.655210      -0.0000000000000000       0.0000000000000000          0
  146.559773      29.638609      -0.0000000000000000       0.0000000000000000          0
  47.279163      29.213349      -2.6950009727284736       0.6215876912366321        503
  50.417422      29.126235      -0.0000000000000000       0.0000000000000000          0
  53.552955      29.037823      -0.0000000000000000       0.0000000000000000          0
  56.685749      28.948378      -0.0000000000000000       0.0000000000000000        505
  59.815797      28.858167      -0.0000000000000000       0.0000000000000000        505
  62.943105      28.767461      -0.0000000000000000       0.0000000000000000      50601
  66.067682      28.676530      -0.0000000000000000       0.0000000000000000      50601
  69.189551      28.585644      -0.0000000000000000       0.0000000000000000        501
  72.308738      28.495073      -0.0000000000000000       0.0000000000000000        501
  75.425279      28.405086      -0.0000000000000000       0.0000000000000000        501
  78.539218      28.315947      -0.0000000000000000       0.0000000000000000        501
  81.650604      28.227919      -2.2875295595066341       0.8807581690971458        606
  84.759493      28.141261      -2.2062772548602401       0.9365232838154403        606
  87.865949      28.056226      -2.1186020096218527       0.9898006062559419        606
  90.970040      27.973064      -2.0247742732735348       1.0404681571369101        606
  94.071841      27.892015      -0.0000000000000000       0.0000000000000000        501
  97.171431      27.813318      -1.8198237530462280       1.1335353145375267        606
  100.268894      27.737199      -0.0000000000000000       0.0000000000000000        602
  103.364319      27.663880      -0.0000000000000000       0.0000000000000000        602
  106.457800      27.593572      -0.0000000000000000       0.0000000000000000        602
  109.549433      27.526479      -0.0000000000000000       0.0000000000000000        602
  112.639319      27.462794      -0.0000000000000000       0.0000000000000000        602
  115.727562      27.402701      -0.0000000000000000       0.0000000000000000        602
  118.814268      27.346371      -0.0000000000000000       0.0000000000000000        602
  121.899546      27.293967      -0.0000000000000000       0.0000000000000000        602
  124.983510      27.245639      -0.0000000000000000       0.0000000000000000        602
  128.066272      27.201525      -0.0000000000000000       0.0000000000000000          0
  131.147949      27.161750      -0.0000000000000000       0.0000000000000000          0
  134.228658      27.126430      -0.0000000000000000       0.0000000000000000          0
  137.308518      27.095663      -0.0000000000000000       0.0000000000000000          0
  140.387650      27.069539      -0.0000000000000000       0.0000000000000000          0
  143.466175      27.048132      -0.0000000000000000       0.0000000000000000          0
  146.544216      27.031502      -0.0000000000000000       0.0000000000000000          0
  47.187327      26.607469      -2.6887897344997476       0.8365634456316806        503
  50.324136      26.520398      -2.8969281825412136       0.9120799586735187        503
  53.458502      26.432021      -0.0000000000000000       0.0000000000000000          0
  56.590414      26.342602      -0.0000000000000000       0.0000000000000000          0
  59.719869      26.252411      -0.0000000000000000       0.0000000000000000      50602
  62.846869      26.161716      -0.0000000000000000       0.0000000000000000      50602
  65.971427      26.070788      -0.0000000000000000       0.0000000000000000      50602
  69.093561      25.979897      -0.0000000000000000       0.0000000000000000        501
  72.213296      25.889313      -0.0000000000000000       0.0000000000000000        501
  75.330667      25.799303      -0.0000000000000000       0.0000000000000000        501
  78.445711      25.710135      -0.0000000000000000       0.0000000000000000        501
  81.558474      25.622070      -0.0000000000000000       0.0000000000000000        501
  84.669008      25.535368      -0.0000000000000000       0.0000000000000000        501
  87.777369      25.450283      -0.0000000000000000       0.0000000000000000        501
  90.883619      25.367064      -0.0000000000000000       0.0000000000000000        501
  93.987826      25.285955      -0.0000000000000000       0.0000000000000000        607
  97.090061      25.207191       0.0554965634187439      -0.0454998982420557        603
  100.190401      25.131003       0.0339179190991245      -0.0972007222201657      60301
  103.288924      25.057612      -0.0000000000000000       0.0000000000000000        602
  106.385714      24.987230      -0.0000000000000000       0.0000000000000000        602
  109.480859      24.920062      -0.0000000000000000       0.0000000000000000        602
  112.574449      24.856302      -0.0000000000000000       0.0000000000000000        602
  115.666576      24.796133      -0.0000000000000000       0.0000000000000000        602
  118.757336      24.739730      -0.0000000000000000       0.0000000000000000        602
  121.846826      24.687255      -0.0000000000000000       0.0000000000000000          0
  124.935147      24.638859      -0.0000000000000000       0.0000000000000000          0
  128.022400      24.594680      -0.0000000000000000       0.0000000000000000          0
  131.108688      24.554847      -0.0000000000000000       0.0000000000000000          0
  134.194116      24.519472      -0.0000000000000000       0.0000000000000000          0
  137.278791      24.488658      -0.0000000000000000       0.0000000000000000          0
  140.362818      24.462492      -0.0000000000000000       0.0000000000000000          0
  143.446307      24.441050      -0.0000000000000000       0.0000000000000000          0
  146.529365      24.424393      -0.0000000000000000       0.0000000000000000          0
  47.099586      24.001533      -2.6828489461066076       1.0502464852447149        503
  50.234993      23.914502      -2.8911301676521326       1.1192493992717489        503
  53.368228      23.826159      -3.0906205708895054       1.1923901330911291        503
  56.499282      23.736767      -0.0000000000000000       0.0000000000000000          0
  59.628152      23.646594      -0.0000000000000000       0.0000000000000000      50602
  62.754843      23.555910      -0.0000000000000000       0.0000000000000000      50602
  65.879365      23.464985      -0.0000000000000000       0.0000000000000000          0
  69.001736      23.374089      -0.0000000000000000       0.0000000000000000        501
  72.121980      23.283492      -0.0000000000000000       0.0000000000000000        501
  75.240128      23.193462      -0.0000000000000000       0.0000000000000000        501
  78.356214      23.104266      -0.0000000000000000       0.0000000000000000        501
  81.470280      23.016166      -0.0000000000000000       0.0000000000000000        501
  84.582373      22.929422      -0.0000000000000000       0.0000000000000000        501
  87.692545      22.844289      -0.0000000000000000       0.0000000000000000        501
  90.800849      22.761017      -0.0000000000000000       0.0000000000000000        501
  93.907348      22.679849      -0.0000000000000000       0.0000000000000000        607
  97.012106      22.601023       0.0583256065042948       0.0581019791218225        603
  100.115189      22.524768       0.0347563631500796      -0.0670745323069850      60301
  103.216670      22.451308       0.0001488136785302      -0.0665844960698079      60401
  106.316623      22.380855      -0.0000000000000000       0.0000000000000000        602
  109.415126      22.313615      -0.0000000000000000       0.0000000000000000        602
  112.512258      22.249782      -0.0000000000000000       0.0000000000000000        602
  115.608103      22.189542      -0.0000000000000000       0.0000000000000000        602
  118.702743      22.133068      -0.0000000000000000       0.0000000000000000        612
  121.796267      22.080525      -0.0000000000000000       0.0000000000000000          0
  124.888763      22.032064      -0.0000000000000000       0.0000000000000000          0
  127.980319      21.987824      -0.0000000000000000       0.0000000000000000          0
  131.071028      21.947933      -0.0000000000000000       0.0000000000000000          0
  134.160981      21.912507      -0.0000000000000000       0.0000000000000000          0
  137.250271      21.881647      -0.0000000000000000       0.0000000000000000          0
  140.338994      21.855442      -0.0000000000000000       0.0000000000000000          0
  143.427244      21.833966      -0.0000000000000000       0.0000000000000000          0
  146.515115      21.817283      -0.0000000000000000       0.0000000000000000          0
  47.015329      21.395548      -2.6771382400971087       1.2621656392954252        503
  50.149377      21.308557      -2.8855549707604777       1.3245500094858844        503
  53.281511      21.220246      -3.0852210287332249       1.3906063814527572        503
  56.411726      21.130880      -0.0000000000000000       0.0000000000000000          0
  59.540020      21.040726      -0.0000000000000000       0.0000000000000000          0
  62.666397      20.950053      -0.0000000000000000       0.0000000000000000          0
  65.790870      20.859131      -0.0000000000000000       0.0000000000000000          0
  68.913454      20.768230      -0.0000000000000000       0.0000000000000000          0
  72.034172      20.677621      -0.0000000000000000       0.0000000000000000        501
  75.153052      20.587571      -0.0000000000000000       0.0000000000000000        501
  78.270126      20.498348      -0.0000000000000000       0.0000000000000000        501
  81.385432      20.410215      -0.0000000000000000       0.0000000000000000        501
  84.499012      20.323431      -0.0000000000000000       0.0000000000000000        501
  87.610912      20.238252      -0.0000000000000000       0.0000000000000000        501
  90.721181      20.154928      -0.0000000000000000       0.0000000000000000          0
  93.829875      20.073704      -0.0000000000000000       0.0000000000000000        607
  96.937049      19.994818       0.0610493305468508       0.1615788586198628        603
  100.042765      19.918499       0.0355636813873916      -0.0368131923772304      60301
  103.147085      19.844973       0.0009256604403979      -0.0362942118138863      60404
  106.250075      19.774452      -0.0337002536220690      -0.0351729834287535      60406
  109.351804      19.707142      -0.0000000000000000       0.0000000000000000      60201
  112.452342      19.643240      -0.0000000000000000       0.0000000000000000        602
  115.551761      19.582930      -0.0000000000000000       0.0000000000000000        612
  118.650136      19.526389      -0.0000000000000000       0.0000000000000000          0
  121.747542      19.473780      -0.0000000000000000       0.0000000000000000          0
  124.844057      19.425256      -0.0000000000000000       0.0000000000000000          0
  127.939757      19.380957      -0.0000000000000000       0.0000000000000000          0
  131.034724      19.341012      -0.0000000000000000       0.0000000000000000          0
  134.129037      19.305536      -0.0000000000000000       0.0000000000000000          0
  137.222776      19.274631      -0.0000000000000000       0.0000000000000000          0
  140.316025      19.248387      -0.0000000000000000       0.0000000000000000          0
  143.408864      19.226880      -0.0000000000000000       0.0000000000000000          0
  146.501376      19.210172      -0.0000000000000000       0.0000000000000000          0
  46.934026      18.789524      -2.6716221542787313       1.4718581908615955        503
  50.066747      18.702571      -2.8801681640915158       1.5275307826777058        503
  53.197806      18.614291      -3.0800023108572461       1.5864001906964071        503
  56.327197      18.524950      -3.2705418401744479       1.6482274013894418        503
  59.454920      18.434813      -0.0000000000000000       0.0000000000000000          0
  62.580981      18.344151      -0.0000000000000000       0.0000000000000000          0
  65.705392      18.253232      -0.0000000000000000       0.0000000000000000          0
  68.828167      18.162327      -0.0000000000000000       0.0000000000000000          0
  71.949330      18.071706      -0.0000000000000000       0.0000000000000000        501
  75.068904      17.981638      -0.0000000000000000       0.0000000000000000        501
  78.186919      17.892390      -0.0000000000000000       0.0000000000000000        501
  81.303411      17.804224      -0.0000000000000000       0.0000000000000000        501
  84.418415      17.717402      -0.0000000000000000       0.0000000000000000          0
  87.531974      17.632178      -0.0000000000000000       0.0000000000000000          0
  90.644132      17.548805      -0.0000000000000000       0.0000000000000000          0
  93.754936      17.467527      -0.0000000000000000       0.0000000000000000        607
  96.864438      17.388582      -0.0000000000000000       0.0000000000000000          0
  99.972691      17.312202       0.0363447451033033      -0.0064793034388444      60301
  103.079749      17.238611       0.0016773930893718      -0.0059283297876609        604
  106.185670      17.168024      -0.0329822169192783      -0.0048549879501020      60404
  109.290514      17.100648      -0.0675329706195350      -0.0032695016123869      60405
  112.394341      17.036678      -0.0000000000000000       0.0000000000000000          0
  115.497216      16.976302      -0.0000000000000000       0.0000000000000000        612
  118.599201      16.919695      -0.0000000000000000       0.0000000000000000          0
  121.700361      16.867023      -0.0000000000000000       0.0000000000000000          0
  124.800763      16.818438      -0.0000000000000000       0.0000000000000000          0
  127.900475      16.774082      -0.0000000000000000       0.0000000000000000          0
  130.999563      16.734083      -0.0000000000000000       0.0000000000000000          0
  134.098096      16.698559      -0.0000000000000000       0.0000000000000000          0
  137.196143      16.667611      -0.0000000000000000       0.0000000000000000          0
  140.293774      16.641330      -0.0000000000000000       0.0000000000000000          0
  143.391059      16.619793      -0.0000000000000000       0.0000000000000000          0
  146.488067      16.603060      -0.0000000000000000       0.0000000000000000          0
  46.855201      16.183465      -2.6662691649474688       1.6788700907537315        503
  49.986626      16.096549      -2.8749391196890430       1.7277499173754287        503
  53.116629      16.008300      -3.0749349025027231       1.7793431057488096        503
  56.245207      15.918983      -3.2656717427766644       1.8334330986306613        503
  59.372364      15.828864      -0.0000000000000000       0.0000000000000000          0
  62.498105      15.738212      -0.0000000000000000       0.0000000000000000          0
  65.622442      15.647296      -0.0000000000000000       0.0000000000000000          0
  68.745391      15.556388      -0.0000000000000000       0.0000000000000000          0
  71.866971      15.465756      -0.0000000000000000       0.0000000000000000          0
  74.987205      15.375670      -0.0000000000000000       0.0000000000000000        501
  78.106122      15.286397      -0.0000000000000000       0.0000000000000000        501
  81.223752      15.198200      -0.0000000000000000       0.0000000000000000          0
  84.340128      15.111340      -0.0000000000000000       0.0000000000000000          0
  87.455287      15.026074      -0.0000000000000000       0.0000000000000000          0
  90.569269      14.942653      -0.0000000000000000       0.0000000000000000          0
  93.682114      14.861322      -0.0000000000000000       0.0000000000000000        607
  96.793869      14.782321       0.0662449087925675       0.3673004168343118      60302
  99.904577      14.705881      -0.0466709100192883       0.3701630613835285        603
  103.014288      14.632228       0.0024081831896364       0.0244501416009005        604
  106.123051      14.561577      -0.0322840566212424       0.0254769964273217        604
  109.230917      14.494135      -0.0668713154149369       0.0269349042415131        604
  112.337937      14.430100      -0.0000000000000000       0.0000000000000000        612
  115.444166      14.369659      -0.0000000000000000       0.0000000000000000          0
  118.549657      14.312989      -0.0000000000000000       0.0000000000000000          0
  121.654465      14.260255      -0.0000000000000000       0.0000000000000000          0
  124.758646      14.211611      -0.0000000000000000       0.0000000000000000          0
  127.862256      14.167199      -0.0000000000000000       0.0000000000000000          0
  130.965351      14.127149      -0.0000000000000000       0.0000000000000000          0
  134.067989      14.091578      -0.0000000000000000       0.0000000000000000          0
  137.170227      14.060588      -0.0000000000000000       0.0000000000000000          0
  140.272121      14.034271      -0.0000000000000000       0.0000000000000000          0
  143.373731      14.012703      -0.0000000000000000       0.0000000000000000          0
  146.475113      13.995947      -0.0000000000000000       0.0000000000000000          0
  46.778433      13.577378      -2.6610509002391134       1.8827563161651530        503
  49.908582      13.490498      -2.8698402494720785       1.9247751050552646        503
  53.037544      13.402280      -3.0699921956008716       1.9690166296575615        503
  56.165319      13.312986      -0.0000000000000000       0.0000000000000000          0
  59.291911      13.222885      -0.0000000000000000       0.0000000000000000          0
  62.417327      13.132243      -0.0000000000000000       0.0000000000000000          0
  65.541580      13.041331      -0.0000000000000000       0.0000000000000000          0
  68.664685      12.950418      -0.0000000000000000       0.0000000000000000          0
  71.786660      12.859776      -0.0000000000000000       0.0000000000000000          0
  74.907527      12.769673      -0.0000000000000000       0.0000000000000000        501
  78.027311      12.680376      -0.0000000000000000       0.0000000000000000        501
  81.146039      12.592149      -0.0000000000000000       0.0000000000000000          0
  84.263742      12.505253      -0.0000000000000000       0.0000000000000000          0
  87.380452      12.419945      -0.0000000000000000       0.0000000000000000          0
  90.496202      12.336477      -0.0000000000000000       0.0000000000000000          0
  93.611031      12.255095      -0.0000000000000000       0.0000000000000000          0
  96.724974      12.176039       0.0687447333968866       0.4691187286350037      60302
  99.838072      12.099541      -0.0442570922711872       0.4719534978587404      60302
  102.950366      12.025827       0.0031218036771184       0.0547781845919375      60402
  106.061896      11.955114      -0.0316021778425116       0.0557599203353755        604
  109.172706      11.887608      -0.0662249822977870       0.0570903735881191        604
  112.282839      11.823510      -0.0000000000000000       0.0000000000000000          0
  115.392339      11.763005      -0.0000000000000000       0.0000000000000000        613
  118.501250      11.706272      -0.0000000000000000       0.0000000000000000        613
  121.609618      11.653478      -0.0000000000000000       0.0000000000000000          0
  124.717488      11.604776      -0.0000000000000000       0.0000000000000000          0
  127.824905      11.560310      -0.0000000000000000       0.0000000000000000          0
  130.931914      11.520210      -0.0000000000000000       0.0000000000000000          0
  134.038562      11.484593      -0.0000000000000000       0.0000000000000000          0
  137.144894      11.453562      -0.0000000000000000       0.0000000000000000          0
  140.250956      11.427210      -0.0000000000000000       0.0000000000000000          0
  143.356793      11.405613      -0.0000000000000000       0.0000000000000000          0
  146.462451      11.388834      -0.0000000000000000       0.0000000000000000          0
  46.703333      10.971267      -0.0000000000000000       0.0000000000000000          0
  49.832224      10.884423      -0.9342753689468150       0.5491807713810077        709
  52.960156      10.796235      -0.0000000000000000       0.0000000000000000          0
  56.087133      10.706965      -0.0000000000000000       0.0000000000000000          0
  59.213161      10.616880      -0.0000000000000000       0.0000000000000000          0
  62.338248      10.526249      -0.0000000000000000       0.0000000000000000          0
  65.462406      10.435340      -0.0000000000000000       0.0000000000000000          0
  68.585651      10.344425      -0.0000000000000000       0.0000000000000000          0
  71.708001      10.253772      -0.0000000000000000       0.0000000000000000          0
  74.829475      10.163652      -0.0000000000000000       0.0000000000000000          0
  77.950097      10.074332      -0.0000000000000000       0.0000000000000000        501
  81.069891       9.986075      -0.0000000000000000       0.0000000000000000          0
  84.188883       9.899144      -0.0000000000000000       0.0000000000000000          0
  87.307102       9.813796      -0.0000000000000000       0.0000000000000000          0
  90.424577       9.730282      -0.0000000000000000       0.0000000000000000          0
  93.541339       9.648850      -0.0000000000000000       0.0000000000000000          0
  96.657420       9.569740      -0.0000000000000000       0.0000000000000000          0
  99.772853       9.493185      -0.3911895150041072       0.6493934859528452        647
  102.887671       9.419412       0.0038217127889011       0.0849928983272029      60402
  106.001908       9.348637      -0.0309332837333252       0.0859308751214864      60402
  109.115600       9.281070      -0.0655908529490763       0.0871341730353147        604
  112.228781       9.216908      -0.0000000000000000       0.0000000000000000        613
  115.341485       9.156342      -0.0000000000000000       0.0000000000000000        613
  118.453749       9.099548      -0.0000000000000000       0.0000000000000000        738
  121.565606       9.046695      -0.0000000000000000       0.0000000000000000          0
  124.677093       8.997936      -0.0000000000000000       0.0000000000000000          0
  127.788244       8.953417      -0.0000000000000000       0.0000000000000000          0
  130.899093       8.913267      -0.0000000000000000       0.0000000000000000          0
  134.009675       8.877605      -0.0000000000000000       0.0000000000000000          0
  137.120025       8.846534      -0.0000000000000000       0.0000000000000000          0
  140.230176       8.820147      -0.0000000000000000       0.0000000000000000          0
  143.340163       8.798521      -0.0000000000000000       0.0000000000000000          0
  146.450018       8.781719      -0.0000000000000000       0.0000000000000000          0
  46.629547       8.365139      -0.9271745470367937       0.5502411111186240        709
  49.757191       8.278330      -0.9341423254939707       0.5579138570182515        709
  52.884100       8.190171      -0.0000000000000000       0.0000000000000000          0
  56.010282       8.100925      -0.0000000000000000       0.0000000000000000          0
  59.135743       8.010857      -0.0000000000000000       0.0000000000000000          0
  62.260494       7.920236      -0.0000000000000000       0.0000000000000000          0
  65.384548       7.829331      -0.0000000000000000       0.0000000000000000          0
  68.507920       7.738412      -0.0000000000000000       0.0000000000000000          0
  71.630627       7.647750      -0.0000000000000000       0.0000000000000000          0
  74.752687       7.557613      -0.0000000000000000       0.0000000000000000          0
  77.874122       7.468270      -0.0000000000000000       0.0000000000000000        501
  80.994953       7.379985      -0.0000000000000000       0.0000000000000000        502
  84.115204       7.293019      -0.0000000000000000       0.0000000000000000          0
  87.234898       7.207631      -0.0000000000000000       0.0000000000000000          0
  90.354060       7.124072      -0.0000000000000000       0.0000000000000000          0
  93.472717       7.042591      -0.0000000000000000       0.0000000000000000          0
  96.590894       6.963428      -0.0000000000000000       0.0000000000000000          0
  99.708618       6.886818      -0.4044918110805811       0.1065364461271727        647
  102.825916       6.812986       0.2413387081393603       0.0916789135216379      64701
  105.942813       6.742151      -0.0302743077744798       0.1159272171175669      60402
  109.059338       6.674522      -0.0000000000000000       0.0000000000000000          0
  112.175516       6.610299      -0.0000000000000000       0.0000000000000000        613
  115.291373       6.549671      -0.0000000000000000       0.0000000000000000          0
  118.406935       6.492818      -0.0000000000000000       0.0000000000000000          0
  121.522228       6.439906      -0.0000000000000000       0.0000000000000000          0
  124.637276       6.391092      -0.0000000000000000       0.0000000000000000          0
  127.752105       6.346520      -0.0000000000000000       0.0000000000000000          0
  130.866737       6.306322      -0.0000000000000000       0.0000000000000000          0
  133.981196       6.270615      -0.0000000000000000       0.0000000000000000          0
  137.095506       6.239505      -0.0000000000000000       0.0000000000000000          0
  140.209688       6.213084      -0.0000000000000000       0.0000000000000000          0
  143.323766       6.191429      -0.0000000000000000       0.0000000000000000          0
  146.437760       6.174605      -0.0000000000000000       0.0000000000000000          0
  46.556743       5.758998      -0.9269793596366477       0.5602654301673261        709
  49.683145       5.672223      -0.0000000000000000       0.0000000000000000          0
  52.809034       5.584094      -0.0000000000000000       0.0000000000000000          0
  55.934420       5.494870      -0.0000000000000000       0.0000000000000000          0
  59.059311       5.404819      -0.0000000000000000       0.0000000000000000          0
  62.183719       5.314208      -0.0000000000000000       0.0000000000000000          0
  65.307659       5.223307      -0.0000000000000000       0.0000000000000000          0
  68.431144       5.132385      -0.0000000000000000       0.0000000000000000          0
  71.554192       5.041714      -0.0000000000000000       0.0000000000000000          0
  74.676821       4.951561      -0.0000000000000000       0.0000000000000000          0
  77.799049       4.862196      -0.0000000000000000       0.0000000000000000          0
  80.920894       4.773882      -0.0000000000000000       0.0000000000000000          0
  84.042378       4.686882      -0.0000000000000000       0.0000000000000000          0
  87.163521       4.601454      -0.0000000000000000       0.0000000000000000          0
  90.284342       4.517852      -0.0000000000000000       0.0000000000000000          0
  93.404863       4.436322      -0.0000000000000000       0.0000000000000000          0
  96.525105       4.357107      -1.0627913542597329      -0.4236019461164224      67352
  99.645087       4.280442      -0.4176481338423089      -0.4365032374159366        647
  102.764829       4.206552       0.2286835718669718      -0.4515112669030569      64701
  105.884351       4.135658       0.8742919526818669      -0.4684447226476579      64701
  109.003672       4.067969      -0.0000000000000000       0.0000000000000000          0
  112.122810       4.003685      -0.0000000000000000       0.0000000000000000          0
  115.241781       3.942996      -0.0000000000000000       0.0000000000000000          0
  118.360604       3.886083      -0.0000000000000000       0.0000000000000000          0
  121.479293       3.833114      -0.0000000000000000       0.0000000000000000          0
  124.597864       3.784245      -0.0000000000000000       0.0000000000000000          0
  127.716330       3.739621      -13.2333624116979220      -5.1471858608128382        737
  130.834704       3.699374      -11.8264421541156860      -5.1213620083266713        678
  133.953000       3.663623      -0.0000000000000000       0.0000000000000000          0
  137.071229       3.632474      -0.0000000000000000       0.0000000000000000          0
  140.189402       3.606019      -0.0000000000000000       0.0000000000000000          0
  143.307530       3.584336      -0.0000000000000000       0.0000000000000000          0
  146.425621       3.567490      -0.0000000000000000       0.0000000000000000          0
  46.484604       3.152847      -0.9267844798176630       0.5692380097049539        709
  49.609765       3.066107      -0.0000000000000000       0.0000000000000000          0
  52.734634       2.978006      -0.0000000000000000       0.0000000000000000          0
  55.859219       2.888806      -0.0000000000000000       0.0000000000000000          0
  58.983534       2.798772      -0.0000000000000000       0.0000000000000000          0
  62.107591       2.708172      -0.0000000000000000       0.0000000000000000          0
  65.231406       2.617274      -0.0000000000000000       0.0000000000000000          0
  68.354994       2.526350      -0.0000000000000000       0.0000000000000000          0
  71.478370       2.435669      -0.0000000000000000       0.0000000000000000          0
  74.601551       2.345501      -0.0000000000000000       0.0000000000000000          0
  77.724554       2.256113      -0.0000000000000000       0.0000000000000000          0
  80.847396       2.167771      -0.0000000000000000       0.0000000000000000          0
  83.970094       2.080738      -0.0000000000000000       0.0000000000000000          0
  87.092664       1.995271      -0.0000000000000000       0.0000000000000000          0
  90.215123       1.911625      -0.0000000000000000       0.0000000000000000          0
  93.337487       1.830048      -0.0000000000000000       0.0000000000000000          0
  96.459770       1.750781      -0.0000000000000000       0.0000000000000000          0
  99.581986       1.674060      -0.4307146020018470      -0.9785998825113481      67301
  102.704150       1.600114       0.2161126388218382      -0.9937913731509714      64701
  105.826272       1.529160       0.8622898725434655      -1.0093145698001282      64701
  108.948365       1.461411      -0.0000000000000000       0.0000000000000000        614
  112.070438       1.397067      -0.0000000000000000       0.0000000000000000          0
  115.192500       1.336318      -0.0000000000000000       0.0000000000000000          0
  118.314558       1.279346      -0.0000000000000000       0.0000000000000000      61405
  121.436619       1.226320      -0.0000000000000000       0.0000000000000000          0
  124.558688       1.177396      -0.0000000000000000       0.0000000000000000          0
  127.680767       1.132720      -0.0000000000000000       0.0000000000000000          0
  130.802860       1.092425      -11.8409935022356960      -6.3247314127467966        678
  133.924969       1.056631      -0.0000000000000000       0.0000000000000000          0
  137.047093       1.025443      -0.0000000000000000       0.0000000000000000          0
  140.169233       0.998954      -0.0000000000000000       0.0000000000000000          0
  143.291386       0.977243      -0.0000000000000000       0.0000000000000000          0
  146.413551       0.960375      -0.0000000000000000       0.0000000000000000          0
  46.412825       0.546691      -0.0000000000000000       0.0000000000000000          0
  49.536743       0.459986      -0.0000000000000000       0.0000000000000000          0
  52.660584       0.371914      -0.0000000000000000       0.0000000000000000          0
  55.784363       0.282737      -0.0000000000000000       0.0000000000000000          0
  58.908094       0.192720      -0.0000000000000000       0.0000000000000000          0
  62.031791       0.102130      -0.0000000000000000       0.0000000000000000          0
  65.155471       0.011237      -0.0000000000000000       0.0000000000000000          0
  68.279148      -0.079690      -0.0000000000000000       0.0000000000000000          0
  71.402840      -0.170380      -0.0000000000000000       0.0000000000000000          0
  74.526561      -0.260564      -0.0000000000000000       0.0000000000000000          0
  77.650326      -0.349973      -0.0000000000000000       0.0000000000000000          0
  80.774151      -0.438343      -0.0000000000000000       0.0000000000000000          0
  83.898048      -0.525410      -0.0000000000000000       0.0000000000000000          0
  87.022032      -0.610915      -0.0000000000000000       0.0000000000000000          0
  90.146114      -0.694605      -0.0000000000000000       0.0000000000000000          0
  93.270306      -0.776230      -0.0000000000000000       0.0000000000000000          0
  96.394616      -0.855548      -0.0000000000000000       0.0000000000000000          0
  99.519054      -0.932323      -0.4437458283896169      -1.5186295629048552      67350
  102.643625      -1.006327       0.2035733952131925      -1.5340367969436990        673
  105.768335      -1.077339       0.8503160454094618      -1.5481760605443371      64701
  108.893187      -1.145148      -0.0000000000000000       0.0000000000000000        614
  112.018183      -1.209553      -0.0000000000000000       0.0000000000000000        614
  115.143324      -1.270361      -0.0000000000000000       0.0000000000000000        614
  118.268607      -1.327392      -0.0000000000000000       0.0000000000000000          0
  121.394029      -1.380476      -0.0000000000000000       0.0000000000000000          0
  124.519585      -1.429454      -0.0000000000000000       0.0000000000000000          0
  127.645268      -1.474181      -0.0000000000000000       0.0000000000000000          0
  130.771071      -1.514524      -0.0000000000000000       0.0000000000000000          0
  133.896984      -1.550362      -0.0000000000000000       0.0000000000000000          0
  137.022996      -1.581589      -0.0000000000000000       0.0000000000000000          0
  140.149095      -1.608111      -0.0000000000000000       0.0000000000000000          0
  143.275267      -1.629850      -0.0000000000000000       0.0000000000000000          0
  146.401500      -1.646740      -0.0000000000000000       0.0000000000000000          0
>