>anchorPlateId 301
>reconstructionTime 71
>DeformingMeshPoints.gpml lat_lon_velocity_domain_28_32.gpml
>MeshNode <identity>GPlates-b7a3af0e-8119-4abb-9ae6-39bb7e5702ce</identity> <revision>GPlates-7b04c5e6-7801-49f1-bcc4-23d6f4e5417f</revision>
> reconstructionPlateId 0
> validTime TimePeriod <begin> TimeInstant <timePosition>http://gplates.org/times/distantPast</timePosition></begin> <end> TimeInstant <timePosition>http://gplates.org/times/distantFuture</timePosition></end>
  26.425851      70.823641      -0.0000000000000000       0.0000000000000000        302
  29.153473      71.023743      -0.0000000000000000       0.0000000000000000        302
  31.905019      71.230030      -0.0000000000000000       0.0000000000000000        302
  34.682057      71.442081      -0.0000000000000000       0.0000000000000000        302
  37.486215      71.659450      -0.0000000000000000       0.0000000000000000        302
  40.319181      71.881667      -0.0000000000000000       0.0000000000000000        302
  43.182704      72.108236      -0.0000000000000000       0.0000000000000000        302
  46.078588      72.338636      -0.0000000000000000       0.0000000000000000        302
  49.008695      72.572320      -0.0000000000000000       0.0000000000000000        302
  51.974933      72.808713      -0.0000000000000000       0.0000000000000000        373
  54.979255      73.047210      -0.0000000000000000       0.0000000000000000        373
  58.023646      73.287180      -0.0000000000000000       0.0000000000000000        372
  61.110113      73.527960      -0.0000000000000000       0.0000000000000000        372
  64.240671      73.768859      -0.0000000000000000       0.0000000000000000        372
  67.417322      74.009152      -0.0000000000000000       0.0000000000000000        372
  70.642034      74.248088      -0.0000000000000000       0.0000000000000000        372
  73.916717      74.484883      -0.0000000000000000       0.0000000000000000        401
  77.243186      74.718724      -0.0000000000000000       0.0000000000000000        404
  80.623132      74.948770      -0.0000000000000000       0.0000000000000000        404
  84.058071      75.174152      -0.0000000000000000       0.0000000000000000        404
  87.549309      75.393977      -0.0000000000000000       0.0000000000000000        404
  91.097877      75.607333      -0.0000000000000000       0.0000000000000000        404
  94.704488      75.813288      -0.0000000000000000       0.0000000000000000        404
  98.369468      76.010900      -0.0000000000000000       0.0000000000000000        404
  102.092700      76.199221      -0.0000000000000000       0.0000000000000000        404
  105.873562      76.377303      -0.0000000000000000       0.0000000000000000        401
  109.710869      76.544211      -0.0000000000000000       0.0000000000000000        401
  113.602821      76.699028      -0.0000000000000000       0.0000000000000000        401
  117.546959      76.840869      -0.0000000000000000       0.0000000000000000        401
  121.540137      76.968890      -0.0000000000000000       0.0000000000000000        401
  125.578507      77.082301      -0.0000000000000000       0.0000000000000000          0
  129.657527      77.180383      -0.0608019845918508       0.4874156796946573      42102
  133.771987      77.262491       0.0145011980032791       0.4927322971683021      42102
  27.942929      68.270754      -0.0000000000000000       0.0000000000000000        302
  30.733905      68.474410      -0.0000000000000000       0.0000000000000000        302
  33.547201      68.684116      -0.0000000000000000       0.0000000000000000        302
  36.384176      68.899415      -0.0000000000000000       0.0000000000000000        302
  39.246221      69.119824      -0.0000000000000000       0.0000000000000000        302
  42.134767      69.344837      -0.0000000000000000       0.0000000000000000        302
  45.051273      69.573923      -0.0000000000000000       0.0000000000000000        302
  47.997227      69.806526      -0.0000000000000000       0.0000000000000000        302
  50.974137      70.042064      -0.0000000000000000       0.0000000000000000        302
  53.983529      70.279930      -0.0000000000000000       0.0000000000000000        302
  57.026936      70.519488      -0.0000000000000000       0.0000000000000000        373
  60.105885      70.760080      -0.0000000000000000       0.0000000000000000        372
  63.221891      71.001018      -0.0000000000000000       0.0000000000000000        372
  66.376436      71.241589      -0.0000000000000000       0.0000000000000000        372
  69.570957      71.481055      -0.0000000000000000       0.0000000000000000        372
  72.806824      71.718654      -0.0000000000000000       0.0000000000000000        401
  76.085316      71.953598      -0.0000000000000000       0.0000000000000000        401
  79.407601      72.185077      -0.0000000000000000       0.0000000000000000        401
  82.774700      72.412262      -0.0000000000000000       0.0000000000000000        401
  86.187466      72.634305      -0.0000000000000000       0.0000000000000000        401
  89.646541      72.850344      -0.0000000000000000       0.0000000000000000        401
  93.152326      73.059505      -0.0000000000000000       0.0000000000000000        401
  96.704948      73.260907      -0.0000000000000000       0.0000000000000000        401
  100.304213      73.453670      -0.0000000000000000       0.0000000000000000        401
  103.949582      73.636914      -0.0000000000000000       0.0000000000000000        401
  107.640126      73.809776      -0.0000000000000000       0.0000000000000000        401
  111.374506      73.971408      -0.0000000000000000       0.0000000000000000        401
  115.150937      74.120989      -0.0000000000000000       0.0000000000000000          0
  118.967183      74.257736      -0.0000000000000000       0.0000000000000000          0
  122.820535      74.380910      -0.0000000000000000       0.0000000000000000          0
  126.707824      74.489826      -0.0000000000000000       0.0000000000000000          0
  130.625427      74.583862      -0.0000000000000000       0.0000000000000000          0
  134.569301      74.662470      -0.0000000000000000       0.0000000000000000          0
  29.154152      65.706836      -0.0000000000000000       0.0000000000000000        302
  31.993082      65.913220      -0.0000000000000000       0.0000000000000000        302
  34.852694      66.125528      -0.0000000000000000       0.0000000000000000        302
  37.734166      66.343275      -0.0000000000000000       0.0000000000000000        302
  40.638698      66.565949      -0.0000000000000000       0.0000000000000000        302
  43.567506      66.793017      -0.0000000000000000       0.0000000000000000        302
  46.521819      67.023921      -0.0000000000000000       0.0000000000000000        302
  49.502875      67.258077      -0.0000000000000000       0.0000000000000000        302
  52.511913      67.494879      -0.0000000000000000       0.0000000000000000        302
  55.550170      67.733696      -0.0000000000000000       0.0000000000000000        302
  58.618865      67.973873      -0.0000000000000000       0.0000000000000000        302
  61.719197      68.214731      -0.0000000000000000       0.0000000000000000        302
  64.852331      68.455570      -0.0000000000000000       0.0000000000000000        302
  68.019381      68.695663      -0.0000000000000000       0.0000000000000000        372
  71.221403      68.934267      -0.0000000000000000       0.0000000000000000        401
  74.459369      69.170615      -0.0000000000000000       0.0000000000000000        401
  77.734159      69.403923      -0.0000000000000000       0.0000000000000000        401
  81.046532      69.633389      -0.0000000000000000       0.0000000000000000        401
  84.397111      69.858199      -0.0000000000000000       0.0000000000000000        401
  87.786355      70.077525      -0.0000000000000000       0.0000000000000000        401
  91.214540      70.290534      -0.0000000000000000       0.0000000000000000        401
  94.681733      70.496386      -0.0000000000000000       0.0000000000000000        401
  98.187764      70.694242      -0.0000000000000000       0.0000000000000000        401
  101.732209      70.883271      -0.0000000000000000       0.0000000000000000        401
  105.314361      71.062648      -0.0000000000000000       0.0000000000000000        401
  108.933214      71.231570      -0.0000000000000000       0.0000000000000000        401
  112.587447      71.389255      -0.0000000000000000       0.0000000000000000        401
  116.275407      71.534952      -0.0000000000000000       0.0000000000000000        401
  119.995110      71.667949      -0.0000000000000000       0.0000000000000000        401
  123.744231      71.787578      -0.0000000000000000       0.0000000000000000        401
  127.520118      71.893224      -0.0000000000000000       0.0000000000000000      43102
  131.319805      71.984335      -0.0000000000000000       0.0000000000000000          0
  135.140031      72.060424      -0.0000000000000000       0.0000000000000000          0
  30.146451      63.135051      -0.0000000000000000       0.0000000000000000        302
  33.022865      63.343596      -0.0000000000000000       0.0000000000000000        302
  35.918388      63.557952      -0.0000000000000000       0.0000000000000000        302
  38.834048      63.777608      -0.0000000000000000       0.0000000000000000        302
  41.770886      64.002033      -0.0000000000000000       0.0000000000000000        302
  44.729946      64.230669      -0.0000000000000000       0.0000000000000000        302
  47.712274      64.462936      -0.0000000000000000       0.0000000000000000        302
  50.718910      64.698232      -0.0000000000000000       0.0000000000000000        302
  53.750885      64.935932      -0.0000000000000000       0.0000000000000000        302
  56.809215      65.175388      -0.0000000000000000       0.0000000000000000        302
  59.894889      65.415929      -0.0000000000000000       0.0000000000000000        302
  63.008862      65.656866      -0.0000000000000000       0.0000000000000000        390
  66.152047      65.897486      -0.0000000000000000       0.0000000000000000        390
  69.325299      66.137060      -0.0000000000000000       0.0000000000000000        401
  72.529407      66.374838      -0.0000000000000000       0.0000000000000000        401
  75.765078      66.610057      -0.0000000000000000       0.0000000000000000        401
  79.032923      66.841937      -0.0000000000000000       0.0000000000000000        401
  82.333440      67.069688      -0.0000000000000000       0.0000000000000000        401
  85.667001      67.292508      -0.0000000000000000       0.0000000000000000        401
  89.033830      67.509591      -0.0000000000000000       0.0000000000000000        401
  92.433989      67.720126      -0.0000000000000000       0.0000000000000000        401
  95.867360      67.923304      -0.0000000000000000       0.0000000000000000        401
  99.333627      68.118323      -0.0000000000000000       0.0000000000000000        401
  102.832261      68.304386      -0.0000000000000000       0.0000000000000000        401
  106.362507      68.480717      -0.0000000000000000       0.0000000000000000        401
  109.923369      68.646556      -0.0000000000000000       0.0000000000000000        401
  113.513603      68.801172      -0.0000000000000000       0.0000000000000000        401
  117.131710      68.943866      -0.0000000000000000       0.0000000000000000        401
  120.775934      69.073979      -0.0000000000000000       0.0000000000000000        401
  124.444268      69.190894      -0.0000000000000000       0.0000000000000000        401
  128.134455      69.294050      -0.0000000000000000       0.0000000000000000      43102
  131.844009      69.382940      -0.0000000000000000       0.0000000000000000      43101
  135.570229      69.457121       0.0474121739279511       0.1371452131031713      43202
  30.976949      60.557467      -0.0000000000000000       0.0000000000000000        302
  33.883452      60.767770      -0.0000000000000000       0.0000000000000000        302
  36.807592      60.983781      -0.0000000000000000       0.0000000000000000        302
  39.750275      61.204970      -0.0000000000000000       0.0000000000000000        302
  42.712408      61.430786      -0.0000000000000000       0.0000000000000000        302
  45.694896      61.660654      -0.0000000000000000       0.0000000000000000        302
  48.698636      61.893979      -0.0000000000000000       0.0000000000000000        302
  51.724514      62.130140      -0.0000000000000000       0.0000000000000000        302
  54.773399      62.368500      -0.0000000000000000       0.0000000000000000        302
  57.846135      62.608396      -0.0000000000000000       0.0000000000000000        302
  60.943535      62.849149      -0.0000000000000000       0.0000000000000000        390
  64.066375      63.090059      -0.0000000000000000       0.0000000000000000        390
  67.215380      63.330409      -0.0000000000000000       0.0000000000000000        468
  70.391220      63.569466      -0.0000000000000000       0.0000000000000000        401
  73.594493      63.806480      -0.0000000000000000       0.0000000000000000        401
  76.825722      64.040691      -0.0000000000000000       0.0000000000000000        401
  80.085334      64.271325      -0.0000000000000000       0.0000000000000000        401
  83.373657      64.497602      -0.0000000000000000       0.0000000000000000        401
  86.690898      64.718735      -0.0000000000000000       0.0000000000000000        401
  90.037135      64.933934      -0.0000000000000000       0.0000000000000000        401
  93.412305      65.142412      -0.0000000000000000       0.0000000000000000        401
  96.816187      65.343384      -0.0000000000000000       0.0000000000000000        401
  100.248394      65.536075      -0.0000000000000000       0.0000000000000000        401
  103.708360      65.719724      -0.0000000000000000       0.0000000000000000        401
  107.195331      65.893586      -0.0000000000000000       0.0000000000000000        401
  110.708357      66.056941      -0.0000000000000000       0.0000000000000000        401
  114.246290      66.209096      -0.0000000000000000       0.0000000000000000        401
  117.807776      66.349392      -0.0000000000000000       0.0000000000000000        401
  121.391260      66.477211      -0.0000000000000000       0.0000000000000000        401
  124.994988      66.591976      -0.0000000000000000       0.0000000000000000        401
  128.617016      66.693164      -0.0000000000000000       0.0000000000000000      43101
  132.255221      66.780304      -0.0000000000000000       0.0000000000000000      43101
  135.907316      66.852987      -0.0000000000000000       0.0000000000000000      43101
  31.684665      57.975492      -0.0000000000000000       0.0000000000000000        302
  34.615867      58.187256      -0.0000000000000000       0.0000000000000000        302
  37.563345      58.404634      -0.0000000000000000       0.0000000000000000        302
  40.527900      58.627081      -0.0000000000000000       0.0000000000000000        302
  43.510329      58.854031      -0.0000000000000000       0.0000000000000000        302
  46.511424      59.084894      -0.0000000000000000       0.0000000000000000        302
  49.531961      59.319059      -0.0000000000000000       0.0000000000000000        302
  52.572702      59.555896      -0.0000000000000000       0.0000000000000000        302
  55.634386      59.794753      -0.0000000000000000       0.0000000000000000        302
  58.717727      60.034960      -0.0000000000000000       0.0000000000000000        302
  61.823400      60.275829      -0.0000000000000000       0.0000000000000000        390
  64.952043      60.516655      -0.0000000000000000       0.0000000000000000        390
  68.104243      60.756716      -0.0000000000000000       0.0000000000000000        468
  71.280531      60.995277      -0.0000000000000000       0.0000000000000000        401
  74.481369      61.231592      -0.0000000000000000       0.0000000000000000        401
  77.707147      61.464902      -0.0000000000000000       0.0000000000000000        401
  80.958166      61.694442      -0.0000000000000000       0.0000000000000000        401
  84.234635      61.919441      -0.0000000000000000       0.0000000000000000        401
  87.536655      62.139124      -0.0000000000000000       0.0000000000000000        401
  90.864214      62.352719      -0.0000000000000000       0.0000000000000000        401
  94.217170      62.559456      -0.0000000000000000       0.0000000000000000        401
  97.595250      62.758572      -0.0000000000000000       0.0000000000000000        401
  100.998035      62.949316      -0.0000000000000000       0.0000000000000000        401
  104.424957      63.130954      -0.0000000000000000       0.0000000000000000        401
  107.875287      63.302770      -0.0000000000000000       0.0000000000000000        401
  111.348136      63.464074      -0.0000000000000000       0.0000000000000000        401
  114.842450      63.614205      -0.0000000000000000       0.0000000000000000        401
  118.357007      63.752537      -0.0000000000000000       0.0000000000000000        401
  121.890422      63.878481      -0.0000000000000000       0.0000000000000000        401
  125.441152      63.991495      -0.0000000000000000       0.0000000000000000        401
  129.007501      64.091083      -0.0000000000000000       0.0000000000000000      43102
  132.587629      64.176804      -0.0000000000000000       0.0000000000000000      43101
  136.179570      64.248274      -0.0000000000000000       0.0000000000000000      43101
  32.297138      55.390116      -0.0000000000000000       0.0000000000000000        302
  35.249004      55.603116      -0.0000000000000000       0.0000000000000000        302
  38.215890      55.821646      -0.0000000000000000       0.0000000000000000        302
  41.198508      56.045148      -0.0000000000000000       0.0000000000000000        302
  44.197566      56.273040      -0.0000000000000000       0.0000000000000000        302
  47.213758      56.504722      -0.0000000000000000       0.0000000000000000        302
  50.247765      56.739571      -0.0000000000000000       0.0000000000000000        302
  53.300245      56.976946      -0.0000000000000000       0.0000000000000000        302
  56.371836      57.216188      -0.0000000000000000       0.0000000000000000        302
  59.463145      57.456618      -0.0000000000000000       0.0000000000000000        302
  62.574742      57.697541      -0.0000000000000000       0.0000000000000000        390
  65.707158      57.938249      -0.0000000000000000       0.0000000000000000        468
  68.860873      58.178019      -0.0000000000000000       0.0000000000000000        468
  72.036315      58.416114      -0.0000000000000000       0.0000000000000000        401
  75.233845      58.651790      -0.0000000000000000       0.0000000000000000        401
  78.453757      58.884293      -0.0000000000000000       0.0000000000000000        401
  81.696262      59.112865      -0.0000000000000000       0.0000000000000000        401
  84.961489      59.336744      -0.0000000000000000       0.0000000000000000        401
  88.249466      59.555167      -0.0000000000000000       0.0000000000000000        401
  91.560123      59.767375      -0.0000000000000000       0.0000000000000000        401
  94.893276      59.972615      -0.0000000000000000       0.0000000000000000        401
  98.248625      60.170143      -0.0000000000000000       0.0000000000000000        401
  101.625742      60.359230      -0.0000000000000000       0.0000000000000000        401
  105.024074      60.539163      -0.0000000000000000       0.0000000000000000        401
  108.442930      60.709250      -0.0000000000000000       0.0000000000000000        401
  111.881483      60.868827      -0.0000000000000000       0.0000000000000000        401
  115.338769      61.017259      -0.0000000000000000       0.0000000000000000        401
  118.813684      61.153945      -0.0000000000000000       0.0000000000000000        401
  122.304988      61.278324      -0.0000000000000000       0.0000000000000000        401
  125.811313      61.389877      -0.0000000000000000       0.0000000000000000        401
  129.331163      61.488135      -0.0000000000000000       0.0000000000000000        401
  132.862928      61.572678      -0.0000000000000000       0.0000000000000000        401
  136.404894      61.643142      -0.0000000000000000       0.0000000000000000      43101
  32.834349      52.802054      -0.0000000000000000       0.0000000000000000        302
  35.803789      53.016118      -0.0000000000000000       0.0000000000000000        302
  38.787089      53.235635      -0.0000000000000000       0.0000000000000000        302
  41.784889      53.460034      -0.0000000000000000       0.0000000000000000        302
  44.797816      53.688724      -0.0000000000000000       0.0000000000000000        302
  47.826486      53.921093      -0.0000000000000000       0.0000000000000000        302
  50.871498      54.156509      -0.0000000000000000       0.0000000000000000        302
  53.933429      54.394323      -0.0000000000000000       0.0000000000000000        302
  57.012832      54.633867      -0.0000000000000000       0.0000000000000000        302
  60.110229      54.874457      -0.0000000000000000       0.0000000000000000        390
  63.226106      55.115395      -0.0000000000000000       0.0000000000000000        390
  66.360910      55.355968      -0.0000000000000000       0.0000000000000000        468
  69.515040      55.595451      -0.0000000000000000       0.0000000000000000        468
  72.688843      55.833110      -0.0000000000000000       0.0000000000000000        468
  75.882606      56.068202      -0.0000000000000000       0.0000000000000000        401
  79.096551      56.299978      -0.0000000000000000       0.0000000000000000        401
  82.330826      56.527686      -0.0332078915624121       0.0173030586269773          0
  85.585501      56.750574      -0.0276148448981826       0.0159682967594938          0
  88.860561      56.967888      -0.0080762550566510       0.0051594920634895          0
  92.155895      57.178882      -0.0000000000000000       0.0000000000000000        401
  95.471298      57.382819      -0.0000000000000000       0.0000000000000000        401
  98.806457      57.578970      -0.0000000000000000       0.0000000000000000        401
  102.160955      57.766624      -0.0000000000000000       0.0000000000000000        401
  105.534259      57.945087      -0.0000000000000000       0.0000000000000000        401
  108.925720      58.113689      -0.0000000000000000       0.0000000000000000        401
  112.334575      58.271787      -0.0000000000000000       0.0000000000000000        401
  115.759940      58.418766      -0.0000000000000000       0.0000000000000000          0
  119.200815      58.554049      -0.0000000000000000       0.0000000000000000        401
  122.656088      58.677095      -0.0000000000000000       0.0000000000000000        401
  126.124535      58.787409      -0.0000000000000000       0.0000000000000000        401
  129.604829      58.884539      -0.0000000000000000       0.0000000000000000        401
  133.095547      58.968084      -0.0000000000000000       0.0000000000000000        401
  136.595180      59.037697      -0.0000000000000000       0.0000000000000000      43101
  33.311147      50.211840      -0.0000000000000000       0.0000000000000000        302
  36.295748      50.426831      -0.0000000000000000       0.0000000000000000        302
  39.293138      50.647204      -0.0000000000000000       0.0000000000000000        302
  42.303889      50.872379      -0.0000000000000000       0.0000000000000000        302
  45.328566      51.101754      -0.0000000000000000       0.0000000000000000        302
  48.367715      51.334709      -0.0000000000000000       0.0000000000000000        302
  51.421868      51.570603      -0.0000000000000000       0.0000000000000000        302
  54.491533      51.808780      -0.0000000000000000       0.0000000000000000        302
  57.577194      52.048566      -0.0000000000000000       0.0000000000000000        302
  60.679304      52.289272      -0.0000000000000000       0.0000000000000000        390
  63.798282      52.530197      -0.0000000000000000       0.0000000000000000        465
  66.934508      52.770625      -0.0000000000000000       0.0000000000000000        458
  70.088317      53.009831      -0.0000000000000000       0.0000000000000000        459
  73.259994      53.247083      -0.0000000000000000       0.0000000000000000        468
  76.449770      53.481639      -0.2203711925578089       0.0933917234951114          0
  79.657812      53.712756      -0.6065830239958486       0.2878693756111569          0
  82.884225      53.939688      -0.8010063601022346       0.4230263011308542          0
  86.129036      54.161689      -0.8372107935394659       0.4896082093122585          0
  89.392200      54.378017      -0.7343171048140798       0.4736376091926721          0
  92.673585      54.587938      -0.5243367531048400       0.3718596446133961          0
  95.972973      54.790725      -0.2288694376268036       0.1780468048860102          0
  99.290055      54.985666      -0.0000000000000000       0.0000000000000000        401
  102.624425      55.172064      -0.0000000000000000       0.0000000000000000        401
  105.975579      55.349244      -0.0000000000000000       0.0000000000000000        401
  109.342912      55.516552      -0.0000000000000000       0.0000000000000000          0
  112.725717      55.673362      -0.0751341425985363       0.0278253404926041          0
  116.123189      55.819082      -0.1395010346424362       0.0584515504673093          0
  119.534418      55.953149      -0.1749256551388638       0.0821031678305770          0
  122.958401      56.075045      -0.1936004907215324       0.0962450738854957          0
  126.394040      56.184288      -0.2057519565615260       0.0995847852136568          0
  129.840148      56.280446      -0.2098952733007670       0.0917644980221736          0
  133.295460      56.363132      -0.2150945676081976       0.0797320015382352          0
  136.758634      56.432012      -0.2203277169694034       0.0695663165730285          0
  33.738800      47.619876      -0.0000000000000000       0.0000000000000000        302
  36.736647      47.835685      -0.0000000000000000       0.0000000000000000        302
  39.746287      48.056812      -0.0000000000000000       0.0000000000000000        302
  42.768238      48.282666      -0.0000000000000000       0.0000000000000000        302
  45.803004      48.512637      -0.0000000000000000       0.0000000000000000        302
  48.851078      48.746097      -0.0000000000000000       0.0000000000000000        302
  51.912932      48.982400      -0.0000000000000000       0.0000000000000000        302
  54.989017      49.220882      -0.0000000000000000       0.0000000000000000        302
  58.079760      49.460864      -0.0000000000000000       0.0000000000000000        302
  61.185557      49.701654      -0.0000000000000000       0.0000000000000000        390
  64.306772      49.942547      -0.0000000000000000       0.0000000000000000        465
  67.443731      50.182826      -0.0000000000000000       0.0000000000000000        458
  70.596720      50.421767      -0.0000000000000000       0.0000000000000000        459
  73.765974      50.658638      -0.4973012002441671       0.1921686930575877          0
  76.951681      50.892701      -1.0809413907952270       0.4680078280993644          0
  80.153970      51.123216      -1.4785817211581240       0.7133857300409254          0
  83.372909      51.349444      -1.6755850029156525       0.8968082334676060          0
  86.608501      51.570646      -1.6819582791154832       0.9947304360479661          0
  89.860678      51.786089      -1.5204410548111238       0.9901137603570469          0
  93.129299      51.995049      -1.2324273919131787       0.8810386149622362          0
  96.414141      52.196812      -0.8505002902349702       0.6657570638076598          0
  99.714904      52.390677      -0.3984419371057631       0.3408237508563783          0
  103.031199      52.575962      -0.0664704652566424       0.0601149295094844          0
  106.362553      52.752007      -0.0714080468821674       0.0204455696244600          0
  109.708403      52.918172      -0.1971087414508820       0.0647011106133308          0
  113.068099      53.073850      -0.3015370860470541       0.1125627217713805          0
  116.440902      53.218461      -0.3633359548024168       0.1527004231468522          0
  119.825986      53.351463      -0.3980822830553796       0.1829077495047917          0
  123.222443      53.472349      -0.4223025855352454       0.1997630845223133          0
  126.629282      53.580655      -0.4419713911539718       0.2059760951401963          0
  130.045439      53.675963      -0.4613781906673301       0.2034175121195175          0
  133.469780      53.757899      -0.4856242088840418       0.1948418325470106          0
  136.901108      53.826141      -0.5274996138944619       0.1917198153395155          0
  34.126015      45.026473      -0.0000000000000000       0.0000000000000000        302
  37.135567      45.243012      -0.0000000000000000       0.0000000000000000        302
  40.155982      45.464808      -0.0000000000000000       0.0000000000000000        301
  43.187731      45.691263      -0.0000000000000000       0.0000000000000000        301
  46.231269      45.921760      -0.0000000000000000       0.0000000000000000        301
  49.287038      46.155663      -0.0000000000000000       0.0000000000000000        302
  52.355462      46.392319      -0.0000000000000000       0.0000000000000000        302
  55.436943      46.631060      -0.0000000000000000       0.0000000000000000        302
  58.531860      46.871204      -0.0000000000000000       0.0000000000000000        302
  61.640562      47.112053      -0.0000000000000000       0.0000000000000000        467
  64.763368      47.352901      -0.0000000000000000       0.0000000000000000        458
  67.900562      47.593031      -0.0000000000000000       0.0000000000000000        459
  71.052387      47.831718      -0.4493029851309964       0.1101232957006877          0
  74.219042      48.068231      -1.4044909543374606       0.5223676889058027          0
  77.400680      48.301837      -2.0647916238456068       0.9113011347981705          0
  80.597401      48.531799      -2.4505866362219022       1.2009286203754139          0
  83.809249      48.757384      -2.6378503184554267       1.4302661346458150          0
  87.036208      48.977859      -2.5717584075263908       1.5384858967146178          0
  90.278198      49.192501      -2.3315207230106516       1.5340376928115564          0
  93.535072      49.400594      -1.9670996072406850       1.4188915092064049          0
  96.806613      49.601434      -1.5173236635406226       1.1947146456379261          0
  100.092529      49.794334      -1.0876057182554515       0.8646247718544318          0
  103.392454      49.978622      -0.7385833891295273       0.5086592507446152          0
  106.705945      50.153652      -0.5358066701063676       0.2520701415390907          0
  110.032482      50.318798      -0.5087805639775148       0.1731382181210833          0
  113.371464      50.473467      -0.5724329951489209       0.2152500355738588          0
  116.722216      50.617093      -0.6146668921369427       0.2593557764122308          0
  120.083985      50.749147      -0.6391959548582470       0.2930411821670443          0
  123.455947      50.869138      -0.6582858379026630       0.3125958515182862          0
  126.837208      50.976615      -0.6762992227045096       0.3199351253113477          0
  130.226806      51.071170      -0.6993512871293285       0.3174569214976776          0
  133.623723      51.152443      -0.7338775675607592       0.3077956719185424          0
  137.026884      51.220120      -0.7956850391944326       0.3039367724688584          0
  34.479636      42.431875      -0.0000000000000000       0.0000000000000000        551
  37.499635      42.649071      -0.0000000000000000       0.0000000000000000        551
  40.529627      42.871469      -0.0000000000000000       0.0000000000000000        551
  43.570039      43.098462      -2.4072211378345330      -0.1089738315843734        503
  46.621285      43.329426      -0.0000000000000000       0.0000000000000000        301
  49.683763      43.563720      -0.0000000000000000       0.0000000000000000        301
  52.757855      43.800686      -0.0000000000000000       0.0000000000000000        301
  55.843921      44.039651      -0.0000000000000000       0.0000000000000000        301
  58.942300      44.279927      -0.0000000000000000       0.0000000000000000        302
  62.053302      44.520817      -0.0000000000000000       0.0000000000000000        467
  65.177209      44.761611      -0.0000000000000000       0.0000000000000000        466
  68.314268      45.001593      -0.0629935766121371       0.0063666447339816          0
  71.464691      45.240037      -1.7321504065269937       0.2244115559657479          0
  74.628646      45.476214      -2.7245202753553741       0.6896279354304710          0
  77.806261      45.709395      -2.8926259127742648       1.3004941803603873        580
  80.997614      45.938846      -2.8430160211221494       1.4146095381102148        580
  84.202730      46.163839      -2.7843172693997653       1.5279007397589792        580
  87.421581      46.383649      -2.7166005873378154       1.6399293441330722        580
  90.654083      46.597559      -2.6399707628820384       1.7502446610196924        580
  93.900086      46.804862      -2.5545678036361323       1.8583861702908124        580
  97.159381      47.004865      -2.2278612929791670       1.6729142368815753          0
  100.431691      47.196889      -1.8097843086355798       1.2659024618088224          0
  103.716672      47.380276      -1.3900549076183291       0.8577568043518504          0
  107.013912      47.554389      -1.0337593597165236       0.5017068175250679          0
  110.322929      47.718617      -0.8601347329072667       0.3153406768870996          0
  113.643171      47.872377      -0.8659296851532534       0.3279934741027363          0
  116.974020      48.015118      -0.8820747129404364       0.3739579710341605          0
  120.314791      48.146322      -0.8869803542069421       0.4124209257878381          0
  123.664733      48.265511      -0.8924676211737916       0.4357527246482168          0
  127.023036      48.372244      -0.9007101664245993       0.4434230484851058          0
  130.388831      48.466126      -0.9183957801391578       0.4367321964483722          0
  133.761199      48.546806      -0.9555935468755863       0.4188125403027029          0
  137.139173      48.613979      -1.0247500450753821       0.4013610843659136          0
  34.805120      39.836277      -0.0000000000000000       0.0000000000000000        525
  37.834528      40.054070      -0.0000000000000000       0.0000000000000000        525
  40.873112      40.277012      -0.0000000000000000       0.0000000000000000        526
  43.921258      40.504491      -0.0000000000000000       0.0000000000000000        526
  46.979344      40.735875      -2.5858219273062382       0.1574834686199644        503
  50.047729      40.970519      -0.0000000000000000       0.0000000000000000        301
  53.126759      41.207759      -0.0000000000000000       0.0000000000000000        301
  56.216760      41.446917      -0.0000000000000000       0.0000000000000000        301
  59.318034      41.687305      -0.0000000000000000       0.0000000000000000        301
  62.430861      41.928222      -0.0000000000000000       0.0000000000000000        467
  65.555488      42.168956      -0.0000000000000000       0.0000000000000000        467
  68.692137      42.408790      -1.1690913902111055       0.1533960562040531          0
  71.840990      42.647002      -3.2493045778254412       0.4998297507845239          0
  75.002194      42.882862      -3.5389679049563671       0.6337911716794749        501
  78.175856      43.115644      -3.3332716686978339       1.0054860312242453          0
  81.362036      43.344620      -2.8367869149802161       1.4285653489426942        580
  84.560750      43.569065      -2.7772159790806858       1.5366333610106977        580
  87.771961      43.788261      -2.7087080714796752       1.6434865741238347        580
  90.995582      44.001498      -2.6986624296169488       1.7425657454666164          0
  94.231468      44.208076      -2.7802716076507714       1.8384398156269877          0
  97.479418      44.407312      -2.8772539214499098       1.8427366668814189          0
  100.739173      44.598536      -2.5700840372201559       1.5664933703968815          0
  104.010410      44.781101      -2.1037492399846585       1.1787033819655770          0
  107.292748      44.954380      -1.5791367063022697       0.7401765921449495          0
  110.585742      45.117773      -1.2141091149903267       0.4344209819129137          0
  113.888886      45.270708      -1.1723639178057796       0.4476501821217924          0
  117.201614      45.412646      -1.1563919588370988       0.4930663700037393          0
  120.523301      45.543080      -1.1349668493210792       0.5363706584801543          0
  123.853264      45.661542      -1.1175826098275263       0.5682265775063028          0
  127.190767      45.767604      -1.1083055966885504       0.5796746898847937          0
  130.535024      45.860877      -1.1131646210853903       0.5678676664321194          0
  133.885203      45.941021      -1.1435351578994728       0.5305501374597008          0
  137.240432      46.007740      -1.2104490499316207       0.4749182250040527          0
  35.106879      37.239835      -1.1934470517720204       0.1119632180093240        715
  38.144834      37.458176      -2.1057152259721574       0.1653769291084509        503
  41.191191      37.681616      -2.2775162966025464       0.2199706218864198        503
  44.246302      37.909536      -0.0000000000000000       0.0000000000000000        505
  47.310510      38.141302      -0.0000000000000000       0.0000000000000000        505
  50.384144      38.376260      -2.7550522949076317       0.4204853754083694        503
  53.467516      38.613744      -2.8999299577856243       0.4994507545301979        503
  56.560922      38.853073      -0.0000000000000000       0.0000000000000000        301
  59.664634      39.093555      -0.0000000000000000       0.0000000000000000        301
  62.778904      39.334486      -0.0000000000000000       0.0000000000000000        301
  65.903955      39.575156      -0.0000000000000000       0.0000000000000000        467
  69.039981      39.814846      -2.1892068234282367       0.4061552202204357          0
  72.187146      40.052834      -3.4198056946912900       0.7096824856864135        501
  75.345578      40.288394      -3.5529245843110089       0.8180460584404761        501
  78.515367      40.520802      -3.6756696065125394       0.9328480816638485        501
  81.696563      40.749332      -3.7844667992521144       1.0552441298484365          0
  84.889172      40.973267      -3.3414471832888903       1.4015993285142181          0
  88.093155      41.191892      -3.3431404731005672       1.5440359688719958          0
  91.308424      41.404505      -3.3127360087240589       1.6868827908110415          0
  94.534841      41.610414      -3.3488228618732236       1.8065640482854732          0
  97.772218      41.808942      -3.5086806212075548       1.8996051477017644          0
  101.020310      41.999430      -3.4024402583758921       1.8141727469011684          0
  104.278820      42.181238      -2.9311920919320231       1.4933920513392676          0
  107.547394      42.353751      -2.1987125978940676       0.9916599049943323          0
  110.825624      42.516378      -1.5396248711516876       0.5338521173424535          0
  114.113046      42.668558      -1.4220595484787570       0.5197224164957557          0
  117.409142      42.809761      -1.4101823959925861       0.5913671960429574          0
  120.713342      42.939492      -1.3810497892230831       0.6565301653532484          0
  124.025025      43.057291      -1.3289605924413830       0.6959462187969460          0
  127.343522      43.162740      -1.2866414802536985       0.7304165024306304          0
  130.668121      43.255459      -1.2691896140610111       0.7396449710839044          0
  133.998067      43.335115      -1.2769980750221486       0.6674912898772467          0
  137.332572      43.401419      -1.2029696539406873       0.9152729724370589        454
  35.388525      34.642678      -2.3960030341642078       0.3923384813082731        508
  38.434303      34.861524      -2.1223036234228623       0.3647517146964294        503
  41.487747      35.085422      -2.2939046116173758       0.4158001329671073        503
  44.549180      35.313748      -2.4594151781321418       0.4726666480501917        503
  47.618914      35.545862      -0.0000000000000000       0.0000000000000000        505
  50.697249      35.781106      -0.0000000000000000       0.0000000000000000        505
  53.784470      36.018810      -0.0000000000000000       0.0000000000000000        505
  56.880845      36.258290      -0.0000000000000000       0.0000000000000000        505
  59.986622      36.498851      -0.0000000000000000       0.0000000000000000        301
  63.102027      36.739788      -0.0000000000000000       0.0000000000000000        301
  66.227263      36.980390      -0.0000000000000000       0.0000000000000000        301
  69.362504      37.219938      -3.2516285603791060       0.7911505468458842          0
  72.507897      37.457711      -3.4338054070208432       0.8961277446326822        501
  75.663554      37.692986      -3.5657347431905970       0.9983004652265052        501
  78.829554      37.925039      -3.6872291733973319       1.1066008353826082        501
  82.005938      38.153151      -3.7978107451856697       1.2207769236874471        501
  85.192708      38.376607      -3.8970270031259400       1.3405382057764612        501
  88.389824      38.594699      -3.9844537900676440       1.4655552788710802        501
  91.597201      38.806730      -3.8961396817490925       1.6456955703967502          0
  94.814710      39.012015      -3.8927406780268088       1.7911320457618953          0
  98.042174      39.209886      -4.0089707940019537       1.9050690801208954          0
  101.279366      39.399691      -4.2089357268596626       2.0102489003131603        501
  104.526013      39.580799      -3.3252912297367043       1.5408230975761348          0
  107.781789      39.752603      -2.2521231376447823       0.8863828056447856          0
  111.046319      39.914523      -1.6089259905814171       0.4736177449334958          0
  114.319179      40.066006      -1.3966115448937066       0.3744550179617608          0
  117.599897      40.206533      -1.3910916556287982       0.4539488445439713          0
  120.887952      40.335615      -1.3790826220364854       0.5325262561031811          0
  124.182781      40.452805      -1.3606361318251232       0.5958787976053193          0
  127.483775      40.557689      -1.3380949391212562       0.6390738873984844          0
  130.790288      40.649899      -1.3152130752713647       0.6440839105794917          0
  134.101637      40.729106      -1.2974889438727193       0.5887138572637773          0
  137.417106      40.795030      -0.0000000000000000       0.0000000000000000          0
  35.653051      32.044914      -0.0000000000000000       0.0000000000000000          0
  38.706040      32.264229      -2.1378265873917677       0.5623222067625442        503
  41.765993      32.488552      -2.3092252048556308       0.6095967783721903        503
  44.833206      32.717252      -2.4744217657374392       0.6623621207311894        503
  47.907965      32.949686      -2.6329087045187594       0.7206187523842895        503
  50.990543      33.185192      -0.0000000000000000       0.0000000000000000        505
  54.081200      33.423095      -0.0000000000000000       0.0000000000000000        505
  57.180181      33.662709      -0.0000000000000000       0.0000000000000000        505
  60.287713      33.903338      -0.0000000000000000       0.0000000000000000        505
  63.404002      34.144274      -0.0000000000000000       0.0000000000000000        506
  66.529230      34.384805      -0.0000000000000000       0.0000000000000000        506
  69.663558      34.624214      -0.0000000000000000       0.0000000000000000      50601
  72.807115      34.861780      -3.4467683069817228       1.0787131777697412        501
  75.960005      35.096782      -3.5775788603781411       1.1744091943883208        501
  79.122297      35.328499      -3.6979000442699208       1.2759232869286063        501
  82.294027      35.556215      -3.8072678260004027       1.3830183332315440        501
  85.475194      35.779219      -3.9052445476222108       1.4954201232739002        501
  88.665759      35.996809      -3.9914215629138781       1.6128171515200123        501
  91.865644      36.208294      -4.0654219285958693       1.7348607704552952        501
  95.074727      36.412996      -4.1269031253843558       1.8611657292689443        501
  98.292846      36.610252      -4.1755597803320015       1.9913111178299903        501
  101.519792      36.799419      -4.3635935186854118       2.3678780798608732        607
  104.755313      36.979874      -2.7414288273745839       1.0579995105954807          0
  107.999113      37.151019      -1.9748094273579668       0.5669483582423383          0
  111.250847      37.312281      -1.4975440891772105       0.2629412648882884          0
  114.510130      37.463116      -1.3756290122672190       0.2348346354160424          0
  117.776532      37.603014      -1.3761557017000039       0.3198451897821628          0
  121.049578      37.731496      -1.3691482517499747       0.3962511712112246          0
  124.328756      37.848119      -1.3561050897566200       0.4469374639052272          0
  127.613515      37.952481      -1.3405414245501754       0.4709729122145754          0
  130.903268      38.044219      -1.3272688985764671       0.4499171017626895          0
  134.197395      38.123013      -1.3296445561949735       0.3057322161641239          0
  137.495249      38.188585      -0.0000000000000000       0.0000000000000000          0
  35.902965      29.446631      -0.0000000000000000       0.0000000000000000          0
  38.962645      29.666385      -2.1524410065644033       0.7577582021453901        503
  42.028617      29.891103      -2.3236356306617529       0.8010493939193131        503
  45.101151      30.120152      -2.4885229209292503       0.8494938948905101        503
  48.180509      30.352883      -2.6465976216570839       0.9031006748191885        503
  51.266942      30.588629      -2.7973658993714934       0.9618586755818535        503
  54.360688      30.826715      -0.0000000000000000       0.0000000000000000        505
  57.461971      31.066450      -0.0000000000000000       0.0000000000000000        505
  60.570999      31.307135      -0.0000000000000000       0.0000000000000000        505
  63.687961      31.548064      -0.0000000000000000       0.0000000000000000      50601
  66.813023      31.788523      -0.0000000000000000       0.0000000000000000      50601
  69.946333      32.027795      -0.0000000000000000       0.0000000000000000          0
  73.088009      32.265161      -3.4588518080937045       1.2572390437398084        501
  76.238146      32.499901      -3.5886043158939742       1.3461955922852962        501
  79.396806      32.731296      -3.7078185156292802       1.4406613523007441        501
  82.564022      32.958636      -3.8160435352427151       1.5404154336007418        501
  85.739793      33.181212      -3.9128556398462253       1.6452012945385688        501
  88.924083      33.398328      -3.9978607118365370       1.7547265925530329        501
  92.116821      33.609298      -4.0706967674897374       1.8686633854839940        501
  95.317895      33.813449      -4.1310364871365532       1.9866487043370895        501
  98.527157      34.010127      -4.3991023266206231       2.2749807218271432        607
  101.744417      34.198695      -2.4658518862843657       0.7925997961886193          0
  104.969445      34.378537      -1.9414220978716710       0.4276052251139155          0
  108.201970      34.549064      -1.4656778808336011       0.0704309515685591          0
  111.441680      34.709710      -1.3453613321038316       0.0114811555906651          0
  114.688225      34.859940      -1.3594952553163067       0.0966345702938663          0
  117.941213      34.999250      -1.3657476843591889       0.1911518941181034          0
  121.200214      35.127170      -1.3637446107041060       0.2691676957154090          0
  124.464764      35.243266      -1.3554262732759206       0.3139105297760657          0
  127.734362      35.347141      -1.3448677639060342       0.3355898924612577          0
  131.008477      35.438439      -1.3365780528580693       0.3204249321987375          0
  134.286548      35.516846      -0.0000000000000000       0.0000000000000000          0
  137.567989      35.582091      -0.0000000000000000       0.0000000000000000          0
  36.140394      26.847904      -1.2011920285805322       0.2349612030429475        715
  39.206320      27.068071      -0.0000000000000000       0.0000000000000000          0
  42.277890      27.293161      -2.3372683825914566       0.9898368690263592        503
  45.355353      27.522536      -2.5018505895601333       1.0337593057516272        503
  48.438949      27.755543      -2.6595228474274819       1.0825068448767565        503
  51.528907      27.991514      -2.8097949047326694       1.1360787483323307        503
  54.625447      28.229766      -2.9521904804220607       1.1944533185005415        503
  57.728773      28.469610      -0.0000000000000000       0.0000000000000000        505
  60.839079      28.710345      -0.0000000000000000       0.0000000000000000        505
  63.956536      28.951261      -0.0000000000000000       0.0000000000000000      50601
  67.081301      29.191647      -0.0000000000000000       0.0000000000000000          0
  70.213506      29.430784      -0.0000000000000000       0.0000000000000000          0
  73.353265      29.667955      -0.0000000000000000       0.0000000000000000          0
  76.500662      29.902442      -3.5989328814573591       1.5134598323110180        501
  79.655759      30.133530      -3.7170969375789848       1.6006366866038648        501
  82.818584      30.360509      -3.8242400577811164       1.6928108562139310        501
  85.989140      30.582678      -3.9199516739405205       1.7897446592557797        501
  89.167395      30.799342      -4.0038513505032993       1.8911660286018033        501
  92.353285      31.009823      -4.0755911358671568       1.9967687449368665        501
  95.546709      31.213453      -0.0000000000000000       0.0000000000000000          0
  98.747534      31.409584      -0.0000000000000000       0.0000000000000000          0
  101.955589      31.597586      -1.8369729952946958       0.3102848758343315          0
  105.170664      31.776850      -1.3076383050340665      -0.0793691379111367          0
  108.392516      31.946793      -1.3267218754960153      -0.0430215151540251          0
  111.620862      32.106859      -1.3405510384154025      -0.0012399577158837          0
  114.855385      32.256519      -1.3516419547768910       0.0418440078018555          0
  118.095729      32.395277      -1.3604174497741004       0.0842884632462471          0
  121.341508      32.522670      -1.3628607060532156       0.1543895801079099          0
  124.592299      32.638270      -1.3581809119823502       0.2023590107845944          0
  127.847652      32.741688      -1.3502162932688773       0.2332897619162533          0
  131.107084      32.832574      -1.3430177905375729       0.2505603003950200          0
  134.370090      32.910619      -0.0000000000000000       0.0000000000000000          0
  137.636140      32.975556      -0.0000000000000000       0.0000000000000000          0
  36.367157      24.248799      -1.2028391519165464       0.2633400726390988        715
  39.438948      24.469356      -0.0000000000000000       0.0000000000000000          0
  42.515758      24.694797      -0.0000000000000000       0.0000000000000000          0
  45.597814      24.924480      -2.5145167512216453       1.2148477342900161        503
  48.685337      25.157746      -2.6717949208482059       1.2585446839443108        503
  51.778537      25.393925      -2.8215840080921586       1.3067327694544082        503
  54.877617      25.632332      -2.9634124498160421       1.3594024674325456        503
  57.982766      25.872275      -0.0000000000000000       0.0000000000000000      50602
  61.094161      26.113051      -0.0000000000000000       0.0000000000000000      50602
  64.211963      26.353951      -0.0000000000000000       0.0000000000000000      50602
  67.336316      26.594261      -0.0000000000000000       0.0000000000000000          0
  70.467346      26.833266      -0.0000000000000000       0.0000000000000000          0
  73.605156      27.070247      -0.0000000000000000       0.0000000000000000          0
  76.749829      27.304490      -3.6086663008428057       1.6759853546754018        501
  79.901421      27.535281      -3.7258289671589750       1.7556534510271238        501
  83.059964      27.761915      -3.8319423671445998       1.8400291520557555        501
  86.225460      27.983693      -3.9266084451248751       1.9288946857745608        501
  89.397886      28.199927      -4.0094597169543125       2.0219992396183657        501
  92.577184      28.409940      -0.0000000000000000       0.0000000000000000          0
  95.763268      28.613074      -0.0000000000000000       0.0000000000000000          0
  98.956017      28.808685      -1.1891903727321846      -0.2382446296059575        603
  102.155278      28.996148      -1.3799992307559590      -0.0574901730395816          0
  105.360866      29.174864      -1.3078652813734459      -0.0834520731947465          0
  108.572559      29.344254      -1.3282222389587988      -0.0359762249052766          0
  111.790106      29.503771      -1.3404379367319708       0.0080059699226648          0
  115.013218      29.652891      -1.3494980182494820       0.0505381424324833          0
  118.241578      29.791127      -1.3563810665327760       0.0919213792626244          0
  121.474836      29.918021      -1.3608209113647451       0.1305173723367518          0
  124.712613      30.033153      -1.3590403136168725       0.1688758274535071          0
  127.954500      30.136139      -1.3528826375294205       0.2074263126817853          0
  131.200065      30.226636      -0.0000000000000000       0.0000000000000000          0
  134.448852      30.304338      -6.4246337792417760       3.5179343342495906        678
  137.700381      30.368986      -0.0000000000000000       0.0000000000000000          0
  36.584832      21.649371      -1.2044025390845854       0.2907187779944146        715
  39.662160      21.870299      -1.2246344132939591       0.3128788770877377        715
  42.743900      22.096074      -0.0000000000000000       0.0000000000000000          0
  45.830260      22.326047      -0.0000000000000000       0.0000000000000000          0
  48.921442      22.559558      -2.6835084989617957       1.4309156234343894        503
  52.017641      22.795932      -2.8328257781511486       1.4735399645724143        503
  55.119042      23.034484      -2.9741024770588238       1.5203201229764471        503
  58.225822      23.274517      -0.0000000000000000       0.0000000000000000      50602
  61.338145      23.515328      -0.0000000000000000       0.0000000000000000      50602
  64.456161      23.756208      -0.0000000000000000       0.0000000000000000      50602
  67.580005      23.996442      -0.0000000000000000       0.0000000000000000          0
  70.709795      24.235315      -0.0000000000000000       0.0000000000000000          0
  73.845630      24.472111      -0.0000000000000000       0.0000000000000000          0
  76.987589      24.706116      -0.0000000000000000       0.0000000000000000          0
  80.135727      24.936621      -3.7340935283629726       1.9055036261524863        501
  83.290078      25.162921      -3.8392218948435421       1.9818823086014274        501
  86.450649      25.384323      -3.9328894982950975       2.0624830573919746        501
  89.617421      25.600143      -0.0000000000000000       0.0000000000000000          0
  92.790348      25.809709      -0.0000000000000000       0.0000000000000000          0
  95.969354      26.012368      -0.0000000000000000       0.0000000000000000          0
  99.154336      26.207480      -1.1914111906389451      -0.2087875517701881        603
  102.345157      26.394430      -1.2705851610195611      -0.1480029126199621          0
  105.541654      26.572622      -1.3153673759518889      -0.0784169014846730          0
  108.743630      26.741486      -1.3336135721232973      -0.0272247634945186          0
  111.950859      26.900478      -1.3432579036300660       0.0180237793957506          0
  115.163086      27.049085      -1.3502079355532417       0.0597274553716534          0
  118.380025      27.186824      -1.3556128268850500       0.0992639071589755          0
  121.601362      27.313244      -1.3597809190825814       0.1350853467113125          0
  124.826759      27.427931      -1.3591727403515361       0.1703896117583962          0
  128.055848      27.530508      -1.3542406419870003       0.2059783401802597          0
  131.288242      27.620635      -0.0000000000000000       0.0000000000000000          0
  134.523531      27.698014      -0.0000000000000000       0.0000000000000000          0
  137.761284      27.762387      -0.0000000000000000       0.0000000000000000          0
  36.794800      19.049669      -1.2058941043486735       0.3170652343487864        715
  39.877383      19.270953      -1.2259178683477923       0.3365812839234438        715
  42.963786      19.497045      -0.0000000000000000       0.0000000000000000          0
  46.054200      19.727295      -0.0000000000000000       0.0000000000000000          0
  49.148810      19.961038      -2.6947455174688923       1.5993177027482055        503
  52.247795      20.197597      -0.0000000000000000       0.0000000000000000          0
  55.351328      20.436283      -0.0000000000000000       0.0000000000000000          0
  58.459573      20.676399      -0.0000000000000000       0.0000000000000000          0
  61.572682      20.917240      -0.0000000000000000       0.0000000000000000          0
  64.690797      21.158096      -0.0000000000000000       0.0000000000000000          0
  67.814045      21.398253      -0.0000000000000000       0.0000000000000000          0
  70.942538      21.636996      -0.0000000000000000       0.0000000000000000          0
  74.076372      21.873610      -0.0000000000000000       0.0000000000000000          0
  77.215623      22.107383      -0.0000000000000000       0.0000000000000000          0
  80.360348      22.337609      -3.7419578384468624       2.0499712400929049        501
  83.510582      22.563587      -3.8461393268192272       2.1181741201346749        501
  86.666339      22.784625      -3.9388486725038270       2.1903331578308967        501
  89.827607      23.000045      -0.0000000000000000       0.0000000000000000          0
  92.994349      23.209181      -0.0000000000000000       0.0000000000000000          0
  96.166503      23.411382      -0.0000000000000000       0.0000000000000000          0
  99.343979      23.606016      -1.1935215016320841      -0.1793022483022437        603
  102.526661      23.792473      -1.2751868702835998      -0.1048465188835643      60401
  105.714405      23.970162      -1.3300877383468004      -0.0698891286651836          0
  108.907039      24.138521      -1.3439205315945930      -0.0154230735020417          0
  112.104363      24.297013      -1.3486233413645616       0.0300955729599261          0
  115.306151      24.445128      -1.3529176334319633       0.0704969592981502          0
  118.512149      24.582391      -1.3572917889075633       0.1072139679991542          0
  121.722079      24.708359      -1.3620033787825871       0.1393857736837338          0
  124.935638      24.822621      -0.0000000000000000       0.0000000000000000          0
  128.152500      24.924807      -0.0000000000000000       0.0000000000000000          0
  131.372317      25.014581      -0.0000000000000000       0.0000000000000000          0
  134.594724      25.091651      -0.0000000000000000       0.0000000000000000          0
  137.819336      25.155762      -0.0000000000000000       0.0000000000000000          0
  36.998286      16.449738      -1.2073241677569166       0.3423452889944979        715
  40.085880      16.671363      -1.2271447198002565       0.3591589823177664        715
  43.176716      16.897760      -1.2842982035774713       1.0869433044470620        710
  46.270967      17.128274      -0.0000000000000000       0.0000000000000000          0
  49.368803      17.362238      -0.0000000000000000       0.0000000000000000          0
  52.470391      17.598971      -0.0000000000000000       0.0000000000000000          0
  55.575889      17.837784      -0.0000000000000000       0.0000000000000000          0
  58.685452      18.077976      -0.0000000000000000       0.0000000000000000          0
  61.799222      18.318842      -0.0000000000000000       0.0000000000000000          0
  64.917333      18.559672      -0.0000000000000000       0.0000000000000000          0
  68.039906      18.799750      -0.0000000000000000       0.0000000000000000          0
  71.167049      19.038364      -0.0000000000000000       0.0000000000000000          0
  74.298855      19.274799      -0.0000000000000000       0.0000000000000000          0
  77.435400      19.508346      -0.0000000000000000       0.0000000000000000          0
  80.576742      19.738299      -0.0000000000000000       0.0000000000000000          0
  83.722922      19.963962      -3.8527467628154426       2.2487036911575551        501
  86.873956      20.184648      -3.9445320600343488       2.3122636512919663        502
  90.029843      20.399681      -0.0000000000000000       0.0000000000000000          0
  93.190555      20.608399      -0.0000000000000000       0.0000000000000000          0
  96.356045      20.810158      -0.0000000000000000       0.0000000000000000          0
  99.526237      21.004330      -1.1955373153247733      -0.1498260268669672        603
  102.701034      21.190311      -1.2784584842699327      -0.0519977001857102        604
  105.880312      21.367517      -1.3360024620192448      -0.0290590546014623      60405
  109.063922      21.535390      -1.3584828147527199       0.0032637002938785          0
  112.251691      21.693399      -1.3540298249095686       0.0464261024188470          0
  115.443420      21.841042      -1.3555966787543896       0.0840902105963736          0
  118.638887      21.977849      -1.3617576643754565       0.1146716544320308        612
  121.837846      22.103381      -0.0000000000000000       0.0000000000000000          0
  125.040029      22.217235      -0.0000000000000000       0.0000000000000000          0
  128.245148      22.319046      -0.0000000000000000       0.0000000000000000          0
  131.452895      22.408482      -0.0000000000000000       0.0000000000000000          0
  134.662945      22.485255      -0.0000000000000000       0.0000000000000000          0
  137.874957      22.549115      -6.4327544468539974       3.9619350102768438        678
  37.196387      13.849615      -1.2087017617229816       0.3665233584784403        715
  40.288784      14.071570      -1.2283230536772132       0.3805830643373909        715
  43.383853      14.298260      -0.0000000000000000       0.0000000000000000          0
  46.481753      14.529028      -1.7137788055765708       1.4447472805969419        710
  49.582640      14.763204      -0.0000000000000000       0.0000000000000000          0
  52.686668      15.000104      -0.0000000000000000       0.0000000000000000          0
  55.793986      15.239036      -0.0000000000000000       0.0000000000000000          0
  58.904736      15.479299      -0.0000000000000000       0.0000000000000000          0
  62.019055      15.720186      -0.0000000000000000       0.0000000000000000          0
  65.137068      15.960985      -0.0000000000000000       0.0000000000000000          0
  68.258894      16.200984      -0.0000000000000000       0.0000000000000000          0
  71.384636      16.439469      -0.0000000000000000       0.0000000000000000          0
  74.514385      16.675727      -0.0000000000000000       0.0000000000000000          0
  77.648220      16.909051      -0.0000000000000000       0.0000000000000000          0
  80.786200      17.138738      -0.0000000000000000       0.0000000000000000          0
  83.928370      17.364094      -3.8590894051427869       2.3732682737881960        501
  87.074755      17.584436      -3.9499795339836221       2.4280913687698398        502
  90.225360      17.799091      -0.0000000000000000       0.0000000000000000          0
  93.380171      18.007404      -0.0000000000000000       0.0000000000000000          0
  96.539152      18.208733      -0.0000000000000000       0.0000000000000000          0
  99.702245      18.402457      -0.0000000000000000       0.0000000000000000          0
  102.869369      18.587977      -1.2816055720117108       0.0005928797633163        604
  106.040421      18.764714      -1.3387930488107476       0.0204446195593530        604
  109.215276      18.932116      -1.3919418395662344       0.0419016306397354      60405
  112.393784      19.089659      -0.0000000000000000       0.0000000000000000          0
  115.575775      19.236846      -0.0000000000000000       0.0000000000000000          0
  118.761055      19.373212      -0.0000000000000000       0.0000000000000000          0
  121.949412      19.498324      -0.0000000000000000       0.0000000000000000          0
  125.140610      19.611786      -0.0000000000000000       0.0000000000000000          0
  128.334397      19.713234      -0.0000000000000000       0.0000000000000000          0
  131.530504      19.802344      -0.0000000000000000       0.0000000000000000          0
  134.728643      19.878832      -0.0000000000000000       0.0000000000000000          0
  137.928515      19.942450      -0.0000000000000000       0.0000000000000000          0
  37.390102      11.249337      -1.2100348766584479       0.3895629448964476        715
  40.487121      11.471611      -0.0000000000000000       0.0000000000000000          0
  43.586251      11.698585      -1.2232866138839036       0.9623806939668338        709
  46.687636      11.929599      -1.2042445001158668       0.9764664618723522        709
  49.791421      12.163978      -1.1816560124239932       0.9908424146439514        709
  52.897747      12.401037      -1.1555780370688307       1.0054610110341689        709
  56.006754      12.640082      -0.0000000000000000       0.0000000000000000          0
  59.118576      12.880411      -0.0000000000000000       0.0000000000000000          0
  62.233341      13.121314      -0.0000000000000000       0.0000000000000000          0
  65.351172      13.362082      -0.0000000000000000       0.0000000000000000          0
  68.472181      13.602000      -0.0000000000000000       0.0000000000000000          0
  71.596471      13.840356      -0.0000000000000000       0.0000000000000000          0
  74.724133      14.076439      -0.0000000000000000       0.0000000000000000          0
  77.855245      14.309542      -0.0000000000000000       0.0000000000000000          0
  80.989873      14.538967      -0.0000000000000000       0.0000000000000000          0
  84.128066      14.764021      -0.0000000000000000       0.0000000000000000          0
  87.269855      14.984026      -0.0000000000000000       0.0000000000000000          0
  90.415257      15.198313      -0.0000000000000000       0.0000000000000000          0
  93.564268      15.406229      -0.0000000000000000       0.0000000000000000          0
  96.716866      15.607139      -1.1631338302885852      -0.1064764648565710      60302
  99.873009      15.800427      -1.1993392651868775      -0.0910692701539033        603
  103.032635      15.985498      -1.2846473303797803       0.0528326339447281        604
  106.195660      16.161779      -1.3414887658651671       0.0695575747308279        604
  109.361981      16.328724      -1.3942956816773291       0.0877441195788913        604
  112.531473      16.485814      -1.3468406123216945       0.0845420102894797        612
  115.703994      16.632558      -0.0000000000000000       0.0000000000000000          0
  118.879377      16.768496      -0.0000000000000000       0.0000000000000000          0
  122.057440      16.893202      -0.0000000000000000       0.0000000000000000          0
  125.237982      17.006282      -0.0000000000000000       0.0000000000000000          0
  128.420783      17.107379      -0.0000000000000000       0.0000000000000000          0
  131.605610      17.196174      -0.0000000000000000       0.0000000000000000          0
  134.792213      17.272385      -0.0000000000000000       0.0000000000000000          0
  137.980332      17.335769      -0.0000000000000000       0.0000000000000000          0
  37.580348       8.648935      -1.2113306602962592       0.4114270543653256        715
  40.681835       8.871520      -1.2378710785570146       0.9453561931403416        709
  43.784878       9.098771      -1.2221739262024811       0.9563299876082054        709
  46.889607       9.330022      -1.2028814189841830       0.9676792718443804        709
  49.996155       9.564598      -1.1800433470504663       0.9793700234925371        709
  53.104654       9.801811      -0.0000000000000000       0.0000000000000000          0
  56.215234      10.040964      -0.0000000000000000       0.0000000000000000          0
  59.328022      10.281353      -0.0000000000000000       0.0000000000000000          0
  62.443141      10.522270      -0.0000000000000000       0.0000000000000000          0
  65.560708      10.763002      -0.0000000000000000       0.0000000000000000          0
  68.680834      11.002838      -0.0000000000000000       0.0000000000000000          0
  71.803620      11.241065      -0.0000000000000000       0.0000000000000000          0
  74.929159      11.476973      -0.0000000000000000       0.0000000000000000          0
  78.057531      11.709858      -0.0000000000000000       0.0000000000000000          0
  81.188805      11.939024      -0.0000000000000000       0.0000000000000000          0
  84.323038      12.163782      -0.0000000000000000       0.0000000000000000          0
  87.460269      12.383454      -0.0000000000000000       0.0000000000000000          0
  90.600525      12.597379      -0.0000000000000000       0.0000000000000000          0
  93.743813      12.804906      -0.0000000000000000       0.0000000000000000          0
  96.890126      13.005406      -1.1652139462388849      -0.0744211956709808      60302
  100.039438      13.198267      -1.2011483614132461      -0.0618807052890478      60302
  103.191704      13.382899      -1.2876008595918567       0.1046267153863218      60402
  106.346861      13.558735      -1.3441049073971121       0.1181917362225471        604
  109.504829      13.725234      -1.3965788531648635       0.1330753035932955        604
  112.665506      13.881882      -1.3473329960721103       0.0963946332953664        612
  115.828775      14.028193      -0.0000000000000000       0.0000000000000000          0
  118.994498      14.163715      -0.0000000000000000       0.0000000000000000          0
  122.162523      14.288024      -0.0000000000000000       0.0000000000000000          0
  125.332680      14.400733      -0.0000000000000000       0.0000000000000000          0
  128.504782      14.501489      -0.0000000000000000       0.0000000000000000          0
  131.678629      14.589977      -0.0000000000000000       0.0000000000000000          0
  134.854009      14.665919      -6.2176539908769453       1.3745370236154244      61502
  138.030697      14.729076      -7.1829593176154063       1.4485701772187758      61501
  37.767983       6.048441      -0.0000000000000000       0.0000000000000000          0
  40.873809       6.271331      -1.2370048729008911       0.9397548014116215        709
  43.980637       6.498851      -1.2210629332262029       0.9479231386265696        709
  47.088587       6.730334      -1.2015239062968068       0.9565121800286813        709
  50.197781       6.965101      -1.1784404420487500       0.9654956370013738        709
  53.308341       7.202461      -0.0000000000000000       0.0000000000000000          0
  56.420390       7.441717      -0.0000000000000000       0.0000000000000000          0
  59.534047       7.682163      -0.0000000000000000       0.0000000000000000          0
  62.649432       7.923089      -0.0000000000000000       0.0000000000000000          0
  65.766659       8.163785      -0.0000000000000000       0.0000000000000000          0
  68.885836       8.403536      -0.0000000000000000       0.0000000000000000          0
  72.007064       8.641633      -0.0000000000000000       0.0000000000000000          0
  75.130439       8.877367      -0.0000000000000000       0.0000000000000000          0
  78.256044       9.110035      -0.0000000000000000       0.0000000000000000          0
  81.383954       9.338944      -0.0000000000000000       0.0000000000000000          0
  84.514230       9.563408      -0.0000000000000000       0.0000000000000000          0
  87.646923       9.782753      -0.0000000000000000       0.0000000000000000          0
  90.782068       9.996320      -0.0000000000000000       0.0000000000000000          0
  93.919687      10.203465      -0.0000000000000000       0.0000000000000000          0
  97.059786      10.403561      -1.1672405272485427      -0.0425346664487023      60302
  100.202356      10.596002      -1.2655906995634265       0.0589960801555486        647
  103.347369      10.780202      -1.2904815806062047       0.1558785587177564      60402
  106.494783      10.955601      -1.3466552454204921       0.1662573554150547      60402
  109.644538      11.121663      -1.3988034711768442       0.1778123961517773        604
  112.796559      11.277877      -1.3478073053467641       0.1077570280479163        613
  115.950751      11.423766      -1.3570906253070234       0.1219178893727344        613
  119.107006      11.558880      -0.0000000000000000       0.0000000000000000          0
  122.265199      11.682801      -0.7445044984179169       0.7800271675640875        677
  125.425190      11.795147      -0.0000000000000000       0.0000000000000000          0
  128.586826      11.895570      -0.0000000000000000       0.0000000000000000          0
  131.749938      11.983758      -0.0000000000000000       0.0000000000000000          0
  134.914350      12.059437      -7.3007625335298947       1.5584712142602477        684
  138.079871      12.122372      -7.2781091373816409       1.6429341878396240        801
  37.953821       3.447883      -0.0000000000000000       0.0000000000000000          0
  41.063876       3.671072      -1.2361335894098462       0.9318412963935018        709
  44.174382       3.898856      -1.2199493401654400       0.9371850119555100        709
  47.285447       4.130566      -0.0000000000000000       0.0000000000000000          0
  50.397183       4.365519      -0.0000000000000000       0.0000000000000000          0
  53.509704       4.603022      -0.0000000000000000       0.0000000000000000          0
  56.623126       4.842376      -0.0000000000000000       0.0000000000000000          0
  59.737565       5.082875      -0.0000000000000000       0.0000000000000000          0
  62.853133       5.323809      -0.0000000000000000       0.0000000000000000          0
  65.969944       5.564464      -0.0000000000000000       0.0000000000000000          0
  69.088106       5.804130      -0.0000000000000000       0.0000000000000000          0
  72.207721       6.042095      -0.0000000000000000       0.0000000000000000          0
  75.328885       6.277654      -0.0000000000000000       0.0000000000000000          0
  78.451687       6.510106      -0.0000000000000000       0.0000000000000000          0
  81.576209       6.738759      -0.0000000000000000       0.0000000000000000          0
  84.702518       6.962931      -0.0000000000000000       0.0000000000000000          0
  87.830676       7.181951      -0.0000000000000000       0.0000000000000000          0
  90.960728       7.395165      -0.0000000000000000       0.0000000000000000          0
  94.092709       7.601931      -1.2050598905532985       0.0686818996534061      67352
  97.226639       7.801628      -1.1692235896695520      -0.0108747342419634      60302
  100.362527       7.993654      -1.2669868315686184       0.0830793261887365        647
  103.500362       8.177430      -1.2923277063344805       0.0914003829017503      64701
  106.640123       8.352398      -1.3491523420425802       0.2136634702158938      60402
  109.781772       8.518028      -1.3351168505637636       0.1083147844582588        613
  112.925256       8.673817      -1.3482662259832214       0.1186142371063904        613
  116.070506       8.819290      -1.3573622020713685       0.1294357663948606        613
  119.217440       8.954002      -1.0825773331944988       0.4691691731627219        738
  122.365961       9.077542      -0.0000000000000000       0.0000000000000000          0
  125.515959       9.189532      -7.2368108503841029       1.3716693923314243        684
  128.667312       9.289628      -7.2800987741832648       1.4339951473457049        684
  131.819883       9.377521      -7.3013727298461051       1.4981013956095439        801
  134.973528       9.452943      -7.3005432850494936       1.5635428191739011        801
  138.128092       9.515659      -7.2775920451807359       1.6298581877603975        801
  38.138645       0.847290      -0.0000000000000000       0.0000000000000000          0
  41.252839       1.070773      -1.2352538840182883       0.9216367654518322        709
  44.366931       1.298817      -0.0000000000000000       0.0000000000000000          0
  47.481019       1.530749      -0.0000000000000000       0.0000000000000000          0
  50.595207       1.765884      -0.0000000000000000       0.0000000000000000          0
  53.709601       2.003527      -0.0000000000000000       0.0000000000000000          0
  56.824309       2.242976      -0.0000000000000000       0.0000000000000000          0
  59.939445       2.483525      -0.0000000000000000       0.0000000000000000          0
  63.055118       2.724462      -0.0000000000000000       0.0000000000000000          0
  66.171440       2.965075      -0.0000000000000000       0.0000000000000000          0
  69.288518       3.204652      -0.0000000000000000       0.0000000000000000          0
  72.406457       3.442485      -0.0000000000000000       0.0000000000000000          0
  75.525358       3.677868      -0.0000000000000000       0.0000000000000000          0
  78.645314       3.910103      -0.0000000000000000       0.0000000000000000          0
  81.766411       4.138500      -0.0000000000000000       0.0000000000000000          0
  84.888729       4.362380      -0.0000000000000000       0.0000000000000000          0
  88.012337       4.581077      -0.0000000000000000       0.0000000000000000          0
  91.137292       4.793939      -0.0000000000000000       0.0000000000000000          0
  94.263644       5.000329      -0.0000000000000000       0.0000000000000000          0
  97.391427       5.199630      -1.2394894913260834       0.1021546196508715      67352
  100.520666       5.391246      -1.2683555409257681       0.1066695627475855        647
  103.651370       5.574600      -1.2934500604546488       0.1118490607204742      64701
  106.783537       5.749142      -1.3146927606695269       0.1176601081996007      64701
  109.917150       5.914346      -1.3357662574208622       0.1219623645535753      61404
  113.052179       6.069714      -0.0000000000000000       0.0000000000000000          0
  116.188582       6.214776      -0.0000000000000000       0.0000000000000000          0
  119.326301       6.349092      -0.0000000000000000       0.0000000000000000          0
  122.465268       6.472257      -0.0000000000000000       0.0000000000000000          0
  125.605402       6.583895      -7.2383420140745764       1.4270652278476443        801
  128.746608       6.683668      -7.2809044349633822       1.4714011939493690        801
  131.888784       6.771271      -7.3015910193249454       1.5174053761331463        801
  135.031816       6.846438      -7.3003197219042875       1.5646891345000016        801
  138.175583       6.908940      -7.2770777471493453       1.6128484483229093        801
  38.323221      -1.753313      -1.2162624170392398       0.4863885315596797        713
  41.441481      -1.529537      -1.2343622692101002       0.9091647612361291        709
  44.559083      -1.301236      -0.0000000000000000       0.0000000000000000          0
  47.676118      -1.069085      -0.0000000000000000       0.0000000000000000          0
  50.792677      -0.833771      -0.0000000000000000       0.0000000000000000          0
  53.908863      -0.595992      -0.0000000000000000       0.0000000000000000          0
  57.024779      -0.356451      -0.0000000000000000       0.0000000000000000          0
  60.140532      -0.115856      -0.0000000000000000       0.0000000000000000          0
  63.256232       0.125081      -0.0000000000000000       0.0000000000000000          0
  66.371990       0.365649      -0.0000000000000000       0.0000000000000000          0
  69.487913       0.605136      -0.0000000000000000       0.0000000000000000          0
  72.604111       0.842833      -0.0000000000000000       0.0000000000000000          0
  75.720688       1.078038      -0.0000000000000000       0.0000000000000000          0
  78.837742       1.310055      -0.0000000000000000       0.0000000000000000          0
  81.955368       1.538195      -0.0000000000000000       0.0000000000000000          0
  85.073655       1.761784      -0.0000000000000000       0.0000000000000000          0
  88.192680       1.980158      -0.0000000000000000       0.0000000000000000          0
  91.312517       2.192668      -0.0000000000000000       0.0000000000000000          0
  94.433226       2.398683      -0.0000000000000000       0.0000000000000000          0
  97.554858       2.597590      -0.0000000000000000       0.0000000000000000          0
  100.677454       2.788797      -1.2697030196221355       0.1297225287962307      67301
  103.801043       2.971733      -1.2945536328757974       0.1317578078881445      64701
  106.925643       3.145851      -1.3155638272747001       0.1343626896645067      64701
  110.051258       3.310632      -1.3326673974163246       0.1375064839760442        735
  113.177881       3.465582      -0.0000000000000000       0.0000000000000000          0
  116.305494       3.610236      -0.0000000000000000       0.0000000000000000          0
  119.434067       3.744160      -0.0000000000000000       0.0000000000000000          0
  122.563556       3.866952      -2.5839728124483150       0.4012723287536543        669
  125.693909       3.978242      -7.2398398131486816       1.4784819515084719        801
  128.825063       4.077695      -7.2816878226158739       1.5048465216493581        801
  131.956944       4.165011      -7.3017965726376337       1.5327704522068051        801
  135.089470       4.239927      -7.3000911567892999       1.5619211608201182        801
  138.222553       4.302216      -7.2765641747823455       1.5919511723420434        801
>