>anchorPlateId 301
>reconstructionTime 80
>DeformingMeshPoints.gpml lat_lon_velocity_domain_28_32.gpml
>MeshNode <identity>GPlates-b7a3af0e-8119-4abb-9ae6-39bb7e5702ce</identity> <revision>GPlates-7b04c5e6-7801-49f1-bcc4-23d6f4e5417f</revision>
> reconstructionPlateId 0
> validTime TimePeriod <begin> TimeInstant <timePosition>http://gplates.org/times/distantPast</timePosition></begin> <end> TimeInstant <timePosition>http://gplates.org/times/distantFuture</timePosition></end>
  31.416869      71.627873      -0.0000000000000000       0.0000000000000000        302
  34.289693      71.773180      -0.0000000000000000       0.0000000000000000        302
  37.182973      71.922423      -0.0000000000000000       0.0000000000000000        302
  40.097776      72.075249      -0.0000000000000000       0.0000000000000000        302
  43.035179      72.231289      -0.0000000000000000       0.0000000000000000        302
  45.996259      72.390156      -0.0000000000000000       0.0000000000000000        302
  48.982093      72.551447      -0.0000000000000000       0.0000000000000000        302
  51.993753      72.714744      -0.0000000000000000       0.0000000000000000        373
  55.032296      72.879610      -0.0000000000000000       0.0000000000000000        373
  58.098760      73.045594      -0.0000000000000000       0.0000000000000000        372
  61.194153      73.212228      -0.0000000000000000       0.0000000000000000        372
  64.319445      73.379031      -0.0000000000000000       0.0000000000000000        372
  67.475559      73.545506      -0.0000000000000000       0.0000000000000000        372
  70.663354      73.711141      -0.0000000000000000       0.0000000000000000        372
  73.883617      73.875413      -0.0000000000000000       0.0000000000000000        401
  77.137046      74.037787      -0.0000000000000000       0.0000000000000000        404
  80.424232      74.197716      -0.0000000000000000       0.0000000000000000        404
  83.745649      74.354647      -0.0000000000000000       0.0000000000000000        404
  87.101630      74.508018      -0.0000000000000000       0.0000000000000000        404
  90.492351      74.657263      -0.0000000000000000       0.0000000000000000        404
  93.917815      74.801815      -0.0000000000000000       0.0000000000000000        401
  97.377832      74.941108      -0.0000000000000000       0.0000000000000000        401
  100.871999      75.074578      -0.0000000000000000       0.0000000000000000        401
  104.399688      75.201670      -0.0000000000000000       0.0000000000000000        401
  107.960029      75.321841      -0.0000000000000000       0.0000000000000000        401
  111.551900      75.434561      -0.0000000000000000       0.0000000000000000        401
  115.173913      75.539323      -0.0000000000000000       0.0000000000000000        401
  118.824415      75.635641      -0.0000000000000000       0.0000000000000000          0
  122.501484      75.723059      -0.0000000000000000       0.0000000000000000          0
  126.202934      75.801154      -0.0000000000000000       0.0000000000000000          0
  129.926324      75.869542      -0.0000000000000000       0.0000000000000000          0
  133.668976      75.927878      -0.0000000000000000       0.0000000000000000          0
  137.427994      75.975866      -0.0000000000000000       0.0000000000000000          0
  32.559531      69.049114      -0.0000000000000000       0.0000000000000000        302
  35.473063      69.196054      -0.0000000000000000       0.0000000000000000        302
  38.405039      69.346828      -0.0000000000000000       0.0000000000000000        302
  41.356349      69.501065      -0.0000000000000000       0.0000000000000000        302
  44.327882      69.658379      -0.0000000000000000       0.0000000000000000        302
  47.320518      69.818366      -0.0000000000000000       0.0000000000000000        302
  50.335122      69.980607      -0.0000000000000000       0.0000000000000000        302
  53.372545      70.144669      -0.0000000000000000       0.0000000000000000        302
  56.433612      70.310102      -0.0000000000000000       0.0000000000000000        302
  59.519119      70.476444      -0.0000000000000000       0.0000000000000000        372
  62.629824      70.643217      -0.0000000000000000       0.0000000000000000        372
  65.766441      70.809931      -0.0000000000000000       0.0000000000000000        372
  68.929629      70.976085      -0.0000000000000000       0.0000000000000000        372
  72.119982      71.141165      -0.0000000000000000       0.0000000000000000        401
  75.338023      71.304648      -0.0000000000000000       0.0000000000000000        401
  78.584188      71.466002      -0.0000000000000000       0.0000000000000000        401
  81.858816      71.624689      -0.0000000000000000       0.0000000000000000        401
  85.162138      71.780164      -0.0000000000000000       0.0000000000000000        401
  88.494266      71.931881      -0.0000000000000000       0.0000000000000000        401
  91.855177      72.079291      -0.0000000000000000       0.0000000000000000        401
  95.244706      72.221850      -0.0000000000000000       0.0000000000000000        401
  98.662529      72.359015      -0.0000000000000000       0.0000000000000000        401
  102.108157      72.490251      -0.0000000000000000       0.0000000000000000        401
  105.580924      72.615036      -0.0000000000000000       0.0000000000000000        401
  109.079981      72.732859      -0.0000000000000000       0.0000000000000000        401
  112.604286      72.843228      -0.0000000000000000       0.0000000000000000        401
  116.152608      72.945672      -0.0000000000000000       0.0000000000000000        401
  119.723519      73.039745      -0.0000000000000000       0.0000000000000000          0
  123.315398      73.125029      -0.0000000000000000       0.0000000000000000          0
  126.926440      73.201140      -0.0000000000000000       0.0000000000000000          0
  130.554661      73.267728      -0.0000000000000000       0.0000000000000000          0
  134.197913      73.324483      -0.0000000000000000       0.0000000000000000          0
  137.853899      73.371138      -0.0000000000000000       0.0000000000000000          0
  33.461424      66.464349      -0.0000000000000000       0.0000000000000000        302
  36.405490      66.612533      -0.0000000000000000       0.0000000000000000        302
  39.366230      66.764466      -0.0000000000000000       0.0000000000000000        302
  42.344401      66.919761      -0.0000000000000000       0.0000000000000000        302
  45.340748      67.078020      -0.0000000000000000       0.0000000000000000        302
  48.356001      67.238825      -0.0000000000000000       0.0000000000000000        302
  51.390872      67.401747      -0.0000000000000000       0.0000000000000000        302
  54.446049      67.566340      -0.0000000000000000       0.0000000000000000        302
  57.522193      67.732147      -0.0000000000000000       0.0000000000000000        302
  60.619929      67.898697      -0.0000000000000000       0.0000000000000000        302
  63.739844      68.065506      -0.0000000000000000       0.0000000000000000        302
  66.882477      68.232080      -0.0000000000000000       0.0000000000000000        302
  70.048312      68.397914      -0.0000000000000000       0.0000000000000000        401
  73.237773      68.562495      -0.0000000000000000       0.0000000000000000        401
  76.451214      68.725302      -0.0000000000000000       0.0000000000000000        401
  79.688909      68.885807      -0.0000000000000000       0.0000000000000000        401
  82.951046      69.043478      -0.0000000000000000       0.0000000000000000        401
  86.237719      69.197782      -0.0000000000000000       0.0000000000000000        401
  89.548916      69.348184      -0.0000000000000000       0.0000000000000000        401
  92.884512      69.494151      -0.0000000000000000       0.0000000000000000        401
  96.244262      69.635153      -0.0000000000000000       0.0000000000000000        401
  99.627793      69.770670      -0.0000000000000000       0.0000000000000000        401
  103.034594      69.900189      -0.0000000000000000       0.0000000000000000        401
  106.464017      70.023210      -0.0000000000000000       0.0000000000000000        401
  109.915265      70.139249      -0.0000000000000000       0.0000000000000000        401
  113.387395      70.247840      -0.0000000000000000       0.0000000000000000        401
  116.879316      70.348541      -0.0000000000000000       0.0000000000000000        401
  120.389786      70.440932      -0.0000000000000000       0.0000000000000000        401
  123.917421      70.524625      -0.0000000000000000       0.0000000000000000        401
  127.460694      70.599259      -0.0000000000000000       0.0000000000000000      43102
  131.017951      70.664513      -0.0000000000000000       0.0000000000000000      43101
  134.587414      70.720099      -0.0000000000000000       0.0000000000000000      43101
  138.167195      70.765771      -0.0000000000000000       0.0000000000000000          0
  34.193799      63.875362      -0.0000000000000000       0.0000000000000000        302
  37.161600      64.024529      -0.0000000000000000       0.0000000000000000        302
  40.144529      64.177370      -0.0000000000000000       0.0000000000000000        302
  43.143234      64.333489      -0.0000000000000000       0.0000000000000000        302
  46.158349      64.492475      -0.0000000000000000       0.0000000000000000        302
  49.190490      64.653903      -0.0000000000000000       0.0000000000000000        302
  52.240253      64.817333      -0.0000000000000000       0.0000000000000000        302
  55.308206      64.982313      -0.0000000000000000       0.0000000000000000        302
  58.394887      65.148378      -0.0000000000000000       0.0000000000000000        302
  61.500800      65.315050      -0.0000000000000000       0.0000000000000000        302
  64.626407      65.481843      -0.0000000000000000       0.0000000000000000        390
  67.772127      65.648260      -0.0000000000000000       0.0000000000000000        468
  70.938324      65.813794      -0.0000000000000000       0.0000000000000000        401
  74.125304      65.977934      -0.0000000000000000       0.0000000000000000        401
  77.333312      66.140160      -0.0000000000000000       0.0000000000000000        401
  80.562519      66.299951      -0.0000000000000000       0.0000000000000000        401
  83.813019      66.456779      -0.0000000000000000       0.0000000000000000        401
  87.084822      66.610121      -0.0000000000000000       0.0000000000000000        401
  90.377847      66.759452      -0.0000000000000000       0.0000000000000000        401
  93.691918      66.904250      -0.0000000000000000       0.0000000000000000        401
  97.026754      67.044003      -0.0000000000000000       0.0000000000000000        401
  100.381968      67.178203      -0.0000000000000000       0.0000000000000000        401
  103.757061      67.306356      -0.0000000000000000       0.0000000000000000        401
  107.151418      67.427982      -0.0000000000000000       0.0000000000000000        401
  110.564307      67.542615      -0.0000000000000000       0.0000000000000000        401
  113.994876      67.649812      -0.0000000000000000       0.0000000000000000        401
  117.442154      67.749149      -0.0000000000000000       0.0000000000000000        401
  120.905054      67.840229      -0.0000000000000000       0.0000000000000000        401
  124.382375      67.922684      -0.0000000000000000       0.0000000000000000        401
  127.872807      67.996175      -0.0000000000000000       0.0000000000000000      43102
  131.374938      68.060396      -0.0000000000000000       0.0000000000000000      43101
  134.887264      68.115080       0.0349164631333272       0.0761843252199823      43202
  138.408195      68.159994       0.0992442301246059       0.0744131958119553      43202
  34.802461      61.283299      -0.0000000000000000       0.0000000000000000        302
  37.789255      61.433263      -0.0000000000000000       0.0000000000000000        302
  40.789817      61.586837      -0.0000000000000000       0.0000000000000000        302
  43.804710      61.743616      -0.0000000000000000       0.0000000000000000        302
  46.834481      61.903180      -0.0000000000000000       0.0000000000000000        302
  49.879657      62.065098      -0.0000000000000000       0.0000000000000000        302
  52.940741      62.228921      -0.0000000000000000       0.0000000000000000        302
  56.018211      62.394191      -0.0000000000000000       0.0000000000000000        302
  59.112514      62.560439      -0.0000000000000000       0.0000000000000000        302
  62.224062      62.727183      -0.0000000000000000       0.0000000000000000        390
  65.353228      62.893934      -0.0000000000000000       0.0000000000000000        390
  68.500341      63.060192      -0.0000000000000000       0.0000000000000000        468
  71.665681      63.225452      -0.0000000000000000       0.0000000000000000        401
  74.849475      63.389202      -0.0000000000000000       0.0000000000000000        401
  78.051890      63.550926      -0.0000000000000000       0.0000000000000000        401
  81.273031      63.710107      -0.0000000000000000       0.0000000000000000        401
  84.512930      63.866224      -0.0000000000000000       0.0000000000000000        401
  87.771548      64.018760      -0.0000000000000000       0.0000000000000000        401
  91.048767      64.167199      -0.0000000000000000       0.0000000000000000        401
  94.344381      64.311032      -0.0000000000000000       0.0000000000000000        401
  97.658101      64.449755      -0.0000000000000000       0.0000000000000000        401
  100.989545      64.582877      -0.0000000000000000       0.0000000000000000        401
  104.338235      64.709915      -0.0000000000000000       0.0000000000000000        401
  107.703598      64.830406      -0.0000000000000000       0.0000000000000000        401
  111.084963      64.943900      -0.0000000000000000       0.0000000000000000        401
  114.481562      65.049968      -0.0000000000000000       0.0000000000000000        401
  117.892527      65.148206      -0.0000000000000000       0.0000000000000000        401
  121.316898      65.238232      -0.0000000000000000       0.0000000000000000        401
  124.753621      65.319694      -0.0000000000000000       0.0000000000000000        401
  128.201556      65.392269      -0.0000000000000000       0.0000000000000000      43102
  131.659479      65.455665      -0.0000000000000000       0.0000000000000000      43101
  135.126096      65.509629      -0.0000000000000000       0.0000000000000000      43101
  138.600041      65.553939       0.1027407086986362      -0.0451791986745334      43202
  35.318173      58.688928      -0.0000000000000000       0.0000000000000000        302
  38.320533      58.839553      -0.0000000000000000       0.0000000000000000        302
  41.335458      58.993732      -0.0000000000000000       0.0000000000000000        302
  44.363443      59.151052      -0.0000000000000000       0.0000000000000000        302
  47.404964      59.311089      -0.0000000000000000       0.0000000000000000        302
  50.460475      59.473401      -0.0000000000000000       0.0000000000000000        302
  53.530411      59.637536      -0.0000000000000000       0.0000000000000000        302
  56.615176      59.803032      -0.0000000000000000       0.0000000000000000        302
  59.715147      59.969414      -0.0000000000000000       0.0000000000000000        302
  62.830667      60.136198      -0.0000000000000000       0.0000000000000000        390
  65.962041      60.302892      -0.0000000000000000       0.0000000000000000        468
  69.109533      60.468997      -0.0000000000000000       0.0000000000000000        468
  72.273362      60.634006      -0.0000000000000000       0.0000000000000000        401
  75.453696      60.797411      -0.0000000000000000       0.0000000000000000        401
  78.650652      60.958697      -0.0000000000000000       0.0000000000000000        401
  81.864286      61.117351      -0.0000000000000000       0.0000000000000000        401
  85.094595      61.272859      -0.0000000000000000       0.0000000000000000        401
  88.341507      61.424709      -0.0000000000000000       0.0000000000000000        401
  91.604882      61.572393      -0.0000000000000000       0.0000000000000000        401
  94.884507      61.715411      -0.0000000000000000       0.0000000000000000        401
  98.180092      61.853270      -0.0000000000000000       0.0000000000000000        401
  101.491268      61.985488      -0.0000000000000000       0.0000000000000000        401
  104.817588      62.111596      -0.0000000000000000       0.0000000000000000        401
  108.158519      62.231142      -0.0000000000000000       0.0000000000000000        401
  111.513447      62.343690      -0.0000000000000000       0.0000000000000000        401
  114.881678      62.448825      -0.0000000000000000       0.0000000000000000        401
  118.262433      62.546154      -0.0000000000000000       0.0000000000000000        401
  121.654857      62.635312      -0.0000000000000000       0.0000000000000000        401
  125.058017      62.715956      -0.0000000000000000       0.0000000000000000        401
  128.470908      62.787778      -0.0000000000000000       0.0000000000000000        401
  131.892461      62.850497      -0.0000000000000000       0.0000000000000000        401
  135.321542      62.903870      -0.0000000000000000       0.0000000000000000        401
  138.756966      62.947685      -0.0000000000000000       0.0000000000000000      43101
  35.762358      56.092782      -0.0000000000000000       0.0000000000000000        302
  38.777733      56.243965      -0.0000000000000000       0.0000000000000000        302
  41.804602      56.398654      -0.0000000000000000       0.0000000000000000        302
  44.843403      56.556429      -0.0000000000000000       0.0000000000000000        302
  47.894552      56.716857      -0.0000000000000000       0.0000000000000000        302
  50.958449      56.879495      -0.0000000000000000       0.0000000000000000        302
  54.035468      57.043884      -0.0000000000000000       0.0000000000000000        302
  57.125958      57.209559      -0.0000000000000000       0.0000000000000000        302
  60.230242      57.376041      -0.0000000000000000       0.0000000000000000        390
  63.348606      57.542844      -0.0000000000000000       0.0000000000000000        390
  66.481305      57.709476      -0.0000000000000000       0.0000000000000000        468
  69.628554      57.875434      -0.0000000000000000       0.0000000000000000        468
  72.790526      58.040216      -0.0000000000000000       0.0000000000000000        401
  75.967347      58.203313      -0.0000000000000000       0.0000000000000000        401
  79.159097      58.364213      -0.0000000000000000       0.0000000000000000        401
  82.365802      58.522407      -0.0000000000000000       0.0000000000000000        401
  85.587431      58.677385      -0.0000000000000000       0.0000000000000000        401
  88.823896      58.828642      -0.0000000000000000       0.0000000000000000        401
  92.075048      58.975676      -0.0000000000000000       0.0000000000000000        401
  95.340670      59.117995      -0.0000000000000000       0.0000000000000000        401
  98.620482      59.255115      -0.0000000000000000       0.0000000000000000        401
  101.914134      59.386563      -0.0000000000000000       0.0000000000000000        401
  105.221206      59.511881      -0.0000000000000000       0.0000000000000000        401
  108.541207      59.630626      -0.0000000000000000       0.0000000000000000        401
  111.873576      59.742373      -0.0000000000000000       0.0000000000000000        401
  115.217681      59.846719      -0.0000000000000000       0.0000000000000000        401
  118.572823      59.943283      -0.0000000000000000       0.0000000000000000        401
  121.938233      60.031708      -0.0000000000000000       0.0000000000000000        401
  125.313081      60.111666      -0.0000000000000000       0.0000000000000000        401
  128.696475      60.182855      -0.0000000000000000       0.0000000000000000        401
  132.087467      60.245007      -0.0000000000000000       0.0000000000000000        401
  135.485058      60.297885      -0.0000000000000000       0.0000000000000000        401
  138.888204      60.341286      -0.0000000000000000       0.0000000000000000      43101
  36.150388      53.495243      -0.0000000000000000       0.0000000000000000        302
  39.176834      53.646907      -0.0000000000000000       0.0000000000000000        302
  42.213813      53.802032      -0.0000000000000000       0.0000000000000000        302
  45.261712      53.960194      -0.0000000000000000       0.0000000000000000        302
  48.320902      54.120955      -0.0000000000000000       0.0000000000000000        302
  51.391734      54.283866      -0.0000000000000000       0.0000000000000000        302
  54.474536      54.448466      -0.0000000000000000       0.0000000000000000        302
  57.569611      54.614285      -0.0000000000000000       0.0000000000000000        302
  60.677237      54.780843      -0.0000000000000000       0.0000000000000000        390
  63.797658      54.947653      -0.0000000000000000       0.0000000000000000        468
  66.931089      55.114218      -0.0000000000000000       0.0000000000000000        468
  70.077706      55.280040      -0.0000000000000000       0.0000000000000000        468
  73.237649      55.444614      -0.0000000000000000       0.0000000000000000        468
  76.411013      55.607433      -0.0000000000000000       0.0000000000000000        401
  79.597850      55.767990      -0.0462088981395791       0.0039998570952839          0
  82.798167      55.925777      -0.1991206743800807       0.0255287691045374          0
  86.011915      56.080290      -0.2487463298019843       0.0424113780455961          0
  89.238998      56.231027      -0.1972133080579694       0.0421125950116337          0
  92.479262      56.377494      -0.0558004635112260       0.0143634506994090          0
  95.732495      56.519206      -0.0000000000000000       0.0000000000000000        401
  98.998429      56.655684      -0.0000000000000000       0.0000000000000000        401
  102.276733      56.786466      -0.0000000000000000       0.0000000000000000        401
  105.567017      56.911100      -0.0000000000000000       0.0000000000000000        401
  108.868829      57.029155      -0.0000000000000000       0.0000000000000000        401
  112.181655      57.140213      -0.0000000000000000       0.0000000000000000          0
  115.504920      57.243882       0.0003199525968547       0.0273196926930117          0
  118.837992      57.339789       0.0042582407837446       0.0618104477626635          0
  122.180178      57.427587       0.0108149528904492       0.0821274078049827          0
  125.530733      57.506957       0.0198199104446335       0.0889131375621796          0
  128.888861      57.577606       0.0278565693766847       0.0792553207009037          0
  132.253715      57.639273       0.0332152831514494       0.0646758043004050          0
  135.624407      57.691729       0.0285851810576422       0.0440230975458111          0
  139.000012      57.734777       0.0054035116096463       0.0075272422215182          0
  36.493586      50.896592      -0.0000000000000000       0.0000000000000000        302
  39.529590      51.048675      -0.0000000000000000       0.0000000000000000        302
  42.575256      51.204180      -0.0000000000000000       0.0000000000000000        302
  45.630931      51.362676      -0.0000000000000000       0.0000000000000000        302
  48.696946      51.523723      -0.0000000000000000       0.0000000000000000        302
  51.773610      51.686868      -0.0000000000000000       0.0000000000000000        302
  54.861214      51.851646      -0.0000000000000000       0.0000000000000000        302
  57.960024      52.017584      -0.0000000000000000       0.0000000000000000        302
  61.070280      52.184201      -0.0000000000000000       0.0000000000000000        390
  64.192195      52.351007      -0.0000000000000000       0.0000000000000000        465
  67.325949      52.517506      -0.0000000000000000       0.0000000000000000        458
  70.471690      52.683200      -0.0000000000000000       0.0000000000000000        459
  73.629531      52.847583      -0.0000000000000000       0.0000000000000000        468
  76.799545      53.010152      -0.4298848267656077       0.0217108033593883          0
  79.981766      53.170400      -0.8148840398786148       0.0742284888768555          0
  83.176184      53.327824      -1.0242462897088169       0.1355259177159081          0
  86.382742      53.481922      -1.0745849439300794       0.1872038267564783          0
  89.601339      53.632199      -0.9910145026727858       0.2148526339816348          0
  92.831821      53.778166      -0.7795556565298192       0.2027944880268899          0
  96.073986      53.919341      -0.4695654649142516       0.1428924803869255          0
  99.327578      54.055256      -0.0628479501092777       0.0219613930373962          0
  102.592287      54.185453      -0.0000000000000000       0.0000000000000000        401
  105.867752      54.309490      -0.0000000000000000       0.0000000000000000        401
  109.153556      54.426940      -0.0026262575946511       0.0264841197211858          0
  112.449227      54.537398      -0.0062960843138221       0.1444450784056930          0
  115.754243      54.640476       0.0036091307803531       0.2205381811311166          0
  119.068029      54.735811       0.0222410971595651       0.2675216282251556          0
  122.389960      54.823064       0.0482617333904232       0.2944658799600340          0
  125.719364      54.901923       0.0785910805086411       0.3087852322700879          0
  129.055524      54.972104       0.1111999180276472       0.3121215922394677          0
  132.397682      55.033350       0.1446602770713173       0.3058148418119452          0
  135.745043      55.085440       0.1802170449066361       0.2999798733252083          0
  139.096780      55.128182       0.2144246090190755       0.2977703077040585          0
  36.800476      48.297042      -0.0000000000000000       0.0000000000000000        302
  39.844840      48.449495      -0.0000000000000000       0.0000000000000000        302
  42.898073      48.605333      -0.0000000000000000       0.0000000000000000        302
  45.960485      48.764123      -0.0000000000000000       0.0000000000000000        302
  49.032374      48.925419      -0.0000000000000000       0.0000000000000000        302
  52.114015      49.088766      -0.0000000000000000       0.0000000000000000        302
  55.205667      49.253696      -0.0000000000000000       0.0000000000000000        302
  58.307564      49.419735      -0.0000000000000000       0.0000000000000000        302
  61.419918      49.586397      -0.0000000000000000       0.0000000000000000        390
  64.542912      49.753193      -0.0000000000000000       0.0000000000000000        465
  67.676702      49.919628      -0.0000000000000000       0.0000000000000000        458
  70.821413      50.085200      -0.0000000000000000       0.0000000000000000        460
  73.977138      50.249408      -0.6563202924509715       0.0105151425182451          0
  77.143932      50.411748      -1.3048486716294936       0.0719693140614592          0
  80.321816      50.571716      -1.7386999387140913       0.1655338754612465          0
  83.510770      50.728813      -1.9581071096476803       0.2664504473797900          0
  86.710732      50.882539      -1.9806993484254178       0.3518921233826106          0
  89.921599      51.032404      -1.8414817820428258       0.4049082558081350          0
  93.143222      51.177924      -1.5616683750250120       0.4102156980027748          0
  96.375409      51.318622      -1.1780305017772028       0.3605602226218074          0
  99.617917      51.454036      -0.7236389544347384       0.2766792759169872          0
  102.870459      51.583714      -0.2762354094124391       0.1912099886628613          0
  106.132700      51.707220      -0.0634548495855887       0.2015736735372408          0
  109.404255      51.824136      -0.0345834745255710       0.2920165887879010          0
  112.684693      51.934062      -0.0194565606715979       0.3879442555529508          0
  115.973536      52.036619       0.0077229376866871       0.4553166297942537          0
  119.270262      52.131450       0.0451656979063939       0.4981004104809597          0
  122.574304      52.218224       0.0895349170096885       0.5234413649564311          0
  125.885054      52.296633       0.1388427114554097       0.5361822204598917          0
  129.201865      52.366401       0.1914380528447245       0.5385539460179298          0
  132.524054      52.427278       0.2479831656436917       0.5352073171812855          0
  135.850907      52.479047       0.3114437792034953       0.5340086225260929          0
  139.181680      52.521520       0.3841215077012762       0.5452417926316282          0
  37.077605      45.696754      -0.0000000000000000       0.0000000000000000        302
  40.129366      45.849537      -0.0000000000000000       0.0000000000000000        301
  43.189267      46.005672      -0.0000000000000000       0.0000000000000000        301
  46.257588      46.164722      -0.0000000000000000       0.0000000000000000        301
  49.334596      46.326239      -0.0000000000000000       0.0000000000000000        302
  52.420539      46.489763      -0.0000000000000000       0.0000000000000000        302
  55.515647      46.654825      -0.0000000000000000       0.0000000000000000        302
  58.620130      46.820948      -0.0000000000000000       0.0000000000000000        302
  61.734173      46.987646      -0.0000000000000000       0.0000000000000000        467
  64.857938      47.154429      -0.0000000000000000       0.0000000000000000        458
  67.991560      47.320799      -0.0000000000000000       0.0000000000000000        459
  71.135145      47.486258      -0.5789617348525801      -0.0091285935035086          0
  74.288771      47.650303      -1.5812914285962614       0.0338587180773931          0
  77.452480      47.812433      -2.3057556919793605       0.1374806289342168          0
  80.626283      47.972147      -2.7779259626891584       0.2751227346730098          0
  83.810155      48.128945      -2.9874283481707939       0.4170576730419695          0
  87.004030      48.282334      -2.9517960372183927       0.5342829127735050          0
  90.207808      48.431827      -2.7340581866934350       0.6095018262344285          0
  93.421347      48.576943      -2.3739564721214395       0.6295093235277722          0
  96.644462      48.717212      -1.8917083530764667       0.6324048366393089          0
  99.876928      48.852175      -1.3185539952714675       0.6251406102987471          0
  103.118479      48.981388      -0.7500650003486717       0.6032322384010790          0
  106.368802      49.104419      -0.3131148568207324       0.5870699122655778          0
  109.627546      49.220858      -0.0939310195737767       0.6030413476027746          0
  112.894315      49.330309      -0.0356284870706898       0.6637758236523609          0
  116.168672      49.432401       0.0113855510050790       0.7126563403905767          0
  119.450142      49.526782       0.0673759280997111       0.7439147110625974          0
  122.738209      49.613127       0.1293844461436737       0.7606419295053043          0
  126.032321      49.691137       0.1958763560937174       0.7644725413386455          0
  129.331894      49.760538       0.2660645007958037       0.7583001296438977          0
  132.636309      49.821087       0.3408775514934406       0.7458497013824186          0
  135.944922      49.872570       0.4246979597348449       0.7371486813595742          0
  139.257063      49.914805       0.5248160983406085       0.7497415466996233          0
  37.330086      43.095856      -0.0000000000000000       0.0000000000000000        551
  40.388461      43.248936      -0.0000000000000000       0.0000000000000000        551
  43.454300      43.405338      -0.0000000000000000       0.0000000000000000        301
  46.527859      43.564622      -0.0000000000000000       0.0000000000000000        301
  49.609379      43.726335      -0.0000000000000000       0.0000000000000000        301
  52.699083      43.890016      -0.0000000000000000       0.0000000000000000        301
  55.797178      44.055194      -0.0000000000000000       0.0000000000000000        301
  58.903849      44.221389      -0.0000000000000000       0.0000000000000000        302
  62.019264      44.388116      -0.0000000000000000       0.0000000000000000        467
  65.143565      44.554881      -0.0000000000000000       0.0000000000000000        466
  68.276870      44.721189      -0.0816768808311172      -0.0011030302575496          0
  71.419272      44.886541      -1.4922513019252297       0.0202853720701394          0
  74.570833      45.050435      -2.7339254457984814       0.0768655716328479          0
  77.731589      45.212370      -3.5312278999981590       0.2262252718446818          0
  80.901543      45.371849      -3.7804882224723633       0.3892460713181339        580
  84.080665      45.528375      -3.7645540937292989       0.5382871876008977        580
  87.268893      45.681456      -3.7369375670749134       0.6876784562315683        580
  90.466127      45.830610      -3.6397108112265637       0.8229593436858135          0
  93.672232      45.975358      -3.1793253447351031       0.8585418541143167          0
  96.887036      46.115237      -2.5444370510298930       0.9364070796672728          0
  100.110330      46.249792      -1.8586078057617361       0.9827870802955721          0
  103.341865      46.378583      -1.1628695476368194       0.9926256945790929          0
  106.581354      46.501185      -0.5520457484741963       0.9669925705214434          0
  109.828474      46.617192      -0.1772340703618147       0.9359010380368606          0
  113.082862      46.726215      -0.0548991833858956       0.9559563722012239          0
  116.344120      46.827887       0.0137629726311066       0.9822597381207756          0
  119.611812      46.921863       0.0874895273023720       0.9972570880693310          0
  122.885470      47.007823       0.1660263522607871       1.0019692221281171          0
  126.164593      47.085473       0.2480536579973746       0.9921611969122246          0
  129.448650      47.154544       0.3334766167364773       0.9709455917139440          0
  132.737081      47.214798       0.4231950697348998       0.9396691918298332          0
  136.029303      47.266024       0.5197029982073685       0.9072339156081996          0
  139.324709      47.308045       0.6307953869475780       0.8939243490753587          0
  37.561979      40.494448      -0.0000000000000000       0.0000000000000000        526
  40.626320      40.647799      -0.0000000000000000       0.0000000000000000        526
  43.697500      40.804443      -0.0000000000000000       0.0000000000000000        526
  46.775748      40.963937      -0.0000000000000000       0.0000000000000000        301
  49.861284      41.125827      -0.0000000000000000       0.0000000000000000        301
  52.954310      41.289649      -0.0000000000000000       0.0000000000000000        301
  56.055011      41.454930      -0.0000000000000000       0.0000000000000000        301
  59.163555      41.621188      -0.0000000000000000       0.0000000000000000        301
  62.280092      41.787936      -0.0000000000000000       0.0000000000000000        467
  65.404747      41.954683      -0.0000000000000000       0.0000000000000000        467
  68.537625      42.120930      -0.9217123070897140       0.1185665187541869          0
  71.678808      42.286180      -2.4199530386487007       0.2806534127965106          0
  74.828348      42.449932      -3.6755712556385056       0.3037434671160316          0
  77.986275      42.611687      -3.7848729286473830       0.2649465924962550        580
  81.152586      42.770949      -3.7796526986501018       0.4062034244963844        580
  84.327250      42.927222      -3.7628330933650300       0.5482677521503533        580
  87.510207      43.080020      -3.7343750764043628       0.6906646409263052        580
  90.701361      43.228862      -3.6942774608710898       0.8329037654390876        580
  93.900585      43.373274      -3.6695240305888932       1.0556835639004478          0
  97.107721      43.512796      -3.0906697201053306       1.2219143992610890          0
  100.322571      43.646977      -2.3806618150700607       1.3141852472701216          0
  103.544908      43.775383      -1.6056338338980805       1.3507732660948559          0
  106.774468      43.897594      -0.8085522707126793       1.3352728574977495          0
  110.010953      44.013207      -0.2226399524671025       1.2810024703893235          0
  113.254031      44.121839      -0.0789824600225175       1.2615698023870685          0
  116.503339      44.223130       0.0144231965811418       1.2581368554646926          0
  119.758478      44.316738       0.1055150960052545       1.2523781578255506          0
  123.019024      44.402348       0.1989398390679233       1.2430683584868323          0
  126.284519      44.479671       0.2953291246198333       1.2210833858403174          0
  129.554482      44.548443       0.3941444912654293       1.1810888727008202          0
  132.828405      44.608429       0.4940422769290560       1.1173454990227683          0
  136.105758      44.659423       0.5938663590753863       1.0343017658637756          0
  139.385992      44.701250      -0.0000000000000000       0.0000000000000000          0
  37.776549      37.892612      -0.0000000000000000       0.0000000000000000        522
  40.846320      38.046210      -2.2911355066601535       0.0941474985599258        503
  43.922343      38.203076      -0.0000000000000000       0.0000000000000000        526
  47.004827      38.362762      -0.0000000000000000       0.0000000000000000        505
  50.093970      38.524813      -0.0000000000000000       0.0000000000000000        301
  53.189956      38.688762      -0.0000000000000000       0.0000000000000000        301
  56.292954      38.854134      -0.0000000000000000       0.0000000000000000        301
  59.403114      39.020447      -0.0000000000000000       0.0000000000000000        301
  62.520570      39.187213      -0.0000000000000000       0.0000000000000000        301
  65.645437      39.353939      -0.0000000000000000       0.0000000000000000        467
  68.777807      39.520127      -1.8673046088328893       0.2952919476705085          0
  71.917752      39.685280      -3.4901054177441058       0.6381822474331977        501
  75.065318      39.848899      -3.6264275410129851       0.7523835849131715        501
  78.220528      40.010486      -3.7519343924453796       0.7197948268292708          0
  81.383379      40.169544      -3.7813639006460953       0.4966687790081174          0
  84.553839      40.325584      -3.7804286374737712       0.6281561020672373          0
  87.731849      40.478119      -3.7954136134924186       0.8668918737064976          0
  90.917320      40.626672      -3.8149043673655081       1.0529155944731341          0
  94.110136      40.770773      -3.8674312412295997       1.2621895551790900          0
  97.310145      40.909965      -3.5544281753094507       1.4652337540752927          0
  100.517170      41.043802      -2.9237782081088128       1.6031193083949349          0
  103.730999      41.171854      -2.0742207793595133       1.6442680865572861          0
  106.951390      41.293704      -1.1301924030877959       1.5988086023967707          0
  110.178070      41.408955      -0.2830962027778153       1.4721214690734306          0
  113.410736      41.517230      -0.0987497806727297       1.4713285505191964          0
  116.649056      41.618170       0.0116747014915857       1.4892649814368286          0
  119.892667      41.711441       0.1228347529789117       1.5047321299257006          0
  123.141182      41.796731       0.2319291085557984       1.4711030196046557          0
  126.394185      41.873754       0.3391618765406917       1.4396114588871467          0
  129.651238      41.942252       0.4492989740596396       1.4101329882720555          0
  132.911879      42.001993       0.5531463194465772       1.3069108824444178          0
  136.175630      42.052775       0.6080624805444483       0.9350345907253945          0
  139.441991      42.094424      -0.0000000000000000       0.0000000000000000          0
  37.976459      35.290412      -2.1250707968376190       0.2326650161773693        503
  41.051210      35.444239      -2.3027765490772230       0.2900523821583640        503
  44.131660      35.601309      -2.4741627647945181       0.3533180231913072        503
  47.218001      35.761172      -0.0000000000000000       0.0000000000000000        505
  50.310411      35.923370      -0.0000000000000000       0.0000000000000000        505
  53.409059      36.087435      -0.0000000000000000       0.0000000000000000        505
  56.514096      36.252890      -0.0000000000000000       0.0000000000000000        505
  59.625661      36.419251      -0.0000000000000000       0.0000000000000000        301
  62.743874      36.586031      -0.0000000000000000       0.0000000000000000        301
  65.868839      36.752735      -0.0000000000000000       0.0000000000000000        301
  69.000638      36.918866      -2.7619255767224695       0.6075292707632147          0
  72.139336      37.083927      -3.5000518310736357       0.8217899461472883        501
  75.284973      37.247419      -3.6355370340683937       0.9294255945909526        501
  78.437570      37.408847      -3.7603298153261360       1.0426856243792346        501
  81.597121      37.567715      -3.8498542320963973       1.0765917531719265          0
  84.763596      37.723536      -3.8989567420864231       1.0849916557357107          0
  87.936940      37.875826      -3.9297373628011840       1.2154663586645658          0
  91.117070      38.024109      -3.9638105288208871       1.3472965924138256          0
  94.303878      38.167921      -4.0279999201133485       1.5059332254131148          0
  97.497226      38.306807      -4.0100360969885642       1.6948510713269069          0
  100.696949      38.440325      -3.5231498493238647       1.8398143131377496          0
  103.902854      38.568048      -2.3998769724450169       1.7455008840473001          0
  107.114720      38.689564      -1.2454589330878980       1.5325255267271931          0
  110.332297      38.804481      -0.3549988777641982       1.2913116390898765          0
  113.555308      38.912424      -0.0704412254381840       1.2457157411757740          0
  116.783451      39.013041       0.0320306401424423       1.2742883198910988          0
  120.016395      39.106000       0.1364098605984051       1.2993707710104476          0
  123.253788      39.190994       0.2425357255361974       1.3095299070635429          0
  126.495252      39.267741       0.3486441217007581       1.2947241218813843          0
  129.740389      39.335987       0.4513815477617089       1.2418056483623905          0
  132.988780      39.395502       0.5449172025436125       1.1306557634837051          0
  136.239989      39.446088      -0.0000000000000000       0.0000000000000000          0
  139.493565      39.487573      -0.0000000000000000       0.0000000000000000          0
  38.163908      32.687904      -2.1360848498663891       0.4311408099169520        503
  41.243260      32.841944      -2.3136612768866680       0.4845165272385293        503
  44.327787      32.999203      -2.4848376131840251       0.5434237084021462        503
  47.417664      33.159230      -2.6490919655175267       0.6078012628852919        503
  50.513056      33.321564      -0.0000000000000000       0.0000000000000000        505
  53.614114      33.485735      -0.0000000000000000       0.0000000000000000        505
  56.720978      33.651265      -0.0000000000000000       0.0000000000000000        505
  59.833772      33.817670      -0.0000000000000000       0.0000000000000000        505
  62.952608      33.984459      -0.0000000000000000       0.0000000000000000        506
  66.077577      34.151140      -0.0000000000000000       0.0000000000000000        506
  69.208757      34.317216      -0.0000000000000000       0.0000000000000000      50601
  72.346205      34.482188      -3.5092904934930003       1.0022619701958564        501
  75.489958      34.645561      -3.6439898996890765       1.1030592374988577        501
  78.640033      34.806838      -3.7679590151531221       1.2091806458480376        501
  81.796425      34.965527      -3.8807556449880973       1.3203562168928815        501
  84.959106      35.121142      -3.9819670884139957       1.4362865510471656        501
  88.128025      35.273201      -4.0686547730765756       1.5540139089903053          0
  91.303107      35.421232      -4.1043210551214813       1.6340995936497245          0
  94.484252      35.564773      -4.1653713079067458       1.7626619302265345          0
  97.671334      35.703373      -4.2491744758779300       1.9266744521970303          0
  100.864203      35.836592      -3.8180817868538131       1.9066311033667582          0
  104.062682      35.964008      -2.3010436722489445       1.5884123161435892          0
  107.266569      36.085213      -1.0210208597521269       1.2568944538790259          0
  110.475638      36.199818      -0.2433567981672291       1.0393163198623780          0
  113.689637      36.307453      -0.0441915211689097       1.0263058177691942          0
  116.908290      36.407768       0.0509261077147987       1.0636222174600274          0
  120.131297      36.500437       0.1488073109614915       1.0933398743278144          0
  123.358337      36.585156       0.2487012716684091       1.0955264764870472          0
  126.589068      36.661647       0.3478232969634347       1.0687754286933921          0
  129.823128      36.729658       0.4424655178906213       0.9994185539346441          0
  133.060138      36.788964       0.5240215066832732       0.8434240855240631          0
  136.299701      36.839367      -0.0000000000000000       0.0000000000000000          0
  139.541409      36.880702      -0.0000000000000000       0.0000000000000000          0
  38.340732      30.085133      -2.1464536309913504       0.6280324246769565        503
  41.424361      30.239373      -2.3239017020473294       0.6772057739513103        503
  44.512668      30.396808      -2.4948737529408920       0.7315534232023173        503
  47.605812      30.556987      -2.6588496348456401       0.7910246644392374        503
  50.703944      30.719447      -2.8153237164958695       0.8555501123100475        503
  53.807201      30.883716      -0.0000000000000000       0.0000000000000000        505
  56.915711      31.049315      -0.0000000000000000       0.0000000000000000        505
  60.029588      31.215759      -0.0000000000000000       0.0000000000000000        505
  63.148934      31.382556      -0.0000000000000000       0.0000000000000000      50601
  66.273832      31.549214      -0.0000000000000000       0.0000000000000000      50601
  69.404354      31.715235      -3.3736669687839078       1.0908916442616152        501
  72.540552      31.880123      -3.5179282351641761       1.1793535168244262        501
  75.682460      32.043380      -3.6518855610772878       1.2730598345108421        501
  78.830094      32.204514      -3.7750780798276811       1.3717881278669322        501
  81.983449      32.363034      -3.8870728265910119       1.4752877135215428        501
  85.142502      32.518453      -3.9874667893871902       1.5832797306138580        501
  88.307205      32.670295      -4.0758889438826653       1.6954574215760918        501
  91.477490      32.818088      -4.1520022568319384       1.8114866687107096        501
  94.653267      32.961374      -4.2155056413339231       1.9310067954163102        501
  97.834423      33.099703      -4.4534942673115587       2.2889667359005070        607
  101.020819      33.232642      -2.5276822859274759       1.4563712619022040          0
  104.212297      33.359770      -1.5362616761910737       1.1926138290642734          0
  107.408674      33.480683      -0.4677213171227702       0.8700084223352835          0
  110.609742      33.594996      -0.1059502812760067       0.7702265685559933          0
  113.815275      33.702341      -0.0195950880776664       0.8078739358399165          0
  117.025022      33.802374       0.0681032410524734       0.8586703765205288          0
  120.238712      33.894772       0.1597943466422027       0.8958519261853888          0
  123.456053      33.979233       0.2541317953831658       0.8968564131984524          0
  126.676735      34.055485       0.3476628771204061       0.8718399539006190          0
  129.900431      34.123276       0.4374322450533612       0.8127138186613934          0
  133.126797      34.182386      -0.0000000000000000       0.0000000000000000          0
  136.355474      34.232619      -0.0000000000000000       0.0000000000000000          0
  139.586092      34.273812      -5.8150943718107921       3.1628054741570133        609
  38.508481      27.482138      -0.0000000000000000       0.0000000000000000          0
  41.596112      27.636565      -2.3335919809023355       0.8677781801188965        503
  44.687946      27.794167      -2.5043645968240611       0.9173814007842314        503
  47.784127      27.954489      -2.6680708594618654       0.9717527922685627        503
  50.884792      28.117066      -2.8242077441744691       1.0308352475641782        503
  53.990068      28.281426      -2.9722891080254152       1.0945528810125325        503
  57.100072      28.447089      -0.0000000000000000       0.0000000000000000        505
  60.214908      28.613567      -0.0000000000000000       0.0000000000000000        505
  63.334668      28.780370      -0.0000000000000000       0.0000000000000000      50601
  66.459432      28.947004      -0.0000000000000000       0.0000000000000000      50601
  69.589265      29.112972      -0.0000000000000000       0.0000000000000000          0
  72.724213      29.277777      -3.5260538748916206       1.3528046938779872        501
  75.864312      29.440925      -3.6593065487434289       1.4391870394217479        501
  79.009575      29.601922      -3.7817627442195754       1.5302871754937271        501
  82.160001      29.760279      -3.8929982533603926       1.6258747201107309        501
  85.315567      29.915513      -3.9926192284175039       1.7256923151626731        501
  88.476233      30.067148      -4.0802641095366985       1.8294558927160081        501
  91.641938      30.214716      -4.1556055134603405       1.9368551890355434        501
  94.812601      30.357759      -4.2183520676816437       2.0475545139620852        501
  97.988120      30.495834      -4.4520091075188386       2.3307530609595331        607
  101.168372      30.628507      -1.5404038854147970       1.0471801207739853          0
  104.353212      30.755363      -0.4303308979458659       0.7206620702664531          0
  107.542476      30.876000      -0.1913155783983592       0.6711171527548800          0
  110.735979      30.990037      -0.1021081037610085       0.6790615183774987          0
  113.933512      31.097110      -0.0111768106438547       0.6872612092259361          0
  117.134852      31.196877       0.0801891271961777       0.6932778674216942          0
  120.339753      31.289018       0.1691064530852077       0.7092006641157829          0
  123.547952      31.373238       0.2588169334404601       0.7169249723650388          0
  126.759169      31.449263       0.3480481381805101       0.7049194468119938          0
  129.973108      31.516848       0.4355004608045940       0.6747114181613284          0
  133.189458      31.575774      -0.0000000000000000       0.0000000000000000          0
  136.407896      31.625848      -0.0000000000000000       0.0000000000000000          0
  139.628086      31.666907      -0.0000000000000000       0.0000000000000000          0
  38.668479      24.878950      -0.0000000000000000       0.0000000000000000          0
  41.759877      25.033555      -2.3428121390346739       1.0558867512500230        503
  44.855021      25.191314      -2.5133894431882293       1.1005760714163957        503
  47.954041      25.351771      -2.6768336379832478       1.1496702145181190        503
  51.057064      25.514459      -2.8326443019300598       1.2031252224202216        503
  54.164205      25.678905      -2.9803386628406212       1.2608793476982130        503
  57.275572      25.844626      -0.0000000000000000       0.0000000000000000      50602
  60.391260      26.011136      -0.0000000000000000       0.0000000000000000      50602
  63.511355      26.177942      -0.0000000000000000       0.0000000000000000      50602
  66.635930      26.344552      -0.0000000000000000       0.0000000000000000          0
  69.765045      26.510467      -0.0000000000000000       0.0000000000000000          0
  72.898747      26.675193      -3.5337420897203167       1.5223452068954637        501
  76.037067      26.838235      -3.6663221456793895       1.6011897233025478        501
  79.180020      26.999101      -3.7880764821570607       1.6844458523997230        501
  82.327606      27.157303      -3.8985892410235952       1.7719044169639424        501
  85.479808      27.312359      -3.9974752879787205       1.8633304270305626        501
  88.636591      27.463796      -4.0843820380311762       1.9584633238011180        501
  91.797902      27.611149      -0.0000000000000000       0.0000000000000000          0
  94.963668      27.753962      -0.0000000000000000       0.0000000000000000          0
  98.133799      27.891794      -4.4505718581416742       2.3664997782955512        607
  101.308186      28.024215      -0.7779220914735729       0.6835294306123085          0
  104.486700      28.150812      -0.2715991018344358       0.5674175898931120          0
  107.669193      28.271187      -0.1912465104360398       0.5892076941988259          0
  110.855499      28.384962      -0.1017412848218598       0.6034779633837339          0
  114.045433      28.491776      -0.0098692781226716       0.6143792713945059          0
  117.238792      28.591291       0.0822311183900735       0.6221933702586697          0
  120.435355      28.683190       0.1726568141579887       0.6243155969083148          0
  123.634888      28.767180       0.2615751924761945       0.6211930954799220          0
  126.837137      28.842992       0.3498002838771070       0.6147975314355124          0
  130.041837      28.910382      -0.0000000000000000       0.0000000000000000          0
  133.248707      28.969133      -0.0000000000000000       0.0000000000000000          0
  136.457458      29.019056      -0.0000000000000000       0.0000000000000000          0
  139.667786      29.059989      -0.0000000000000000       0.0000000000000000          0
  38.821869      22.275600      -0.0000000000000000       0.0000000000000000          0
  41.916833      22.430373      -0.0000000000000000       0.0000000000000000          0
  45.015100      22.588282      -2.5220163494057255       1.2808025217935466        503
  48.116791      22.748866      -2.6852048275201019       1.3244575972143113        503
  51.222020      22.911660      -2.8406985566356320       1.3721169349465221        503
  54.330894      23.076185      -2.9880180992132170       1.4237337354650059        503
  57.443510      23.241961      -3.1267039074358443       1.4792434115077444        503
  60.559959      23.408500      -0.0000000000000000       0.0000000000000000      50602
  63.680318      23.575308      -0.0000000000000000       0.0000000000000000      50602
  66.804657      23.741893      -0.0000000000000000       0.0000000000000000          0
  69.933032      23.907757      -0.0000000000000000       0.0000000000000000          0
  73.065487      24.072406      -0.0000000000000000       0.0000000000000000          0
  76.202053      24.235345      -3.6729911545507976       1.7588098567318278        501
  79.342747      24.396083      -3.7940730778235285       1.8340251813661510        501
  82.487572      24.554136      -3.9038942699180557       1.9131569135823032        501
  85.636514      24.709022      -4.0020779228885353       1.9959932061290071        501
  88.789545      24.860269      -0.0000000000000000       0.0000000000000000          0
  91.946619      25.007415      -0.0000000000000000       0.0000000000000000          0
  95.107673      25.150008      -0.0000000000000000       0.0000000000000000          0
  98.272629      25.287607      -0.3741766061021911       0.3983199713315852        603
  101.441390      25.419787      -0.3318155921157342       0.4327349930126235      60401
  104.613843      25.546137      -0.2739139819174264       0.4823248907600109          0
  107.789857      25.666262      -0.1934919221769124       0.5106468367359839          0
  110.969283      25.779787      -0.1022057915268586       0.5295716903531237          0
  114.151958      25.886355      -0.0087070511981110       0.5429795922695351          0
  117.337700      25.985630       0.0844431554872213       0.5523449639804695          0
  120.526313      26.077299       0.1752507228739045       0.5555496841464940          0
  123.717585      26.161070       0.2639437852880148       0.5534967345571150          0
  126.911292      26.236678       0.3521065796226842       0.5486492871336394          0
  130.107195      26.303882      -6.4094165073650178       3.3928973916799441        678
  133.305044      26.362467      -0.0000000000000000       0.0000000000000000          0
  136.504578      26.412247      -0.0000000000000000       0.0000000000000000          0
  139.705527      26.453060      -0.0000000000000000       0.0000000000000000          0
  38.969650      19.672110      -1.2068989628036726       0.3063439020000801        715
  42.068005      19.827046      -0.0000000000000000       0.0000000000000000          0
  45.169235      19.985097      -0.0000000000000000       0.0000000000000000          0
  48.273451      20.145803      -2.6932423684282174       1.4957939072597985        503
  51.380756      20.308696      -2.8484269072557926       1.5375051793432040        503
  54.491248      20.473298      -2.9953818590346275       1.5828272681785338        503
  57.605017      20.639125      -0.0000000000000000       0.0000000000000000          0
  60.722146      20.805690      -0.0000000000000000       0.0000000000000000          0
  63.842708      20.972499      -0.0000000000000000       0.0000000000000000          0
  66.966769      21.139058      -0.0000000000000000       0.0000000000000000          0
  70.094381      21.304872      -0.0000000000000000       0.0000000000000000          0
  73.225588      21.469445      -0.0000000000000000       0.0000000000000000          0
  76.360422      21.632284      -0.0000000000000000       0.0000000000000000          0
  79.498900      21.792899      -3.7997986010828222       1.9787823577643646        501
  82.641028      21.950807      -3.9089547924132493       2.0494085240110462        501
  85.786798      22.105528      -0.0000000000000000       0.0000000000000000          0
  88.936186      22.256593      -0.0000000000000000       0.0000000000000000          0
  92.089157      22.403540      -0.0000000000000000       0.0000000000000000          0
  95.245657      22.545921      -0.0000000000000000       0.0000000000000000          0
  98.405618      22.683297      -4.4478132079247130       2.4199347464707914        607
  101.568957      22.815245      -0.3297370349728571       0.3949669265369102      60401
  104.735575      22.941357      -0.2776430589768402       0.4033744134544292      60406
  107.905358      23.061243      -0.1996131008920100       0.4364263615902906          0
  111.078174      23.174528      -0.1034677839294860       0.4587517598431717          0
  114.253880      23.280860      -0.0070095542333398       0.4742290180684807          0
  117.432315      23.379905       0.0874701363062978       0.4845416422230734          0
  120.613306      23.471352       0.1776865600517952       0.4873743468550223          0
  123.796665      23.554914      -0.0000000000000000       0.0000000000000000          0
  126.982192      23.630328      -0.0000000000000000       0.0000000000000000          0
  130.169676      23.697354      -0.0000000000000000       0.0000000000000000          0
  133.358894      23.755781      -0.0000000000000000       0.0000000000000000          0
  136.549614      23.805423      -0.0000000000000000       0.0000000000000000          0
  139.741595      23.846122      -0.0000000000000000       0.0000000000000000          0
  39.112703      17.068504      -1.2079112392654641       0.3315191457077225        715
  42.214300      17.223595      -1.1832813725201561       0.8801940676696196        710
  45.318357      17.381783      -0.0000000000000000       0.0000000000000000          0
  48.424972      17.542606      -2.7009970399335543       1.6633582827465294        503
  51.534239      17.705594      -0.0000000000000000       0.0000000000000000          0
  54.646250      17.870268      -0.0000000000000000       0.0000000000000000          0
  57.761086      18.036144      -0.0000000000000000       0.0000000000000000          0
  60.878825      18.202732      -0.0000000000000000       0.0000000000000000          0
  63.999536      18.369541      -0.0000000000000000       0.0000000000000000          0
  67.123280      18.536074      -0.0000000000000000       0.0000000000000000          0
  70.250109      18.701838      -0.0000000000000000       0.0000000000000000          0
  73.380065      18.866336      -0.0000000000000000       0.0000000000000000          0
  76.513181      19.029078      -0.0000000000000000       0.0000000000000000          0
  79.649476      19.189574      -3.8052929452393576       2.1184733664435247        501
  82.788960      19.347341      -3.9138066371397984       2.1804344212485662        501
  85.931630      19.501902      -0.0000000000000000       0.0000000000000000          0
  89.077469      19.652790      -0.0000000000000000       0.0000000000000000          0
  92.226449      19.799545      -0.0000000000000000       0.0000000000000000          0
  95.378527      19.941720      -0.0000000000000000       0.0000000000000000          0
  98.533645      20.078880      -0.3676647555432721       0.2709021086294711        603
  101.691733      20.210605      -0.3277349928388438       0.3563085989274235      60401
  104.852708      20.336488      -0.2756988680941030       0.3639941020380981      60405
  108.016469      20.456142      -0.2138850334517639       0.3718813441167790          0
  111.182904      20.569197      -0.1035119572264690       0.3932194509920685          0
  114.351887      20.675301      -0.0026848624361889       0.4096754587337804          0
  117.523279      20.774125       0.0911116740473821       0.4181656227703152          0
  120.696927      20.865359      -0.0000000000000000       0.0000000000000000          0
  123.872667      20.948720      -0.0000000000000000       0.0000000000000000          0
  127.050324      21.023947      -0.0000000000000000       0.0000000000000000          0
  130.229710      21.090802      -0.0000000000000000       0.0000000000000000          0
  133.410629      21.149076      -6.4487385925518774       3.7505536316299919        678
  136.592877      21.198586      -0.0000000000000000       0.0000000000000000          0
  139.776240      21.239175      -0.0000000000000000       0.0000000000000000          0
  39.251816      14.464800      -1.2088884163056035       0.3557288524406999        715
  42.356529      14.620041      -0.0000000000000000       0.0000000000000000          0
  45.463293      14.778361      -1.6124747525854961       1.2510184292065571        710
  48.572198      14.939297      -0.0000000000000000       0.0000000000000000          0
  51.683331      15.102376      -0.0000000000000000       0.0000000000000000          0
  54.796773      15.267119      -0.0000000000000000       0.0000000000000000          0
  57.912602      15.433041      -0.0000000000000000       0.0000000000000000          0
  61.030889      15.599651      -0.0000000000000000       0.0000000000000000          0
  64.151699      15.766458      -0.0000000000000000       0.0000000000000000          0
  67.275092      15.932966      -0.0000000000000000       0.0000000000000000          0
  70.401116      16.098679      -0.0000000000000000       0.0000000000000000          0
  73.529816      16.263105      -0.0000000000000000       0.0000000000000000          0
  76.661223      16.425750      -0.0000000000000000       0.0000000000000000          0
  79.795361      16.586129      -3.8105910400156198       2.2528551385463902        501
  82.932243      16.743759      -3.9184811143595866       2.3060108137182991        501
  86.071871      16.898165      -0.0000000000000000       0.0000000000000000          0
  89.214237      17.048880      -0.0000000000000000       0.0000000000000000          0
  92.359318      17.195448      -0.0000000000000000       0.0000000000000000          0
  95.507082      17.337424      -0.0000000000000000       0.0000000000000000          0
  98.657484      17.474374      -0.3645725313173609       0.2061603678703896        603
  101.810465      17.605882      -0.3257974719434126       0.3168444574788206      60401
  104.965955      17.731544      -0.2738180611649773       0.3238053176418042        604
  108.123871      17.850974      -0.2209674641807390       0.3298526608021500      60404
  111.284117      17.963805      -0.0842430681729815       0.3414995348219759      60201
  114.446585      18.069689      -0.0000000000000000       0.0000000000000000          0
  117.611156      18.168298      -0.0000000000000000       0.0000000000000000          0
  120.777697      18.259327      -0.0000000000000000       0.0000000000000000          0
  123.946067      18.342494      -0.0000000000000000       0.0000000000000000          0
  127.116112      18.417539      -0.0000000000000000       0.0000000000000000          0
  130.287671      18.484230      -0.0000000000000000       0.0000000000000000          0
  133.460573      18.542357      -6.4491688796690783       3.8386566047528561        678
  136.634638      18.591739      -0.0000000000000000       0.0000000000000000          0
  139.809681      18.632222      -0.0000000000000000       0.0000000000000000          0
  39.387704      11.861016      -1.2098360523789589       0.3789331201798755        715
  42.495423      12.016403      -0.0000000000000000       0.0000000000000000          0
  45.604793      12.174852      -1.1981287051856648       0.9657247489536540        709
  48.715895      12.335896      -1.1798570415650356       0.9798061889143908        709
  51.828808      12.499063      -1.1580939109369925       0.9940155084595870        709
  54.943606      12.663872      -0.0000000000000000       0.0000000000000000          0
  58.060361      12.829838      -0.0000000000000000       0.0000000000000000          0
  61.179140      12.996469      -0.0000000000000000       0.0000000000000000          0
  64.300005      13.163272      -0.0000000000000000       0.0000000000000000          0
  67.423013      13.329753      -0.0000000000000000       0.0000000000000000          0
  70.548212      13.495417      -0.0000000000000000       0.0000000000000000          0
  73.675646      13.659770      -0.0000000000000000       0.0000000000000000          0
  76.805349      13.822322      -0.0000000000000000       0.0000000000000000          0
  79.937347      13.982586      -3.8157238212359830       2.3816873470435600        501
  83.071659      14.140081      -0.0000000000000000       0.0000000000000000          0
  86.208291      14.294334      -4.0186174981738434       2.4727983755694636        502
  89.347241      14.444881      -0.0000000000000000       0.0000000000000000          0
  92.488498      14.591267      -0.0000000000000000       0.0000000000000000          0
  95.632038      14.733048      -0.0000000000000000       0.0000000000000000          0
  98.777826      14.869794      -0.3615659881420346       0.1409148448232420      60302
  101.925817      15.001090      -0.3239137563993536       0.2766598822397196      60401
  105.075955      15.126536      -0.2719901673026078       0.2828943114842983        604
  108.228171      15.245748      -0.2192095658277977       0.2883412508698197        604
  111.382387      15.358362      -0.0000000000000000       0.0000000000000000          0
  114.538512      15.464032       0.0072114775594375       0.2728323825643755        612
  117.696446      15.562433      -0.0000000000000000       0.0000000000000000          0
  120.856076      15.653262      -0.0000000000000000       0.0000000000000000          0
  124.017283      15.736240      -0.0000000000000000       0.0000000000000000          0
  127.179936      15.811110      -0.0000000000000000       0.0000000000000000          0
  130.343895      15.877640      -0.0000000000000000       0.0000000000000000          0
  133.509014      15.935624      -0.0000000000000000       0.0000000000000000          0
  136.675139      15.984883      -0.0000000000000000       0.0000000000000000          0
  139.842110      16.025263      -0.0000000000000000       0.0000000000000000          0
  39.521020       9.257169      -0.0000000000000000       0.0000000000000000          0
  42.631654       9.412698      -1.2122905213576154       0.9494197569547820        709
  45.743544       9.571271      -1.1973886940740894       0.9605415936365518        709
  48.856763       9.732421      -1.1789469729663618       0.9718743875357357        709
  51.971382       9.895673      -0.0000000000000000       0.0000000000000000          0
  55.087469      10.060547      -0.0000000000000000       0.0000000000000000          0
  58.205092      10.226554      -0.0000000000000000       0.0000000000000000          0
  61.324313      10.393204      -0.0000000000000000       0.0000000000000000          0
  64.445191      10.560003      -0.0000000000000000       0.0000000000000000          0
  67.567781      10.726457      -0.0000000000000000       0.0000000000000000          0
  70.692132      10.892072      -0.0000000000000000       0.0000000000000000          0
  73.818288      11.056353      -0.0000000000000000       0.0000000000000000          0
  76.946286      11.218811      -0.0000000000000000       0.0000000000000000          0
  80.076154      11.378962      -0.0000000000000000       0.0000000000000000          0
  83.207916      11.536324      -0.0000000000000000       0.0000000000000000          0
  86.341585      11.690428      -0.0000000000000000       0.0000000000000000          0
  89.477166      11.840809      -0.0000000000000000       0.0000000000000000          0
  92.614655      11.987016      -0.0000000000000000       0.0000000000000000          0
  95.754040      12.128606      -0.0000000000000000       0.0000000000000000          0
  98.895296      12.265153      -0.3586296679604500       0.0753044791455113      60302
  102.038391      12.396242      -0.3220741505512537       0.2358411171062127      60402
  105.183282      12.521477      -0.2702057228041968       0.2413483145811547        604
  108.329917      12.640476      -0.2174940345758914       0.2461950683942613        604
  111.478231      12.752877      -0.0787928032442961       0.1966219093144873        612
  114.628153      12.858338      -0.0000000000000000       0.0000000000000000          0
  117.779601      12.956536      -0.0000000000000000       0.0000000000000000          0
  120.932482      13.047170      -0.0000000000000000       0.0000000000000000          0
  124.086696      13.129964      -0.0000000000000000       0.0000000000000000          0
  127.242135      13.204662      -0.0000000000000000       0.0000000000000000          0
  130.398681      13.271036      -0.0000000000000000       0.0000000000000000          0
  133.556212      13.328881      -0.0000000000000000       0.0000000000000000          0
  136.714598      13.378019      -6.5147958802094230       4.5407895522549797        680
  139.873702      13.418299      -0.0000000000000000       0.0000000000000000          0
  39.652374       6.653273      -1.2232078634159471       0.9367692591327114        709
  42.765846       6.808942      -1.2117214021561151       0.9448019586945264        709
  45.880183       6.967637      -1.1966530824339134       0.9531097638142119        709
  48.995450       7.128890      -1.1780440278821094       0.9616705480371037        709
  52.111711       7.292225      -0.0000000000000000       0.0000000000000000          0
  55.229030       7.457160      -0.0000000000000000       0.0000000000000000          0
  58.347467       7.623207      -0.0000000000000000       0.0000000000000000          0
  61.467084       7.789875      -0.0000000000000000       0.0000000000000000          0
  64.587936       7.956669      -0.0000000000000000       0.0000000000000000          0
  67.710076       8.123096      -0.0000000000000000       0.0000000000000000          0
  70.833556       8.288660      -0.0000000000000000       0.0000000000000000          0
  73.958418       8.452870      -0.0000000000000000       0.0000000000000000          0
  77.084703       8.615236      -0.0000000000000000       0.0000000000000000          0
  80.212443       8.775274      -0.0000000000000000       0.0000000000000000          0
  83.341667       8.932506      -0.0000000000000000       0.0000000000000000          0
  86.472394       9.086461      -0.0000000000000000       0.0000000000000000          0
  89.604636       9.236680      -0.0000000000000000       0.0000000000000000          0
  92.738399       9.382710      -0.0000000000000000       0.0000000000000000          0
  95.873679       9.524112      -0.0000000000000000       0.0000000000000000          0
  99.010465       9.660462      -0.4201969882097043       0.1015700719418746        647
  102.148735       9.791349      -0.3202697643204422       0.1944751758220346      60402
  105.288462       9.916376      -0.2684560601347216       0.1992554280100732      60402
  108.429606      10.035166      -0.2158124974095860       0.2035030476274618        604
  111.572121      10.147359      -0.0761562703884869       0.1234763364565968        613
  114.715951      10.252614       0.0121998445973162       0.1267506978273979        613
  117.861032      10.350613       0.1005543412279716       0.1289548662395127        613
  121.007292      10.441056       0.6587576708148898       0.7525627770760216        677
  124.154650      10.523670      -0.0000000000000000       0.0000000000000000          0
  127.303019      10.598200      -0.0000000000000000       0.0000000000000000          0
  130.452304      10.664421      -0.0000000000000000       0.0000000000000000          0
  133.602403      10.722130      -6.2788956017723496       0.7451495077698559      61502
  136.753211      10.771150      -7.2646018169677262       0.7988748376364823      61501
  139.904615      10.811331      -0.0000000000000000       0.0000000000000000          0
  39.782342       4.049343      -1.2228003999038546       0.9328095689019245        709
  42.898589       4.205149      -1.2111518905377496       0.9379747709442794        709
  46.015312       4.363963      -1.1959189084595794       0.9434499898976703        709
  49.132569       4.525317      -0.0000000000000000       0.0000000000000000          0
  52.250418       4.688733      -0.0000000000000000       0.0000000000000000          0
  55.368916       4.853729      -0.0000000000000000       0.0000000000000000          0
  58.488121       5.019814      -0.0000000000000000       0.0000000000000000          0
  61.608090       5.186498      -0.0000000000000000       0.0000000000000000          0
  64.728878       5.353287      -0.0000000000000000       0.0000000000000000          0
  67.850537       5.519685      -0.0000000000000000       0.0000000000000000          0
  70.973118       5.685199      -0.0000000000000000       0.0000000000000000          0
  74.096667       5.849337      -0.0000000000000000       0.0000000000000000          0
  77.221226       6.011611      -0.0000000000000000       0.0000000000000000          0
  80.346833       6.171537      -0.0000000000000000       0.0000000000000000          0
  83.473520       6.328640      -0.0000000000000000       0.0000000000000000          0
  86.601313       6.482449      -0.0000000000000000       0.0000000000000000          0
  89.730234       6.632506      -0.0000000000000000       0.0000000000000000          0
  92.860297       6.778361      -0.0000000000000000       0.0000000000000000          0
  95.991506       6.919578      -0.4307410312620140      -0.0624862584944525      60302
  99.123864       7.055734      -0.4171337958633328       0.0310240406863913        647
  102.257361       7.186420      -0.3318861198846379       0.0371361142933387      64701
  105.391982       7.311242      -0.2667331290353233       0.1567044960340570      60402
  108.527703       7.429826      -0.2141571862239192       0.1603549483221136      60402
  111.664494       7.541814      -0.0735621387449356       0.0500625374664466        613
  114.802315       7.646867       0.0146277741362049       0.0532412025307522        613
  117.941121       7.744670       0.2307274359105636       0.3795167188812518        738
  121.080858       7.834925      -0.0000000000000000       0.0000000000000000          0
  124.221465       7.917361      -0.0000000000000000       0.0000000000000000          0
  127.362875       7.991727      -0.0000000000000000       0.0000000000000000          0
  130.505015       8.057797      -0.0000000000000000       0.0000000000000000          0
  133.647805       8.115372      -7.3525939998984500       1.5621245007977933        684
  136.791161       8.164276      -7.2763462375876262       1.6266930822891432      61501
  139.934995       8.204361      -7.3018600950399986       1.6767240714191760        615
  39.911476       1.445392      -1.2223893201802776       0.9266715689510053        709
  43.030447       1.601333      -1.2105797386674277       0.9289558179812191        709
  46.149506       1.760266      -0.0000000000000000       0.0000000000000000          0
  49.268704       1.921719      -0.0000000000000000       0.0000000000000000          0
  52.388093       2.085215      -0.0000000000000000       0.0000000000000000          0
  55.507725       2.250269      -0.0000000000000000       0.0000000000000000          0
  58.627655       2.416391      -0.0000000000000000       0.0000000000000000          0
  61.747937       2.583091      -0.0000000000000000       0.0000000000000000          0
  64.868624       2.749872      -0.0000000000000000       0.0000000000000000          0
  67.989769       2.916242      -0.0000000000000000       0.0000000000000000          0
  71.111422       3.081705      -0.0000000000000000       0.0000000000000000          0
  74.233633       3.245771      -0.0000000000000000       0.0000000000000000          0
  77.356447       3.407953      -0.0000000000000000       0.0000000000000000          0
  80.479907       3.567768      -0.0000000000000000       0.0000000000000000          0
  83.604049       3.724741      -0.0000000000000000       0.0000000000000000          0
  86.728907       3.878404      -0.0000000000000000       0.0000000000000000          0
  89.854511       4.028300      -0.0000000000000000       0.0000000000000000          0
  92.980883       4.173982      -0.0000000000000000       0.0000000000000000          0
  96.108040       4.315016      -0.4980051820417397      -0.0452304565719403      67352
  99.235993       4.450979      -0.4141032996263589      -0.0396627585330533      67301
  102.364747       4.581466      -0.3289455969080657      -0.0344964634022094      64701
  105.494300       4.706086      -0.2427851493660893      -0.0297849542929070      64701
  108.624642       4.824465      -0.2125207874471730       0.1168412051354251      60402
  111.755760       4.936250      -0.0709988907585422      -0.0234666695698264      61404
  114.887630       5.041103      -0.0000000000000000       0.0000000000000000          0
  118.020225       5.138712       0.2960680408916155      -0.1891605679687508      61407
  121.153508       5.228782      -0.0000000000000000       0.0000000000000000          0
  124.287439       5.311042      -0.0000000000000000       0.0000000000000000          0
  127.421971       5.385244      -0.0000000000000000       0.0000000000000000          0
  130.557050       5.451166      -5.3081070384958595       2.4186075365842616        681
  133.692620       5.508609      -7.3525452432104750       1.5684594105189205        684
  136.828618       5.557398      -7.3379673950886861       1.6073294347608618        801
  139.964979       5.597388      -7.3014067941842571       1.6466385395853518        615
  40.040314      -1.158566      -1.2219729948412532       0.9183697051211196        709
  43.161970      -1.002491      -0.0000000000000000       0.0000000000000000          0
  46.283326      -0.843441      -0.0000000000000000       0.0000000000000000          0
  49.404425      -0.681890      -0.0000000000000000       0.0000000000000000          0
  52.525313      -0.518316      -0.0000000000000000       0.0000000000000000          0
  55.646040      -0.353204      -0.0000000000000000       0.0000000000000000          0
  58.766655      -0.187045      -0.0000000000000000       0.0000000000000000          0
  61.887211      -0.020332      -0.0000000000000000       0.0000000000000000          0
  65.007761       0.146442      -0.0000000000000000       0.0000000000000000          0
  68.128357       0.312782      -0.0000000000000000       0.0000000000000000          0
  71.249051       0.478193      -0.0000000000000000       0.0000000000000000          0
  74.369895       0.642187      -0.0000000000000000       0.0000000000000000          0
  77.490939       0.804276      -0.0000000000000000       0.0000000000000000          0
  80.612228       0.963979      -0.0000000000000000       0.0000000000000000          0
  83.733807       1.120822      -0.0000000000000000       0.0000000000000000          0
  86.855717       1.274340      -0.0000000000000000       0.0000000000000000          0
  89.977994       1.424076      -0.0000000000000000       0.0000000000000000          0
  93.100672       1.569586      -0.0000000000000000       0.0000000000000000          0
  96.223776       1.710436      -0.0000000000000000       0.0000000000000000          0
  99.347331       1.846207      -0.4110926216731817      -0.1103421362603601      67301
  102.471353       1.976496      -0.3260252938843862      -0.1061146390624549      64701
  105.595854       2.100914      -0.2399757048834483      -0.1021296100490447      64701
  108.720840       2.219091      -0.1531991329977881      -0.0984344707670822        614
  111.846312       2.330673      -0.0000000000000000       0.0000000000000000          0
  114.972263       2.435328      -0.0000000000000000       0.0000000000000000          0
  118.098683       2.532744       0.1089065144499617      -0.0895081340269353      61405
  121.225555       2.622630      -1.4627701535215976      -0.3955282519776233        667
  124.352857       2.704715      -7.2656577798570892       1.5144284669486638        684
  127.480561       2.778756      -7.3164289262526641       1.5321743437369588        684
  130.608636       2.844531      -7.3454051757196170       1.5511149582525534        801
  133.737044       2.901842      -7.3524924733082786       1.5710250072789380        801
  136.865745       2.950518      -7.3376630223599895       1.5916675542787893        801
  139.994696       2.990413      -7.3009555479226123       1.6127968582165788        801
>