>anchorPlateId 301
>reconstructionTime 104
>DeformingMeshPoints.gpml lat_lon_velocity_domain_28_32.gpml
>MeshNode <identity>GPlates-b7a3af0e-8119-4abb-9ae6-39bb7e5702ce</identity> <revision>GPlates-7b04c5e6-7801-49f1-bcc4-23d6f4e5417f</revision>
> reconstructionPlateId 0
> validTime TimePeriod <begin> TimeInstant <timePosition>http://gplates.org/times/distantPast</timePosition></begin> <end> TimeInstant <timePosition>http://gplates.org/times/distantFuture</timePosition></end>
  46.742303      73.193361      -0.0000000000000000       0.0000000000000000        302
  49.897275      73.160987      -0.0000000000000000       0.0000000000000000        302
  53.046264      73.128161      -0.0000000000000000       0.0000000000000000        373
  56.189232      73.094982      -0.0000000000000000       0.0000000000000000        373
  59.326163      73.061551      -0.0000000000000000       0.0000000000000000        372
  62.457055      73.027969      -0.0000000000000000       0.0000000000000000        372
  65.581927      72.994336      -0.0000000000000000       0.0000000000000000        372
  68.700817      72.960752      -0.0000000000000000       0.0000000000000000        372
  71.813778      72.927316      -0.0000000000000000       0.0000000000000000        372
  74.920880      72.894127      -0.0000000000000000       0.0000000000000000        401
  78.022210      72.861282      -0.0000000000000000       0.0000000000000000        401
  81.117871      72.828875      -0.0000000000000000       0.0000000000000000        401
  84.207979      72.797002      -0.0000000000000000       0.0000000000000000        401
  87.292665      72.765753      -0.0000000000000000       0.0000000000000000        401
  90.372075      72.735218      -0.0000000000000000       0.0000000000000000        401
  93.446366      72.705484      -0.0000000000000000       0.0000000000000000        401
  96.515707      72.676634      -0.0000000000000000       0.0000000000000000        401
  99.580280      72.648751      -0.0000000000000000       0.0000000000000000        401
  102.640276      72.621913      -0.0000000000000000       0.0000000000000000        401
  105.695897      72.596194      -0.0000000000000000       0.0000000000000000        401
  108.747356      72.571666      -0.0000000000000000       0.0000000000000000        401
  111.794871      72.548398      -0.0000000000000000       0.0000000000000000        401
  114.838672      72.526452      -0.0000000000000000       0.0000000000000000        401
  117.878995      72.505890      -0.0000000000000000       0.0000000000000000        401
  120.916082      72.486767      -0.0000000000000000       0.0000000000000000        401
  123.950182      72.469137      -0.0000000000000000       0.0000000000000000        401
  126.981551      72.453047      -0.0000000000000000       0.0000000000000000          0
  130.010449      72.438540      -0.0000000000000000       0.0000000000000000          0
  133.037139      72.425656      -0.0000000000000000       0.0000000000000000          0
  136.061892      72.414431      -0.0000000000000000       0.0000000000000000          0
  139.084979      72.404893      -0.0000000000000000       0.0000000000000000          0
  142.106676      72.397069       0.1664078471413754       0.2597389704037507      42201
  145.127259      72.390980       0.2207594495519706       0.2497323557303164      42201
  46.466677      70.587619      -0.0000000000000000       0.0000000000000000        302
  49.617788      70.555290      -0.0000000000000000       0.0000000000000000        302
  52.763786      70.522500      -0.0000000000000000       0.0000000000000000        302
  55.904635      70.489349      -0.0000000000000000       0.0000000000000000        373
  59.040312      70.455937      -0.0000000000000000       0.0000000000000000        302
  62.170814      70.422364      -0.0000000000000000       0.0000000000000000        372
  65.296151      70.388732      -0.0000000000000000       0.0000000000000000        372
  68.416348      70.355139      -0.0000000000000000       0.0000000000000000        372
  71.531448      70.321686      -0.0000000000000000       0.0000000000000000        401
  74.641505      70.288470      -0.0000000000000000       0.0000000000000000        401
  77.746589      70.255590      -0.0000000000000000       0.0000000000000000        401
  80.846784      70.223141      -0.0000000000000000       0.0000000000000000        401
  83.942185      70.191218      -0.0000000000000000       0.0000000000000000        401
  87.032902      70.159912      -0.0000000000000000       0.0000000000000000        401
  90.119056      70.129314      -0.0000000000000000       0.0000000000000000        401
  93.200778      70.099512      -0.0000000000000000       0.0000000000000000        401
  96.278212      70.070590      -0.0000000000000000       0.0000000000000000        401
  99.351511      70.042631      -0.0000000000000000       0.0000000000000000        401
  102.420839      70.015713      -0.0000000000000000       0.0000000000000000        401
  105.486367      69.989914      -0.0000000000000000       0.0000000000000000        401
  108.548277      69.965304      -0.0000000000000000       0.0000000000000000        401
  111.606758      69.941953      -0.0000000000000000       0.0000000000000000        401
  114.662006      69.919926      -0.0000000000000000       0.0000000000000000        401
  117.714225      69.899285      -0.0000000000000000       0.0000000000000000        401
  120.763625      69.880086      -0.0000000000000000       0.0000000000000000        401
  123.810421      69.862383      -0.0000000000000000       0.0000000000000000        401
  126.854834      69.846224      -0.0000000000000000       0.0000000000000000      43102
  129.897091      69.831654      -0.0000000000000000       0.0000000000000000      43101
  132.937421      69.818712      -0.0000000000000000       0.0000000000000000      43101
  135.976059      69.807435      -0.0000000000000000       0.0000000000000000      43202
  139.013242      69.797853      -0.0000000000000000       0.0000000000000000      43202
  142.049210      69.789992      -0.0000000000000000       0.0000000000000000      43202
  145.084205      69.783874      -0.0000000000000000       0.0000000000000000      43202
  46.254104      67.981557      -0.0000000000000000       0.0000000000000000        302
  49.402134      67.949262      -0.0000000000000000       0.0000000000000000        302
  52.545719      67.916501      -0.0000000000000000       0.0000000000000000        302
  55.684825      67.883372      -0.0000000000000000       0.0000000000000000        302
  58.819428      67.849975      -0.0000000000000000       0.0000000000000000        302
  61.949521      67.816410      -0.0000000000000000       0.0000000000000000        302
  65.075109      67.782779      -0.0000000000000000       0.0000000000000000        302
  68.196213      67.749180      -0.0000000000000000       0.0000000000000000        390
  71.312864      67.715714      -0.0000000000000000       0.0000000000000000        401
  74.425107      67.682478      -0.0000000000000000       0.0000000000000000        401
  77.533000      67.649572      -0.0000000000000000       0.0000000000000000        401
  80.636613      67.617090      -0.0000000000000000       0.0000000000000000        401
  83.736027      67.585129      -0.0000000000000000       0.0000000000000000        401
  86.831334      67.553780      -0.0000000000000000       0.0000000000000000        401
  89.922637      67.523133      -0.0000000000000000       0.0000000000000000        401
  93.010050      67.493279      -0.0000000000000000       0.0000000000000000        401
  96.093696      67.464301      -0.0000000000000000       0.0000000000000000        401
  99.173707      67.436282      -0.0000000000000000       0.0000000000000000        401
  102.250225      67.409304      -0.0000000000000000       0.0000000000000000        401
  105.323399      67.383441      -0.0000000000000000       0.0000000000000000        401
  108.393387      67.358768      -0.0000000000000000       0.0000000000000000        401
  111.460353      67.335354      -0.0000000000000000       0.0000000000000000        401
  114.524470      67.313264      -0.0000000000000000       0.0000000000000000        401
  117.585915      67.292561      -0.0000000000000000       0.0000000000000000        401
  120.644873      67.273303      -0.0000000000000000       0.0000000000000000        401
  123.701532      67.255543      -0.0000000000000000       0.0000000000000000        401
  126.756087      67.239330      -0.0000000000000000       0.0000000000000000      43102
  129.808738      67.224711      -0.0000000000000000       0.0000000000000000      43101
  132.859686      67.211724      -0.0000000000000000       0.0000000000000000      43101
  135.909138      67.200407      -0.0000000000000000       0.0000000000000000      43202
  138.957304      67.190791      -0.0000000000000000       0.0000000000000000      43200
  142.004395      67.182901      -0.0000000000000000       0.0000000000000000      43200
  145.050627      67.176761      -0.0000000000000000       0.0000000000000000      43205
  46.084541      65.375275      -0.0000000000000000       0.0000000000000000        302
  49.230050      65.343009      -0.0000000000000000       0.0000000000000000        302
  52.371646      65.310271      -0.0000000000000000       0.0000000000000000        302
  55.509293      65.277160      -0.0000000000000000       0.0000000000000000        302
  58.642971      65.243775      -0.0000000000000000       0.0000000000000000        302
  61.772670      65.210218      -0.0000000000000000       0.0000000000000000        302
  64.898393      65.176587      -0.0000000000000000       0.0000000000000000        390
  68.020155      65.142984      -0.0000000000000000       0.0000000000000000        468
  71.137981      65.109507      -0.0000000000000000       0.0000000000000000        401
  74.251909      65.076257      -0.0000000000000000       0.0000000000000000        401
  77.361988      65.043329      -0.0000000000000000       0.0000000000000000        401
  80.468278      65.010822      -0.0000000000000000       0.0000000000000000        401
  83.570847      64.978830      -0.0000000000000000       0.0000000000000000        401
  86.669776      64.947446      -0.0000000000000000       0.0000000000000000        401
  89.765154      64.916762      -0.0000000000000000       0.0000000000000000        401
  92.857080      64.886865      -0.0000000000000000       0.0000000000000000        401
  95.945662      64.857842      -0.0000000000000000       0.0000000000000000        401
  99.031015      64.829777      -0.0000000000000000       0.0000000000000000        401
  102.113263      64.802750      -0.0000000000000000       0.0000000000000000        401
  105.192539      64.776837      -0.0000000000000000       0.0000000000000000        401
  108.268980      64.752113      -0.0000000000000000       0.0000000000000000        401
  111.342733      64.728648      -0.0000000000000000       0.0000000000000000        401
  114.413949      64.706507      -0.0000000000000000       0.0000000000000000        401
  117.482785      64.685755      -0.0000000000000000       0.0000000000000000        401
  120.549406      64.666449      -0.0000000000000000       0.0000000000000000        401
  123.613978      64.648643      -0.0000000000000000       0.0000000000000000        401
  126.676675      64.632388      -0.0000000000000000       0.0000000000000000      43102
  129.737673      64.617728      -0.0000000000000000       0.0000000000000000      43102
  132.797152      64.604706      -0.0000000000000000       0.0000000000000000      43101
  135.855298      64.593357      -0.0000000000000000       0.0000000000000000      43101
  138.912295      64.583712      -0.0000000000000000       0.0000000000000000      43101
  141.968334      64.575800      -0.0000000000000000       0.0000000000000000      43101
  145.023605      64.569641      -0.0000000000000000       0.0000000000000000      43202
  45.945616      62.768839      -0.0000000000000000       0.0000000000000000        302
  49.089017      62.736596      -0.0000000000000000       0.0000000000000000        302
  52.228938      62.703877      -0.0000000000000000       0.0000000000000000        302
  55.365346      62.670780      -0.0000000000000000       0.0000000000000000        302
  58.498221      62.637406      -0.0000000000000000       0.0000000000000000        302
  61.627553      62.603854      -0.0000000000000000       0.0000000000000000        390
  64.753341      62.570225      -0.0000000000000000       0.0000000000000000        390
  67.875599      62.536618      -0.0000000000000000       0.0000000000000000        468
  70.994346      62.503134      -0.0000000000000000       0.0000000000000000        401
  74.109616      62.469870      -0.0000000000000000       0.0000000000000000        401
  77.221449      62.436926      -0.0000000000000000       0.0000000000000000        401
  80.329898      62.404398      -0.0000000000000000       0.0000000000000000        401
  83.435023      62.372382      -0.0000000000000000       0.0000000000000000        401
  86.536893      62.340970      -0.0000000000000000       0.0000000000000000        401
  89.635588      62.310253      -0.0000000000000000       0.0000000000000000        401
  92.731194      62.280322      -0.0000000000000000       0.0000000000000000        401
  95.823806      62.251263      -0.0000000000000000       0.0000000000000000        401
  98.913528      62.223159      -0.0000000000000000       0.0000000000000000        401
  102.000468      62.196092      -0.0000000000000000       0.0000000000000000        401
  105.084744      62.170138      -0.0000000000000000       0.0000000000000000        401
  108.166479      62.145372      -0.0000000000000000       0.0000000000000000        401
  111.245804      62.121865      -0.0000000000000000       0.0000000000000000        401
  114.322852      62.099683      -0.0000000000000000       0.0000000000000000        401
  117.397766      62.078890      -0.0000000000000000       0.0000000000000000        401
  120.470690      62.059544      -0.0000000000000000       0.0000000000000000        401
  123.541776      62.041701      -0.0000000000000000       0.0000000000000000        401
  126.611177      62.025410      -0.0000000000000000       0.0000000000000000        401
  129.679053      62.010718      -0.0000000000000000       0.0000000000000000        401
  132.745565      61.997666      -0.0000000000000000       0.0000000000000000        401
  135.810877      61.986290      -0.0000000000000000       0.0000000000000000        401
  138.875158      61.976623      -0.0000000000000000       0.0000000000000000      43101
  141.938577      61.968691      -0.0000000000000000       0.0000000000000000      43101
  145.001306      61.962517      -0.0000000000000000       0.0000000000000000      43400
  45.829272      60.162287      -0.0000000000000000       0.0000000000000000        302
  48.970878      60.130064      -0.0000000000000000       0.0000000000000000        302
  52.109366      60.097361      -0.0000000000000000       0.0000000000000000        302
  55.244706      60.064277      -0.0000000000000000       0.0000000000000000        302
  58.376877      60.030912      -0.0000000000000000       0.0000000000000000        302
  61.505870      59.997365      -0.0000000000000000       0.0000000000000000        390
  64.631683      59.963737      -0.0000000000000000       0.0000000000000000        390
  67.754325      59.930127      -0.0000000000000000       0.0000000000000000        468
  70.873816      59.896636      -0.0000000000000000       0.0000000000000000        401
  73.990181      59.863363      -0.0000000000000000       0.0000000000000000        401
  77.103458      59.830405      -0.0000000000000000       0.0000000000000000        401
  80.213692      59.797859      -0.0000000000000000       0.0000000000000000        401
  83.320935      59.765822      -0.0000000000000000       0.0000000000000000        401
  86.425250      59.734386      -0.0000000000000000       0.0000000000000000        401
  89.526707      59.703644      -0.0000000000000000       0.0000000000000000        401
  92.625382      59.673684      -0.0000000000000000       0.0000000000000000        401
  95.721361      59.644594      -0.0000000000000000       0.0000000000000000        401
  98.814734      59.616458      -0.0000000000000000       0.0000000000000000        401
  101.905601      59.589356      -0.0000000000000000       0.0000000000000000        401
  104.994066      59.563368      -0.0000000000000000       0.0000000000000000        401
  108.080239      59.538567      -0.0000000000000000       0.0000000000000000        401
  111.164237      59.515024      -0.0000000000000000       0.0000000000000000        401
  114.246182      59.492808      -0.0000000000000000       0.0000000000000000        401
  117.326200      59.471981      -0.0000000000000000       0.0000000000000000        401
  120.404421      59.452602      -0.0000000000000000       0.0000000000000000        401
  123.480983      59.434727      -0.0000000000000000       0.0000000000000000        401
  126.556023      59.418407      -0.0000000000000000       0.0000000000000000        401
  129.629685      59.403687      -0.0000000000000000       0.0000000000000000        401
  132.702115      59.390610      -0.0000000000000000       0.0000000000000000        401
  135.773461      59.379212      -0.0000000000000000       0.0000000000000000        401
  138.843875      59.369525      -0.0000000000000000       0.0000000000000000      43400
  141.913509      59.361577      -0.0000000000000000       0.0000000000000000      43400
  144.982521      59.355391      -0.0000000000000000       0.0000000000000000      43400
  45.730038      57.555649      -0.0000000000000000       0.0000000000000000        302
  48.870093      57.523442      -0.0000000000000000       0.0000000000000000        302
  52.007337      57.490753      -0.0000000000000000       0.0000000000000000        302
  55.141743      57.457680      -0.0000000000000000       0.0000000000000000        302
  58.273291      57.424323      -0.0000000000000000       0.0000000000000000        302
  61.401972      57.390780      -0.0000000000000000       0.0000000000000000        390
  64.527783      57.357153      -0.0000000000000000       0.0000000000000000        468
  67.650733      57.323542      -0.0000000000000000       0.0000000000000000        468
  70.770836      57.290045      -0.0000000000000000       0.0000000000000000        468
  73.888116      57.256763      -0.0000000000000000       0.0000000000000000        401
  77.002605      57.223793      -0.0000000000000000       0.0000000000000000        401
  80.114344      57.191233      -0.0000000000000000       0.0000000000000000        401
  83.223379      57.159178      -0.0000000000000000       0.0000000000000000        401
  86.329766      57.127722      -0.0000000000000000       0.0000000000000000        401
  89.433567      57.096957      -0.0000000000000000       0.0000000000000000        401
  92.534851      57.066973      -0.0000000000000000       0.0000000000000000        401
  95.633694      57.037857      -0.0000000000000000       0.0000000000000000        401
  98.730178      57.009693      -0.0000000000000000       0.0000000000000000        401
  101.824392      56.982562      -0.0000000000000000       0.0000000000000000        401
  104.916430      56.956544      -0.0000000000000000       0.0000000000000000        401
  108.006392      56.931713      -0.0000000000000000       0.0000000000000000        401
  111.094382      56.908141      -0.0000000000000000       0.0000000000000000        401
  114.180511      56.885895      -0.0000000000000000       0.0000000000000000        401
  117.264893      56.865038      -0.0000000000000000       0.0000000000000000        401
  120.347646      56.845631      -0.0000000000000000       0.0000000000000000        401
  123.428893      56.827729      -0.0000000000000000       0.0000000000000000        401
  126.508760      56.811383      -0.0000000000000000       0.0000000000000000        401
  129.587376      56.796640      -0.0000000000000000       0.0000000000000000        401
  132.664875      56.783541      -0.0000000000000000       0.0000000000000000        401
  135.741390      56.772124      -0.0000000000000000       0.0000000000000000        401
  138.817059      56.762421      -0.0000000000000000       0.0000000000000000      43400
  141.892021      56.754459      -0.0000000000000000       0.0000000000000000          0
  144.966417      56.748262      -0.0000000000000000       0.0000000000000000          0
  45.644068      54.948943      -0.0000000000000000       0.0000000000000000        302
  48.782762      54.916751      -0.0000000000000000       0.0000000000000000        302
  51.918913      54.884074      -0.0000000000000000       0.0000000000000000        302
  55.052493      54.851011      -0.0000000000000000       0.0000000000000000        302
  58.183485      54.817660      -0.0000000000000000       0.0000000000000000        302
  61.311878      54.784122      -0.0000000000000000       0.0000000000000000        390
  64.437672      54.750495      -0.0000000000000000       0.0000000000000000        468
  67.560871      54.716882      -0.0000000000000000       0.0000000000000000        468
  70.681489      54.683381      -0.0000000000000000       0.0000000000000000        468
  73.799547      54.650091      -0.0000000000000000       0.0000000000000000        468
  76.915073      54.617111      -0.0000000000000000       0.0000000000000000        401
  80.028103      54.584538      -0.0000000000000000       0.0000000000000000        401
  83.138679      54.552468      -0.0000000000000000       0.0000000000000000        401
  86.246850      54.520995      -0.0000000000000000       0.0000000000000000        401
  89.352673      54.490210      -0.0000000000000000       0.0000000000000000        401
  92.456210      54.460205      -0.0000000000000000       0.0000000000000000        401
  95.557529      54.431066      -0.0000000000000000       0.0000000000000000        401
  98.656705      54.402878      -0.0000000000000000       0.0000000000000000        401
  101.753817      54.375723      -0.0000000000000000       0.0000000000000000        401
  104.848951      54.349679      -0.0000000000000000       0.0000000000000000        401
  107.942197      54.324822      -0.0000000000000000       0.0000000000000000        401
  111.033650      54.301224      -0.0000000000000000       0.0000000000000000        401
  114.123410      54.278951      -0.0000000000000000       0.0000000000000000        401
  117.211580      54.258069      -0.0000000000000000       0.0000000000000000        401
  120.298269      54.238638      -0.0000000000000000       0.0000000000000000        401
  123.383586      54.220712      -0.0000000000000000       0.0000000000000000        401
  126.467648      54.204344      -0.0000000000000000       0.0000000000000000        401
  129.550572      54.189580      -0.0000000000000000       0.0000000000000000        401
  132.632477      54.176463      -0.0000000000000000       0.0000000000000000        401
  135.713488      54.165029      -0.0000000000000000       0.0000000000000000        401
  138.793727      54.155311      -0.0000000000000000       0.0000000000000000        623
  141.873323      54.147338      -0.0000000000000000       0.0000000000000000          0
  144.952404      54.141131      -0.0000000000000000       0.0000000000000000          0
  45.568576      52.342183      -0.0000000000000000       0.0000000000000000        302
  48.706064      52.310004      -0.0000000000000000       0.0000000000000000        302
  51.841242      52.277339      -0.0000000000000000       0.0000000000000000        302
  54.974084      52.244284      -0.0000000000000000       0.0000000000000000        302
  58.104574      52.210939      -0.0000000000000000       0.0000000000000000        302
  61.232703      52.177404      -0.0000000000000000       0.0000000000000000        390
  64.358468      52.143779      -0.0000000000000000       0.0000000000000000        465
  67.481874      52.110164      -0.0000000000000000       0.0000000000000000        458
  70.602932      52.076658      -0.0000000000000000       0.0000000000000000        459
  73.721661      52.043362      -0.0000000000000000       0.0000000000000000        460
  76.838087      52.010373      -0.0000000000000000       0.0000000000000000        468
  79.952240      51.977789      -0.0000000000000000       0.0000000000000000        401
  83.064160      51.945706      -0.0000000000000000       0.0000000000000000        401
  86.173891      51.914217      -0.0000000000000000       0.0000000000000000        401
  89.281483      51.883416      -0.0000000000000000       0.0000000000000000        401
  92.386993      51.853392      -0.0000000000000000       0.0000000000000000        401
  95.490482      51.824233      -0.0000000000000000       0.0000000000000000        401
  98.592019      51.796024      -0.0000000000000000       0.0000000000000000        401
  101.691675      51.768847      -0.0000000000000000       0.0000000000000000        401
  104.789528      51.742781      -0.0000000000000000       0.0000000000000000        401
  107.885659      51.717901      -0.0000000000000000       0.0000000000000000        401
  110.980156      51.694279      -0.0000000000000000       0.0000000000000000        401
  114.073109      51.671984      -0.0000000000000000       0.0000000000000000        401
  117.164612      51.651080      -0.0000000000000000       0.0000000000000000        430
  120.254764      51.631627      -0.0000000000000000       0.0000000000000000        430
  123.343665      51.613681      -0.0000000000000000       0.0000000000000000        430
  126.431420      51.597293      -0.0000000000000000       0.0000000000000000        430
  129.518137      51.582511      -0.0000000000000000       0.0000000000000000        430
  132.603925      51.569377      -0.0000000000000000       0.0000000000000000        455
  135.688895      51.557928      -0.0000000000000000       0.0000000000000000        454
  138.773163      51.548198      -0.0000000000000000       0.0000000000000000        622
  141.856843      51.540214      -0.0000000000000000       0.0000000000000000          0
  144.940052      51.533999      -0.0000000000000000       0.0000000000000000          0
  45.501495      49.735381      -0.0000000000000000       0.0000000000000000        302
  48.637903      49.703214      -0.0000000000000000       0.0000000000000000        302
  51.772206      49.670558      -0.0000000000000000       0.0000000000000000        302
  54.904382      49.637510      -0.0000000000000000       0.0000000000000000        302
  58.034417      49.604171      -0.0000000000000000       0.0000000000000000        302
  61.162300      49.570639      -0.0000000000000000       0.0000000000000000        390
  64.288029      49.537015      -0.0000000000000000       0.0000000000000000        465
  67.411609      49.503399      -0.0000000000000000       0.0000000000000000        458
  70.533049      49.469890      -0.0000000000000000       0.0000000000000000        460
  73.652365      49.436588      -0.0000000000000000       0.0000000000000000        461
  76.769582      49.403591      -0.0000000000000000       0.0000000000000000        462
  79.884726      49.370997      -0.0000000000000000       0.0000000000000000        462
  82.997833      49.338902      -0.0000000000000000       0.0000000000000000        401
  86.108943      49.307400      -0.0000000000000000       0.0000000000000000        401
  89.218102      49.276584      -0.0000000000000000       0.0000000000000000        401
  92.325361      49.246543      -0.0000000000000000       0.0000000000000000        401
  95.430776      49.217367      -0.0000000000000000       0.0000000000000000        430
  98.534408      49.189139      -0.0000000000000000       0.0000000000000000        430
  101.636323      49.161942      -0.0000000000000000       0.0000000000000000        430
  104.736592      49.135856      -0.0000000000000000       0.0000000000000000        430
  107.835289      49.110955      -0.0000000000000000       0.0000000000000000        430
  110.932493      49.087313      -0.0000000000000000       0.0000000000000000        430
  114.028287      49.064998      -0.0000000000000000       0.0000000000000000        430
  117.122757      49.044074      -0.0000000000000000       0.0000000000000000        430
  120.215991      49.024601      -0.0000000000000000       0.0000000000000000        430
  123.308083      49.006637      -0.0000000000000000       0.0000000000000000        430
  126.399128      48.990232      -0.0000000000000000       0.0000000000000000        430
  129.489224      48.975433      -0.0000000000000000       0.0000000000000000        455
  132.578471      48.962285      -0.0000000000000000       0.0000000000000000        454
  135.666971      48.950823      -0.0000000000000000       0.0000000000000000        454
  138.754829      48.941081      -0.0000000000000000       0.0000000000000000        619
  141.842149      48.933088      -0.0000000000000000       0.0000000000000000          0
  144.929040      48.926866      -0.0000000000000000       0.0000000000000000          0
  45.441258      47.128545      -0.0000000000000000       0.0000000000000000        302
  48.576687      47.096388      -0.0000000000000000       0.0000000000000000        302
  51.710197      47.063740      -0.0000000000000000       0.0000000000000000        302
  54.841768      47.030700      -0.0000000000000000       0.0000000000000000        302
  57.971385      46.997365      -0.0000000000000000       0.0000000000000000        302
  61.099040      46.963836      -0.0000000000000000       0.0000000000000000        390
  64.224729      46.930213      -0.0000000000000000       0.0000000000000000        466
  67.348457      46.896595      -0.0000000000000000       0.0000000000000000        458
  70.470232      46.863083      -0.0000000000000000       0.0000000000000000        460
  73.590069      46.829776      -0.0000000000000000       0.0000000000000000        461
  76.707988      46.796772      -0.0000000000000000       0.0000000000000000        463
  79.824016      46.764170      -0.0000000000000000       0.0000000000000000        464
  82.938184      46.732064      -0.0000000000000000       0.0000000000000000        464
  86.050528      46.700550      -0.0000000000000000       0.0000000000000000        450
  89.161089      46.669720      -0.0000000000000000       0.0000000000000000        401
  92.269915      46.639665      -0.0000000000000000       0.0000000000000000        401
  95.377056      46.610472      -0.0000000000000000       0.0000000000000000        430
  98.482568      46.582228      -0.0000000000000000       0.0000000000000000        430
  101.586511      46.555013      -0.0000000000000000       0.0000000000000000        430
  104.688950      46.528909      -0.0000000000000000       0.0000000000000000        430
  107.789952      46.503990      -0.0000000000000000       0.0000000000000000        430
  110.889589      46.480330      -0.0000000000000000       0.0000000000000000        430
  113.987936      46.457996      -0.0000000000000000       0.0000000000000000        455
  117.085073      46.437054      -0.0000000000000000       0.0000000000000000        455
  120.181081      46.417564      -0.0000000000000000       0.0000000000000000        455
  123.276044      46.399583      -0.0000000000000000       0.0000000000000000        455
  126.370050      46.383162      -0.0000000000000000       0.0000000000000000        453
  129.463187      46.368349      -0.0000000000000000       0.0000000000000000        453
  132.555548      46.355187      -0.0000000000000000       0.0000000000000000        454
  135.647226      46.343714      -0.0000000000000000       0.0000000000000000        454
  138.738316      46.333962      -0.0000000000000000       0.0000000000000000          0
  141.828915      46.325960      -0.0000000000000000       0.0000000000000000          0
  144.919121      46.319731      -0.0000000000000000       0.0000000000000000          0
  45.386654      44.521679      -0.0000000000000000       0.0000000000000000        301
  48.521190      44.489532      -0.0000000000000000       0.0000000000000000        301
  51.653974      44.456892      -0.0000000000000000       0.0000000000000000        301
  54.784990      44.423858      -0.0000000000000000       0.0000000000000000        301
  57.914221      44.390528      -0.0000000000000000       0.0000000000000000        302
  61.041662      44.357002      -0.0000000000000000       0.0000000000000000        390
  64.167309      44.323379      -0.0000000000000000       0.0000000000000000        466
  67.291164      44.289761      -0.0000000000000000       0.0000000000000000        466
  70.413237      44.256246      -0.0000000000000000       0.0000000000000000        459
  73.533539      44.222934      -0.0000000000000000       0.0000000000000000        460
  76.652091      44.189924      -0.0000000000000000       0.0000000000000000        460
  79.768914      44.157313      -0.0000000000000000       0.0000000000000000        461
  82.884038      44.125198      -0.0000000000000000       0.0000000000000000        461
  85.997496      44.093673      -0.0000000000000000       0.0000000000000000        450
  89.109326      44.062831      -0.0000000000000000       0.0000000000000000        450
  92.219569      44.032762      -0.0000000000000000       0.0000000000000000        451
  95.328273      44.003555      -0.0000000000000000       0.0000000000000000        451
  98.435488      43.975295      -0.0000000000000000       0.0000000000000000        451
  101.541269      43.948065      -0.0000000000000000       0.0000000000000000        430
  104.645674      43.921944      -0.0000000000000000       0.0000000000000000        430
  107.748766      43.897009      -0.0000000000000000       0.0000000000000000        430
  110.850610      43.873332      -0.0000000000000000       0.0000000000000000        455
  113.951275      43.850981      -0.0000000000000000       0.0000000000000000        453
  117.050834      43.830023      -0.0000000000000000       0.0000000000000000        453
  120.149359      43.810517      -0.0000000000000000       0.0000000000000000        601
  123.246929      43.792521      -0.0000000000000000       0.0000000000000000        601
  126.343624      43.776086      -0.0000000000000000       0.0000000000000000        453
  129.439524      43.761260      -0.0000000000000000       0.0000000000000000        453
  132.534714      43.748086      -0.0000000000000000       0.0000000000000000        454
  135.629280      43.736602      -0.0000000000000000       0.0000000000000000        619
  138.723308      43.726841      -0.0000000000000000       0.0000000000000000          0
  141.816886      43.718831      -0.0000000000000000       0.0000000000000000        625
  144.910104      43.712596      -0.0000000000000000       0.0000000000000000          0
  45.336730      41.914790      -0.0000000000000000       0.0000000000000000        551
  48.470444      41.882651      -0.0000000000000000       0.0000000000000000        301
  51.602560      41.850019      -0.0000000000000000       0.0000000000000000        301
  54.733062      41.816990      -0.0000000000000000       0.0000000000000000        301
  57.861936      41.783664      -0.0000000000000000       0.0000000000000000        301
  60.989175      41.750141      -0.0000000000000000       0.0000000000000000        301
  64.114777      41.716519      -0.0000000000000000       0.0000000000000000        467
  67.238744      41.682900      -0.0000000000000000       0.0000000000000000        466
  70.361083      41.649382      -0.0000000000000000       0.0000000000000000        466
  73.481807      41.616066      -0.0000000000000000       0.0000000000000000        466
  76.600931      41.583050      -0.0000000000000000       0.0000000000000000        466
  79.718478      41.550432      -0.0000000000000000       0.0000000000000000        467
  82.834473      41.518308      -0.0000000000000000       0.0000000000000000        580
  85.948946      41.486773      -0.0000000000000000       0.0000000000000000        580
  89.061932      41.455920      -0.0000000000000000       0.0000000000000000        580
  92.173469      41.425839      -0.0000000000000000       0.0000000000000000        451
  95.283599      41.396619      -0.0000000000000000       0.0000000000000000        451
  98.392370      41.368345      -0.0000000000000000       0.0000000000000000        451
  101.499830      41.341100      -0.0000000000000000       0.0000000000000000        451
  104.606034      41.314964      -0.0000000000000000       0.0000000000000000        451
  107.711038      41.290014      -0.0000000000000000       0.0000000000000000        601
  110.814901      41.266321      -0.0000000000000000       0.0000000000000000        601
  113.917687      41.243956      -0.0000000000000000       0.0000000000000000        601
  117.019462      41.222983      -0.0000000000000000       0.0000000000000000        601
  120.120292      41.203462      -0.0000000000000000       0.0000000000000000        601
  123.220250      41.185452      -0.0000000000000000       0.0000000000000000        601
  126.319407      41.169004      -0.0000000000000000       0.0000000000000000        601
  129.417839      41.154166      -0.0000000000000000       0.0000000000000000        601
  132.515621      41.140981      -0.0000000000000000       0.0000000000000000          0
  135.612832      41.129487      -0.0000000000000000       0.0000000000000000          0
  138.709552      41.119718      -0.0000000000000000       0.0000000000000000          0
  141.805861      41.111701      -0.0000000000000000       0.0000000000000000        625
  144.901841      41.105460      -0.0000000000000000       0.0000000000000000          0
  45.290726      39.307881      -0.0000000000000000       0.0000000000000000        526
  48.423679      39.275750      -0.0000000000000000       0.0000000000000000        301
  51.555175      39.243125      -0.0000000000000000       0.0000000000000000        301
  54.685199      39.210101      -0.0000000000000000       0.0000000000000000        301
  57.813739      39.176779      -0.0000000000000000       0.0000000000000000        301
  60.940788      39.143258      -0.0000000000000000       0.0000000000000000        301
  64.066344      39.109637      -0.0000000000000000       0.0000000000000000        301
  67.190409      39.076017      -0.0000000000000000       0.0000000000000000        467
  70.312990      39.042497      -0.0000000000000000       0.0000000000000000        467
  73.434097      39.009177      -0.0000000000000000       0.0000000000000000        590
  76.553745      38.976156      -0.0000000000000000       0.0000000000000000        580
  79.671955      38.943531      -0.0000000000000000       0.0000000000000000        580
  82.788749      38.911399      -0.0000000000000000       0.0000000000000000        580
  85.904154      38.879855      -0.0000000000000000       0.0000000000000000        580
  89.018203      38.848991      -0.0000000000000000       0.0000000000000000        580
  92.130930      38.818899      -0.0000000000000000       0.0000000000000000        456
  95.242374      38.789666      -0.0000000000000000       0.0000000000000000        456
  98.352577      38.761380      -0.0000000000000000       0.0000000000000000        456
  101.461584      38.734122      -0.0000000000000000       0.0000000000000000        451
  104.569445      38.707972      -0.0000000000000000       0.0000000000000000        451
  107.676211      38.683007      -0.0000000000000000       0.0000000000000000        601
  110.781936      38.659301      -0.0000000000000000       0.0000000000000000        601
  113.886678      38.636921      -0.0000000000000000       0.0000000000000000        601
  116.990497      38.615934      -0.0000000000000000       0.0000000000000000        601
  120.093454      38.596401      -0.0000000000000000       0.0000000000000000        601
  123.195615      38.578378      -0.0000000000000000       0.0000000000000000        601
  126.297045      38.561918      -0.0000000000000000       0.0000000000000000        601
  129.397813      38.547069      -0.0000000000000000       0.0000000000000000          0
  132.497988      38.533874      -0.0000000000000000       0.0000000000000000          0
  135.597642      38.522371      -0.0000000000000000       0.0000000000000000          0
  138.696848      38.512593      -0.0000000000000000       0.0000000000000000          0
  141.795678      38.504570      -0.0000000000000000       0.0000000000000000        625
  144.894208      38.498324      -0.0000000000000000       0.0000000000000000          0
  45.248030      36.700955      -0.0000000000000000       0.0000000000000000        505
  48.380272      36.668832      -0.0000000000000000       0.0000000000000000        505
  51.511188      36.636212      -0.0000000000000000       0.0000000000000000        505
  54.640764      36.603194      -0.0000000000000000       0.0000000000000000        505
  57.768990      36.569876      -0.0000000000000000       0.0000000000000000        505
  60.895859      36.536356      -0.0000000000000000       0.0000000000000000        301
  64.021368      36.502736      -0.0000000000000000       0.0000000000000000        301
  67.145520      36.469115      -0.0000000000000000       0.0000000000000000        301
  70.268321      36.435593      -0.0000000000000000       0.0000000000000000        301
  73.389781      36.402270      -0.0000000000000000       0.0000000000000000          0
  76.509912      36.369244      -0.0000000000000000       0.0000000000000000          0
  79.628734      36.336613      -0.0000000000000000       0.0000000000000000        457
  82.746266      36.304473      -0.0000000000000000       0.0000000000000000        580
  85.862535      36.272921      -0.0000000000000000       0.0000000000000000        457
  88.977568      36.242047      -0.0000000000000000       0.0000000000000000        457
  92.091397      36.211944      -0.0000000000000000       0.0000000000000000        457
  95.204059      36.182701      -0.0000000000000000       0.0000000000000000        456
  98.315590      36.154402      -0.0000000000000000       0.0000000000000000        456
  101.426033      36.127132      -0.0000000000000000       0.0000000000000000        456
  104.535432      36.100969      -0.0000000000000000       0.0000000000000000        456
  107.643834      36.075991      -0.0000000000000000       0.0000000000000000        601
  110.751288      36.052272      -0.0000000000000000       0.0000000000000000        601
  113.857847      36.029879      -0.0000000000000000       0.0000000000000000        601
  116.963565      36.008879      -0.0000000000000000       0.0000000000000000        601
  120.068499      35.989334      -0.0000000000000000       0.0000000000000000        601
  123.172707      35.971299      -0.0000000000000000       0.0000000000000000        601
  126.276250      35.954828      -0.0000000000000000       0.0000000000000000        601
  129.379190      35.939968      -0.0000000000000000       0.0000000000000000        601
  132.481590      35.926763      -0.0000000000000000       0.0000000000000000          0
  135.583515      35.915252      -0.0000000000000000       0.0000000000000000          0
  138.685032      35.905467      -0.0000000000000000       0.0000000000000000        629
  141.786208      35.897438      -0.0000000000000000       0.0000000000000000        627
  144.887109      35.891187      -0.0000000000000000       0.0000000000000000          0
  45.208136      34.094015      -2.6512830289274976       1.0017880204075269        503
  48.339711      34.061899      -0.0000000000000000       0.0000000000000000        505
  51.470082      34.029285      -0.0000000000000000       0.0000000000000000        505
  54.599237      33.996271      -0.0000000000000000       0.0000000000000000        505
  57.727165      33.962956      -0.0000000000000000       0.0000000000000000        505
  60.853862      33.929439      -0.0000000000000000       0.0000000000000000        506
  63.979325      33.895819      -0.0000000000000000       0.0000000000000000        506
  67.103555      33.862198      -0.0000000000000000       0.0000000000000000      50601
  70.226558      33.828674      -0.0000000000000000       0.0000000000000000        501
  73.348343      33.795347      -0.0000000000000000       0.0000000000000000        501
  76.468923      33.762317      -2.4078823351913892       0.8701741533898524        606
  79.588313      33.729680      -2.3377277824210947       0.9414174313776317        606
  82.706534      33.697534      -2.2606758471300608       1.0102975798660159        606
  85.823606      33.665973      -2.1769617204501941       1.0766225332689225        606
  88.939557      33.635091      -2.0868395833671154       1.1402089358722007        606
  92.054416      33.604978      -1.9905817938904065       1.2008825207110063        606
  95.168214      33.575724      -0.0000000000000000       0.0000000000000000          0
  98.280986      33.547414      -0.0000000000000000       0.0000000000000000        457
  101.392769      33.520132      -0.0000000000000000       0.0000000000000000        457
  104.503605      33.493957      -0.0000000000000000       0.0000000000000000        602
  107.613536      33.468967      -0.0000000000000000       0.0000000000000000        602
  110.722606      33.445235      -0.0000000000000000       0.0000000000000000        601
  113.830864      33.422831      -0.0000000000000000       0.0000000000000000        601
  116.938358      33.401819      -0.0000000000000000       0.0000000000000000        601
  120.045141      33.382261      -0.0000000000000000       0.0000000000000000        601
  123.151264      33.364216      -0.0000000000000000       0.0000000000000000        601
  126.256784      33.347734      -0.0000000000000000       0.0000000000000000        601
  129.361756      33.332865      -0.0000000000000000       0.0000000000000000          0
  132.466239      33.319651      -0.0000000000000000       0.0000000000000000          0
  135.570290      33.308132      -0.0000000000000000       0.0000000000000000          0
  138.673971      33.298340      -0.0000000000000000       0.0000000000000000          0
  141.777341      33.290306      -0.0000000000000000       0.0000000000000000          0
  144.880464      33.284050      -0.0000000000000000       0.0000000000000000          0
  45.170628      31.487063      -2.6494985072426727       1.1803625755494003        503
  48.301573      31.454953      -2.7944771879918968       1.2601975951454116        503
  51.431429      31.422345      -0.0000000000000000       0.0000000000000000          0
  54.560184      31.389336      -0.0000000000000000       0.0000000000000000        505
  57.687830      31.356024      -0.0000000000000000       0.0000000000000000        505
  60.814361      31.322508      -0.0000000000000000       0.0000000000000000      50601
  63.939777      31.288889      -0.0000000000000000       0.0000000000000000      50601
  67.064077      31.255267      -0.0000000000000000       0.0000000000000000      50601
  70.187268      31.221741      -0.0000000000000000       0.0000000000000000        501
  73.309357      31.188412      -0.0000000000000000       0.0000000000000000        501
  76.430356      31.155377      -0.0000000000000000       0.0000000000000000        501
  79.550278      31.122735      -0.0000000000000000       0.0000000000000000        501
  82.669143      31.090582      -2.2616399096836330       0.9583302549755910        606
  85.786970      31.059014      -2.1779835724236873       1.0200340294776875        606
  88.903782      31.028123      -2.0879098496502779       1.0791828713201428        606
  92.019606      30.998001      -1.9916905450761766       1.1356152824692654        606
  95.134472      30.968737      -1.8896149010608756       1.1891785945583599        606
  98.248409      30.940417      -0.0000000000000000       0.0000000000000000          0
  101.361453      30.913123      -0.0000000000000000       0.0000000000000000        602
  104.473640      30.886938      -0.0000000000000000       0.0000000000000000        602
  107.585009      30.861936      -0.0000000000000000       0.0000000000000000        602
  110.695599      30.838193      -0.0000000000000000       0.0000000000000000        602
  113.805455      30.815777      -0.0000000000000000       0.0000000000000000        602
  116.914621      30.794753      -0.0000000000000000       0.0000000000000000        602
  120.023144      30.775185      -0.0000000000000000       0.0000000000000000        602
  123.131070      30.757129      -0.0000000000000000       0.0000000000000000        602
  126.238451      30.740637      -0.0000000000000000       0.0000000000000000        602
  129.345337      30.725759      -0.0000000000000000       0.0000000000000000          0
  132.451780      30.712537      -0.0000000000000000       0.0000000000000000          0
  135.557833      30.701010      -0.0000000000000000       0.0000000000000000          0
  138.663552      30.691213      -0.0000000000000000       0.0000000000000000          0
  141.768990      30.683172      -0.0000000000000000       0.0000000000000000          0
  144.874203      30.676913      -0.0000000000000000       0.0000000000000000          0
  45.135155      28.880100      -2.6478097722997038       1.3566752009156950        503
  48.265501      28.847997      -2.7928535964203460       1.4305677127871150        503
  51.394867      28.815394      -2.9295214448469067       1.5080317878911531        503
  54.523242      28.782389      -0.0000000000000000       0.0000000000000000          0
  57.650618      28.749080      -0.0000000000000000       0.0000000000000000        505
  60.776991      28.715566      -0.0000000000000000       0.0000000000000000        505
  63.902359      28.681948      -0.0000000000000000       0.0000000000000000      50601
  67.026723      28.648325      -0.0000000000000000       0.0000000000000000        501
  70.150088      28.614798      -0.0000000000000000       0.0000000000000000        501
  73.272462      28.581465      -0.0000000000000000       0.0000000000000000        501
  76.393854      28.548426      -0.0000000000000000       0.0000000000000000        501
  79.514279      28.515779      -0.0000000000000000       0.0000000000000000        501
  82.633751      28.483620      -0.0000000000000000       0.0000000000000000        501
  85.752289      28.452044      -0.0000000000000000       0.0000000000000000        501
  88.869914      28.421146      -2.0889223025308525       1.0160571500057112        606
  91.986651      28.391015      -0.0000000000000000       0.0000000000000000        501
  95.102525      28.361742      -0.0000000000000000       0.0000000000000000        501
  98.217564      28.333411      -1.7830811477313011       1.1641547340010963        606
  101.331800      28.306108      -0.0000000000000000       0.0000000000000000        602
  104.445264      28.279912      -0.0000000000000000       0.0000000000000000        602
  107.557993      28.254899      -0.0000000000000000       0.0000000000000000        602
  110.670022      28.231145      -0.0000000000000000       0.0000000000000000        602
  113.781391      28.208718      -0.0000000000000000       0.0000000000000000        602
  116.892139      28.187684      -0.0000000000000000       0.0000000000000000        602
  120.002308      28.168105      -0.0000000000000000       0.0000000000000000        602
  123.111942      28.150039      -0.0000000000000000       0.0000000000000000        602
  126.221085      28.133538      -0.0000000000000000       0.0000000000000000        602
  129.329783      28.118651      -0.0000000000000000       0.0000000000000000          0
  132.438083      28.105422      -0.0000000000000000       0.0000000000000000          0
  135.546033      28.093888      -0.0000000000000000       0.0000000000000000          0
  138.653681      28.084084      -0.0000000000000000       0.0000000000000000          0
  141.761078      28.076039      -0.0000000000000000       0.0000000000000000          0
  144.868273      28.069775      -0.0000000000000000       0.0000000000000000          0
  45.101420      26.273129      -2.6462028400369597       1.5303468469453640        503
  48.231195      26.241031      -2.7913084272130964       1.5981559090678137        503
  51.360093      26.208433      -2.9280500161827261       1.6692272314619367        503
  54.488103      26.175432      -3.0560267129763869       1.7433311609853264        503
  57.615220      26.142126      -0.0000000000000000       0.0000000000000000      50602
  60.741439      26.108614      -0.0000000000000000       0.0000000000000000      50602
  63.866759      26.074997      -0.0000000000000000       0.0000000000000000      50602
  66.991182      26.041373      -0.0000000000000000       0.0000000000000000        501
  70.114711      26.007844      -0.0000000000000000       0.0000000000000000        501
  73.237353      25.974509      -0.0000000000000000       0.0000000000000000        501
  76.359118      25.941466      -0.0000000000000000       0.0000000000000000        501
  79.480017      25.908814      -0.0000000000000000       0.0000000000000000        501
  82.600065      25.876649      -0.0000000000000000       0.0000000000000000        501
  85.719278      25.845067      -0.0000000000000000       0.0000000000000000        501
  88.837675      25.814161      -0.0000000000000000       0.0000000000000000        501
  91.955278      25.784022      -0.0000000000000000       0.0000000000000000        501
  95.072110      25.754740      -0.0000000000000000       0.0000000000000000        607
  98.188197      25.726400       0.0716411677860069      -0.1160983013692608        603
  101.303565      25.699086      -0.0000000000000000       0.0000000000000000        602
  104.418245      25.672880      -0.0000000000000000       0.0000000000000000        602
  107.532268      25.647857      -0.0000000000000000       0.0000000000000000        602
  110.645666      25.624092      -0.0000000000000000       0.0000000000000000        602
  113.758473      25.601655      -0.0000000000000000       0.0000000000000000        602
  116.870727      25.580611      -0.0000000000000000       0.0000000000000000        602
  119.982464      25.561023      -0.0000000000000000       0.0000000000000000        602
  123.093723      25.542947      -0.0000000000000000       0.0000000000000000        602
  126.204544      25.526437      -0.0000000000000000       0.0000000000000000          0
  129.314968      25.511542      -0.0000000000000000       0.0000000000000000          0
  132.425036      25.498305      -0.0000000000000000       0.0000000000000000          0
  135.534792      25.486764      -0.0000000000000000       0.0000000000000000          0
  138.644279      25.476955      -0.0000000000000000       0.0000000000000000          0
  141.753541      25.468904      -0.0000000000000000       0.0000000000000000          0
  144.862623      25.462637      -0.0000000000000000       0.0000000000000000          0
  45.069168      23.666150      -2.6446656988752046       1.7010062868396936        503
  48.198395      23.634058      -2.7898301617641690       1.7626027413599852        503
  51.326843      23.601465      -2.9266420900843992       1.8271446441037043        503
  54.454503      23.568467      -3.0546997366588622       1.8944221268962029        503
  57.581370      23.535164      -0.0000000000000000       0.0000000000000000      50602
  60.707440      23.501654      -0.0000000000000000       0.0000000000000000      50602
  63.832712      23.468037      -0.0000000000000000       0.0000000000000000      50602
  66.957188      23.434413      -0.0000000000000000       0.0000000000000000        501
  70.080871      23.400883      -0.0000000000000000       0.0000000000000000        501
  73.203768      23.367545      -0.0000000000000000       0.0000000000000000        501
  76.325887      23.334498      -0.0000000000000000       0.0000000000000000        501
  79.447238      23.301841      -0.0000000000000000       0.0000000000000000        501
  82.567835      23.269671      -0.0000000000000000       0.0000000000000000        501
  85.687692      23.238082      -0.0000000000000000       0.0000000000000000        501
  88.806826      23.207169      -0.0000000000000000       0.0000000000000000        501
  91.925256      23.177022      -0.0000000000000000       0.0000000000000000        607
  95.043004      23.147731      -0.0000000000000000       0.0000000000000000       7250
  98.160091      23.119383       0.0716995305036820      -0.1125008400235001        603
  101.276542      23.092060       0.0218040168489406      -0.0738666481436514      60401
  104.392384      23.065843      -0.0000000000000000       0.0000000000000000        602
  107.507643      23.040811      -0.0000000000000000       0.0000000000000000        602
  110.622350      23.017036      -0.0000000000000000       0.0000000000000000        602
  113.736535      22.994589      -0.0000000000000000       0.0000000000000000        602
  116.850229      22.973535      -0.0000000000000000       0.0000000000000000        602
  119.963466      22.953937      -0.0000000000000000       0.0000000000000000        602
  123.076281      22.935853      -0.0000000000000000       0.0000000000000000          0
  126.188707      22.919334      -0.0000000000000000       0.0000000000000000          0
  129.300783      22.904431      -0.0000000000000000       0.0000000000000000          0
  132.412544      22.891187      -0.0000000000000000       0.0000000000000000          0
  135.524029      22.879640      -0.0000000000000000       0.0000000000000000          0
  138.635276      22.869825      -0.0000000000000000       0.0000000000000000          0
  141.746324      22.861770      -0.0000000000000000       0.0000000000000000          0
  144.857213      22.855499      -0.0000000000000000       0.0000000000000000          0
  45.038178      21.059164      -2.6431879153659592       1.8682904790469781        503
  48.166876      21.027078      -2.7884087917403533       1.9235573546568847        503
  51.294890      20.994490      -2.9252881602963150       1.9814460633899378        503
  54.422211      20.961496      -3.0534234576954908       2.0417668401574924        503
  57.548836      20.928195      -3.1724387634486648       2.1043241337460565        503
  60.674760      20.894687      -0.0000000000000000       0.0000000000000000          0
  63.799984      20.861070      -0.0000000000000000       0.0000000000000000          0
  66.924510      20.827446      -0.0000000000000000       0.0000000000000000          0
  70.048339      20.793914      -0.0000000000000000       0.0000000000000000        501
  73.171479      20.760573      -0.0000000000000000       0.0000000000000000        501
  76.293936      20.727523      -0.0000000000000000       0.0000000000000000        501
  79.415720      20.694862      -0.0000000000000000       0.0000000000000000        501
  82.536843      20.662687      -0.0000000000000000       0.0000000000000000        501
  85.657317      20.631092      -0.0000000000000000       0.0000000000000000        501
  88.777158      20.600171      -0.0000000000000000       0.0000000000000000          0
  91.896382      20.570017      -0.0000000000000000       0.0000000000000000        607
  95.015008      20.540718      -0.0000000000000000       0.0000000000000000       7250
  98.133056      20.512360       0.0717556511310474      -0.1086738979976453        603
  101.250548      20.485029       0.0220940416261352      -0.0436087745955215      60401
  104.367506      20.458803      -0.0126981856552403      -0.0433932218558985      60405
  107.483954      20.433761      -0.0000000000000000       0.0000000000000000        602
  110.599919      20.409976      -0.0000000000000000       0.0000000000000000        602
  113.715428      20.387520      -0.0000000000000000       0.0000000000000000        602
  116.830507      20.366457      -0.0000000000000000       0.0000000000000000        612
  119.945187      20.346850      -0.0000000000000000       0.0000000000000000          0
  123.059497      20.328756      -0.0000000000000000       0.0000000000000000          0
  126.173469      20.312230      -0.0000000000000000       0.0000000000000000          0
  129.287133      20.297319      -0.0000000000000000       0.0000000000000000          0
  132.400523      20.284068      -0.0000000000000000       0.0000000000000000          0
  135.513671      20.272515      -0.0000000000000000       0.0000000000000000          0
  138.626612      20.262694      -0.0000000000000000       0.0000000000000000          0
  141.739379      20.254635      -0.0000000000000000       0.0000000000000000          0
  144.852007      20.248361      -0.0000000000000000       0.0000000000000000          0
  45.008256      18.452174      -2.6417603224384814       2.0318450039641718        503
  48.136442      18.420093      -2.7870355207969344       2.0806778717552485        503
  51.264034      18.387509      -2.9239798689122636       2.1318028662877664        503
  54.391027      18.354518      -3.0521900188195081       2.1850506081286456        503
  57.517415      18.321220      -3.1712891491064137       2.2402468233103616        503
  60.643197      18.287713      -0.0000000000000000       0.0000000000000000          0
  63.768373      18.254098      -0.0000000000000000       0.0000000000000000          0
  66.892944      18.220473      -0.0000000000000000       0.0000000000000000          0
  70.016913      18.186939      -0.0000000000000000       0.0000000000000000          0
  73.140285      18.153596      -0.0000000000000000       0.0000000000000000        501
  76.263068      18.120543      -0.0000000000000000       0.0000000000000000        501
  79.385268      18.087878      -0.0000000000000000       0.0000000000000000        501
  82.506897      18.055697      -0.0000000000000000       0.0000000000000000        501
  85.627966      18.024096      -0.0000000000000000       0.0000000000000000          0
  88.748488      17.993169      -0.0000000000000000       0.0000000000000000          0
  91.868478      17.963007      -0.0000000000000000       0.0000000000000000          0
  94.987952      17.933700      -0.0000000000000000       0.0000000000000000       7250
  98.106928      17.905334       0.0718098765592617      -0.1046252195635885        603
  101.225423      17.877994       0.0223743602209656      -0.0132614994288802      60401
  104.343459      17.851759      -0.0124297816690471      -0.0130388750301731        604
  107.461056      17.826708      -0.0471922362606810      -0.0122502430180689      60405
  110.578236      17.802914      -0.0000000000000000       0.0000000000000000      60201
  113.695023      17.780448      -0.0000000000000000       0.0000000000000000          0
  116.811441      17.759376      -0.0000000000000000       0.0000000000000000          0
  119.927515      17.739760      -0.0000000000000000       0.0000000000000000          0
  123.043271      17.721659      -0.0000000000000000       0.0000000000000000          0
  126.158735      17.705124      -0.0000000000000000       0.0000000000000000          0
  129.273936      17.690206      -0.0000000000000000       0.0000000000000000          0
  132.388900      17.676948      -0.0000000000000000       0.0000000000000000          0
  135.503657      17.665389      -0.0000000000000000       0.0000000000000000          0
  138.618235      17.655563      -0.0000000000000000       0.0000000000000000          0
  141.732664      17.647500      -0.0000000000000000       0.0000000000000000          0
  144.846973      17.641222      -0.0000000000000000       0.0000000000000000          0
  44.979230      15.845178      -2.6403747694648305       2.1913245522163107        503
  48.106917      15.813103      -2.7857025253458132       2.2336318389519927        503
  51.234099      15.780523      -2.9227097796714645       2.2778961721014626        503
  54.360770      15.747536      -3.0509924265403043       2.3239688032692252        503
  57.486928      15.714240      -0.0000000000000000       0.0000000000000000          0
  60.612570      15.680735      -0.0000000000000000       0.0000000000000000          0
  63.737698      15.647120      -0.0000000000000000       0.0000000000000000          0
  66.862311      15.613495      -0.0000000000000000       0.0000000000000000          0
  69.986413      15.579960      -0.0000000000000000       0.0000000000000000          0
  73.110010      15.546615      -0.0000000000000000       0.0000000000000000        501
  76.233106      15.513558      -0.0000000000000000       0.0000000000000000        501
  79.355709      15.480888      -0.0000000000000000       0.0000000000000000        501
  82.477827      15.448703      -0.0000000000000000       0.0000000000000000          0
  85.599472      15.417096      -0.0000000000000000       0.0000000000000000          0
  88.720654      15.386162      -0.0000000000000000       0.0000000000000000          0
  91.841386      15.355994      -0.0000000000000000       0.0000000000000000          0
  94.961682      15.326679      -0.0000000000000000       0.0000000000000000       7250
  98.081557      15.298305       0.0718625153721637      -0.1003630390618778      60302
  101.201026      15.270956       0.0226465595960880       0.0171123761616230      60401
  104.320107      15.244712      -0.0121691337936993       0.0173430209955091        604
  107.438818      15.219652      -0.0469446508583639       0.0180574624382164        604
  110.557178      15.195849      -0.0000000000000000       0.0000000000000000          0
  113.675206      15.173374      -0.0000000000000000       0.0000000000000000        612
  116.792923      15.152294      -0.0000000000000000       0.0000000000000000          0
  119.910351      15.132670      -0.0000000000000000       0.0000000000000000          0
  123.027510      15.114560      -0.0000000000000000       0.0000000000000000          0
  126.144424      15.098018      -0.0000000000000000       0.0000000000000000          0
  129.261116      15.083092      -0.0000000000000000       0.0000000000000000          0
  132.377610      15.069828      -0.0000000000000000       0.0000000000000000          0
  135.493928      15.058263      -0.0000000000000000       0.0000000000000000          0
  138.610097      15.048432      -0.0000000000000000       0.0000000000000000          0
  141.726140      15.040364      -0.0000000000000000       0.0000000000000000          0
  144.842083      15.034083      -0.0000000000000000       0.0000000000000000          0
  44.950944      13.238179      -2.6390239188804134       2.3463934477614625        503
  48.078144      13.206109      -2.7844027598024748       2.3820967095511318        503
  51.204924      13.173533      -0.0000000000000000       0.0000000000000000          0
  54.331281      13.140549      -0.0000000000000000       0.0000000000000000          0
  57.457212      13.107256      -0.0000000000000000       0.0000000000000000          0
  60.582716      13.073753      -0.0000000000000000       0.0000000000000000          0
  63.707794      13.040138      -0.0000000000000000       0.0000000000000000          0
  66.832447      13.006513      -0.0000000000000000       0.0000000000000000          0
  69.956678      12.972976      -0.0000000000000000       0.0000000000000000          0
  73.080491      12.939629      -0.0000000000000000       0.0000000000000000          0
  76.203891      12.906569      -0.0000000000000000       0.0000000000000000        501
  79.326885      12.873895      -0.0000000000000000       0.0000000000000000        501
  82.449480      12.841705      -0.0000000000000000       0.0000000000000000          0
  85.571685      12.810092      -0.0000000000000000       0.0000000000000000          0
  88.693509      12.779153      -0.0000000000000000       0.0000000000000000          0
  91.814963      12.748977      -0.0000000000000000       0.0000000000000000          0
  94.936060      12.719654      -0.0000000000000000       0.0000000000000000          0
  98.056810      12.691272       0.0719138455193010      -0.0958960597655860      60302
  101.177228      12.663915       0.0229120703838885       0.0474499903986806      60402
  104.297328      12.637663      -0.0119148735468474       0.0476895330182960        604
  107.417125      12.612594      -0.0467031176874533       0.0483295342583372        604
  110.536634      12.588783      -0.0000000000000000       0.0000000000000000        612
  113.655873      12.566299      -0.0000000000000000       0.0000000000000000          0
  116.774856      12.545210      -0.0000000000000000       0.0000000000000000        613
  119.893604      12.525577      -0.0000000000000000       0.0000000000000000          0
  123.012132      12.507460      -0.0000000000000000       0.0000000000000000          0
  126.130461      12.490910      -3.7050507314887073      -4.9828206497046645        678
  129.248608      12.475978      -0.0000000000000000       0.0000000000000000          0
  132.366593      12.462707      -0.0000000000000000       0.0000000000000000          0
  135.484436      12.451136      -0.0000000000000000       0.0000000000000000          0
  138.602156      12.441301      -0.0000000000000000       0.0000000000000000          0
  141.719774      12.433229      -0.0000000000000000       0.0000000000000000          0
  144.837310      12.426945      -0.0000000000000000       0.0000000000000000          0
  44.923258      10.631177      -0.0000000000000000       0.0000000000000000          0
  48.049979      10.599111      -1.2475021050342514       1.0139722149496291        709
  51.176365      10.566540      -0.0000000000000000       0.0000000000000000          0
  54.302412      10.533560      -0.0000000000000000       0.0000000000000000          0
  57.428120      10.500269      -0.0000000000000000       0.0000000000000000          0
  60.553487      10.466767      -0.0000000000000000       0.0000000000000000          0
  63.678515      10.433153      -0.0000000000000000       0.0000000000000000          0
  66.803206      10.399527      -0.0000000000000000       0.0000000000000000          0
  69.927561      10.365989      -0.0000000000000000       0.0000000000000000          0
  73.051584      10.332640      -0.0000000000000000       0.0000000000000000          0
  76.175281      10.299577      -0.0000000000000000       0.0000000000000000        501
  79.298656      10.266899      -0.0000000000000000       0.0000000000000000        501
  82.421715      10.234704      -0.0000000000000000       0.0000000000000000          0
  85.544467      10.203086      -0.0000000000000000       0.0000000000000000          0
  88.666919      10.172140      -0.0000000000000000       0.0000000000000000          0
  91.789080      10.141957      -0.0000000000000000       0.0000000000000000          0
  94.910958      10.112628      -0.0000000000000000       0.0000000000000000          0
  98.032566      10.084238       0.0719641206668673      -0.0912334326817855      60302
  101.153912      10.056872       0.0231721993994216       0.0776885514088323      60402
  104.275009      10.030612      -0.0116657506291552       0.0779378067553420      60402
  107.395869      10.005535      -0.0464664500488567       0.0785032326828045        604
  110.516504       9.981715      -0.0000000000000000       0.0000000000000000        612
  113.636927       9.959223      -0.0000000000000000       0.0000000000000000        613
  116.757152       9.938125      -0.0000000000000000       0.0000000000000000        613
  119.877192       9.918484      -0.0000000000000000       0.0000000000000000          0
  122.997062       9.900359      -0.0000000000000000       0.0000000000000000          0
  126.116776       9.883802      -0.0000000000000000       0.0000000000000000          0
  129.236348       9.868863      -0.0000000000000000       0.0000000000000000          0
  132.355795       9.855586      -0.0000000000000000       0.0000000000000000          0
  135.475132       9.844010      -0.0000000000000000       0.0000000000000000          0
  138.594373       9.834169      -0.0000000000000000       0.0000000000000000          0
  141.713535       9.826093      -0.0000000000000000       0.0000000000000000          0
  144.832633       9.819806      -0.0000000000000000       0.0000000000000000          0
  44.896042       8.024173      -1.2508934070438620       1.0074845954870268        709
  48.022290       7.992112      -1.2475483443536848       1.0170278674887476        709
  51.148286       7.959544      -0.0000000000000000       0.0000000000000000          0
  54.274028       7.926567      -0.0000000000000000       0.0000000000000000          0
  57.399514       7.893279      -0.0000000000000000       0.0000000000000000          0
  60.524746       7.859778      -0.0000000000000000       0.0000000000000000          0
  63.649723       7.826165      -0.0000000000000000       0.0000000000000000          0
  66.774448       7.792539      -0.0000000000000000       0.0000000000000000          0
  69.898924       7.759000      -0.0000000000000000       0.0000000000000000          0
  73.023153       7.725648      -0.0000000000000000       0.0000000000000000          0
  76.147139       7.692582      -0.0000000000000000       0.0000000000000000        501
  79.270888       7.659900      -0.0000000000000000       0.0000000000000000          0
  82.394403       7.627700      -0.0000000000000000       0.0000000000000000          0
  85.517692       7.596077      -0.0000000000000000       0.0000000000000000          0
  88.640760       7.565125      -0.0000000000000000       0.0000000000000000          0
  91.763614       7.534936      -0.0000000000000000       0.0000000000000000          0
  94.886261       7.505599      -0.0000000000000000       0.0000000000000000          0
  98.008711       7.477202       0.0720135755522814      -0.0863847351600202      60302
  101.130970       7.449828       0.0011959270375758      -0.0001579275573044        647
  104.253047       7.423560      -0.0114206066927639       0.1080251960899738      60402
  107.374952       7.398474      -0.0462335482941836       0.1085160351910689      60402
  110.496694       7.374645      -0.0000000000000000       0.0000000000000000        613
  113.618283       7.352145      -0.0000000000000000       0.0000000000000000        613
  116.739728       7.331039      -0.0000000000000000       0.0000000000000000          0
  119.861040       7.311390      -0.0000000000000000       0.0000000000000000          0
  122.982229       7.293257      -0.0000000000000000       0.0000000000000000          0
  126.103306       7.276693      -0.0000000000000000       0.0000000000000000          0
  129.224282       7.261747      -0.0000000000000000       0.0000000000000000          0
  132.345167       7.248464      -0.0000000000000000       0.0000000000000000          0
  135.465974       7.236882      -0.0000000000000000       0.0000000000000000          0
  138.586712       7.227037      -0.0000000000000000       0.0000000000000000          0
  141.707393       7.218958      -0.0000000000000000       0.0000000000000000          0
  144.828029       7.212667      -0.0000000000000000       0.0000000000000000          0
  44.869172       5.417166      -1.2509060260463061       1.0115970646520462        709
  47.994953       5.385110      -1.2475937104098072       1.0180333422693935        709
  51.120563       5.352547      -0.0000000000000000       0.0000000000000000          0
  54.246001       5.319573      -0.0000000000000000       0.0000000000000000          0
  57.371268       5.286287      -0.0000000000000000       0.0000000000000000          0
  60.496363       5.252788      -0.0000000000000000       0.0000000000000000          0
  63.621289       5.219175      -0.0000000000000000       0.0000000000000000          0
  66.746047       5.185549      -0.0000000000000000       0.0000000000000000          0
  69.870640       5.152008      -0.0000000000000000       0.0000000000000000          0
  72.995071       5.118654      -0.0000000000000000       0.0000000000000000          0
  76.119342       5.085585      -0.0000000000000000       0.0000000000000000          0
  79.243458       5.052900      -0.0000000000000000       0.0000000000000000          0
  82.367422       5.020695      -0.0000000000000000       0.0000000000000000          0
  85.491240       4.989067      -0.0000000000000000       0.0000000000000000          0
  88.614915       4.958109      -0.0000000000000000       0.0000000000000000          0
  91.738453       4.927913      -0.0000000000000000       0.0000000000000000          0
  94.861859       4.898569       0.0019877753923000       0.0001846712730620      67352
  97.985139       4.870164       0.0015956612446373       0.0001799390968661      67301
  101.108299       4.842783       0.0011988221274144       0.0001769876508328        647
  104.231344       4.816506       0.0007984365749211       0.0001757904124393      64701
  107.354281       4.791412      -0.0460033783617893       0.1383057644825539      60402
  110.477116       4.767575      -0.0000000000000000       0.0000000000000000      61404
  113.599856       4.745066      -0.0000000000000000       0.0000000000000000          0
  116.722507       4.723952      -0.0000000000000000       0.0000000000000000          0
  119.845075       4.704296      -0.0000000000000000       0.0000000000000000          0
  122.967568       4.686155      -0.0000000000000000       0.0000000000000000          0
  126.089993       4.669584      -0.0000000000000000       0.0000000000000000          0
  129.212355       4.654631      -0.0000000000000000       0.0000000000000000          0
  132.334662       4.641342      -0.0000000000000000       0.0000000000000000          0
  135.456921       4.629755      -0.0000000000000000       0.0000000000000000          0
  138.579138       4.619905      -0.0000000000000000       0.0000000000000000          0
  141.701322       4.611822      -0.0000000000000000       0.0000000000000000          0
  144.823477       4.605528      -0.0000000000000000       0.0000000000000000          0
  44.842533       2.810159      -1.2509182649733839       1.0136689334271072        709
  47.967850       2.778107      -0.0000000000000000       0.0000000000000000          0
  51.093076       2.745548      -0.0000000000000000       0.0000000000000000          0
  54.218211       2.712578      -0.0000000000000000       0.0000000000000000          0
  57.343258       2.679294      -0.0000000000000000       0.0000000000000000          0
  60.468217       2.645796      -0.0000000000000000       0.0000000000000000          0
  63.593091       2.612184      -0.0000000000000000       0.0000000000000000          0
  66.717880       2.578557      -0.0000000000000000       0.0000000000000000          0
  69.842588       2.545016      -0.0000000000000000       0.0000000000000000          0
  72.967217       2.511660      -0.0000000000000000       0.0000000000000000          0
  76.091769       2.478588      -0.0000000000000000       0.0000000000000000          0
  79.216248       2.445899      -0.0000000000000000       0.0000000000000000          0
  82.340656       2.413689      -0.0000000000000000       0.0000000000000000          0
  85.464997       2.382056      -0.0000000000000000       0.0000000000000000          0
  88.589274       2.351092      -0.0000000000000000       0.0000000000000000          0
  91.713489       2.320889      -0.0000000000000000       0.0000000000000000          0
  94.837647       2.291538      -0.0000000000000000       0.0000000000000000          0
  97.961750       2.263126       0.0015986167506109       0.0005109994326002      67352
  101.085802       2.235736       0.0012016947804899       0.0005114935403939      67301
  104.209807       2.209452       0.0008012072158362       0.0005127558465953      64701
  107.333767       2.184349       0.0003983440725947       0.0005147493257441      64701
  110.457687       2.160504      -0.0000000000000000       0.0000000000000000          0
  113.581568       2.137987      -0.0000000000000000       0.0000000000000000          0
  116.705415       2.116865      -0.0000000000000000       0.0000000000000000          0
  119.829230       2.097201      -0.0000000000000000       0.0000000000000000          0
  122.953017       2.079053      -0.0000000000000000       0.0000000000000000          0
  126.076777       2.062474      -0.0000000000000000       0.0000000000000000          0
  129.200516       2.047515      -3.8609045514259366      -3.9490410264044229        679
  132.324234       2.034220      -0.0000000000000000       0.0000000000000000          0
  135.447935       2.022628      -0.0000000000000000       0.0000000000000000          0
  138.571621       2.012773      -0.0000000000000000       0.0000000000000000          0
  141.695295       2.004686      -0.0000000000000000       0.0000000000000000          0
  144.818959       1.998389      -0.0000000000000000       0.0000000000000000          0
  44.816013       0.203151      -0.0000000000000000       0.0000000000000000          0
  47.940866       0.171104      -0.0000000000000000       0.0000000000000000          0
  51.065708       0.138549      -0.0000000000000000       0.0000000000000000          0
  54.190541       0.105581      -0.0000000000000000       0.0000000000000000          0
  57.315368       0.072300      -0.0000000000000000       0.0000000000000000          0
  60.440190       0.038804      -0.0000000000000000       0.0000000000000000          0
  63.565009       0.005192      -0.0000000000000000       0.0000000000000000          0
  66.689828      -0.028435      -0.0000000000000000       0.0000000000000000          0
  69.814649      -0.061978      -0.0000000000000000       0.0000000000000000          0
  72.939474      -0.095336      -0.0000000000000000       0.0000000000000000          0
  76.064305      -0.128411      -0.0000000000000000       0.0000000000000000          0
  79.189144      -0.161103      -0.0000000000000000       0.0000000000000000          0
  82.313993      -0.193317      -0.0000000000000000       0.0000000000000000          0
  85.438854      -0.224956      -0.0000000000000000       0.0000000000000000          0
  88.563728      -0.255926      -0.0000000000000000       0.0000000000000000          0
  91.688617      -0.286135      -0.0000000000000000       0.0000000000000000          0
  94.813522      -0.315493      -0.0000000000000000       0.0000000000000000          0
  97.938445      -0.343913      -0.0000000000000000       0.0000000000000000          0
  101.063385      -0.371310       0.0012045570543119       0.0008448978292556      67301
  104.188345      -0.397603       0.0008039680266838       0.0008486325624515      64701
  107.313324      -0.422713       0.0004009855131781       0.0008521025797846      64701
  110.438323      -0.446567      -0.0000000000000000       0.0000000000000000        614
  113.563342      -0.469092      -0.0000000000000000       0.0000000000000000        614
  116.688380      -0.490222      -0.0000000000000000       0.0000000000000000      61405
  119.813437      -0.509894      -0.0000000000000000       0.0000000000000000          0
  122.938513      -0.528050      -0.0000000000000000       0.0000000000000000          0
  126.063606      -0.544635      -0.0000000000000000       0.0000000000000000          0
  129.188715      -0.559601      -3.8596931899163613      -3.6836813705463589        680
  132.313839      -0.572902      -0.0000000000000000       0.0000000000000000          0
  135.438977      -0.584500      -0.0000000000000000       0.0000000000000000          0
  138.564127      -0.594359      -0.0000000000000000       0.0000000000000000          0
  141.689287      -0.602450      -0.0000000000000000       0.0000000000000000          0
  144.814455      -0.608750      -0.0000000000000000       0.0000000000000000          0
>