>anchorPlateId 301
>reconstructionTime 41
>DeformingMeshPoints.gpml lat_lon_velocity_domain_28_32.gpml
>MeshNode <identity>GPlates-b7a3af0e-8119-4abb-9ae6-39bb7e5702ce</identity> <revision>GPlates-7b04c5e6-7801-49f1-bcc4-23d6f4e5417f</revision>
> reconstructionPlateId 0
> validTime TimePeriod <begin> TimeInstant <timePosition>http://gplates.org/times/distantPast</timePosition></begin> <end> TimeInstant <timePosition>http://gplates.org/times/distantFuture</timePosition></end>
  12.681223      67.561593      -0.0000000000000000       0.0000000000000000        302
  14.923180      67.897437      -0.0000000000000000       0.0000000000000000        302
  17.183946      68.246626      -0.0000000000000000       0.0000000000000000        302
  19.465326      68.608729      -0.0000000000000000       0.0000000000000000        302
  21.769293      68.983293      -0.0000000000000000       0.0000000000000000        302
  24.098013      69.369836      -0.0000000000000000       0.0000000000000000        302
  26.453866      69.767852      -0.0000000000000000       0.0000000000000000        302
  28.839471      70.176801      -0.0000000000000000       0.0000000000000000        302
  31.257713      70.596113      -0.0000000000000000       0.0000000000000000        302
  33.711783      71.025183      -0.0000000000000000       0.0000000000000000        302
  36.205209      71.463369      -0.0000000000000000       0.0000000000000000        302
  38.741900      71.909985      -0.0000000000000000       0.0000000000000000        302
  41.326194      72.364299      -0.0000000000000000       0.0000000000000000        302
  43.962910      72.825528      -0.0000000000000000       0.0000000000000000        302
  46.657412      73.292829      -0.0000000000000000       0.0000000000000000        302
  49.415667      73.765295      -0.0000000000000000       0.0000000000000000        302
  52.244326      74.241944      -0.0000000000000000       0.0000000000000000        302
  55.150797      74.721709      -0.0000000000000000       0.0000000000000000        373
  58.143331      75.203424      -0.0000000000000000       0.0000000000000000        373
  61.231104      75.685816      -0.0000000000000000       0.0000000000000000        373
  64.424306      76.167479      -0.0000000000000000       0.0000000000000000        373
  67.734208      76.646867      -0.0000000000000000       0.0000000000000000        373
  71.173219      77.122259      -0.0000000000000000       0.0000000000000000        404
  74.754905      77.591748      -0.0000000000000000       0.0000000000000000        404
  78.493942      78.053207      -0.0000000000000000       0.0000000000000000        404
  82.405987      78.504262      -0.0000000000000000       0.0000000000000000        404
  86.507408      78.942267      -0.0000000000000000       0.0000000000000000        404
  90.814820      79.364279      -0.0000000000000000       0.0000000000000000        404
  95.344373      79.767039      -0.0000000000000000       0.0000000000000000        404
  100.110713      80.146965      -0.0000000000000000       0.0000000000000000        404
  105.125569      80.500172      -0.0000000000000000       0.0000000000000000          0
  110.395941      80.822511      -0.0000000000000000       0.0000000000000000          0
  115.921978      81.109660      -0.0000000000000000       0.0000000000000000          0
  14.912061      65.112585      -0.0000000000000000       0.0000000000000000        302
  17.276945      65.462009      -0.0000000000000000       0.0000000000000000        302
  19.662457      65.824916      -0.0000000000000000       0.0000000000000000        302
  22.070480      66.200796      -0.0000000000000000       0.0000000000000000        302
  24.503058      66.589108      -0.0000000000000000       0.0000000000000000        302
  26.962410      66.989282      -0.0000000000000000       0.0000000000000000        302
  29.450951      67.400710      -0.0000000000000000       0.0000000000000000        302
  31.971312      67.822750      -0.0000000000000000       0.0000000000000000        302
  34.526357      68.254721      -0.0000000000000000       0.0000000000000000        302
  37.119214      68.695898      -0.0000000000000000       0.0000000000000000        302
  39.753293      69.145512      -0.0000000000000000       0.0000000000000000        302
  42.432319      69.602744      -0.0000000000000000       0.0000000000000000        302
  45.160360      70.066719      -0.0000000000000000       0.0000000000000000        302
  47.941852      70.536502      -0.0000000000000000       0.0000000000000000        302
  50.781641      71.011093      -0.0000000000000000       0.0000000000000000        302
  53.685003      71.489416      -0.0000000000000000       0.0000000000000000        373
  56.657682      71.970315      -0.0000000000000000       0.0000000000000000        372
  59.705914      72.452541      -0.0000000000000000       0.0000000000000000        372
  62.836446      72.934746      -0.0000000000000000       0.0000000000000000        372
  66.056546      73.415470      -0.0000000000000000       0.0000000000000000        372
  69.374000      73.893127      -0.0000000000000000       0.0000000000000000        372
  72.797084      74.365995      -0.0000000000000000       0.0000000000000000        372
  76.334500      74.832202      -0.0000000000000000       0.0000000000000000        404
  79.995282      75.289712      -0.0000000000000000       0.0000000000000000        404
  83.788627      75.736316      -0.0000000000000000       0.0000000000000000        404
  87.723673      76.169619      -0.0000000000000000       0.0000000000000000        404
  91.809167      76.587036      -0.0000000000000000       0.0000000000000000        404
  96.053047      76.985793      -0.0000000000000000       0.0000000000000000        404
  100.461890      77.362938      -0.0000000000000000       0.0000000000000000        404
  105.040254      77.715362      -0.0000000000000000       0.0000000000000000        404
  109.789904      78.039836      -0.0000000000000000       0.0000000000000000        401
  114.708989      78.333074      -0.0000000000000000       0.0000000000000000        401
  119.791215      78.591808      -0.0000000000000000       0.0000000000000000          0
  16.764422      62.636032      -0.0000000000000000       0.0000000000000000        302
  19.227317      62.996296      -0.0000000000000000       0.0000000000000000        302
  21.711591      63.370071      -0.0000000000000000       0.0000000000000000        302
  24.219109      63.756770      -0.0000000000000000       0.0000000000000000        302
  26.751876      64.155776      -0.0000000000000000       0.0000000000000000        302
  29.312054      64.566433      -0.0000000000000000       0.0000000000000000        302
  31.901972      64.988047      -0.0000000000000000       0.0000000000000000        302
  34.524142      65.419882      -0.0000000000000000       0.0000000000000000        302
  37.181272      65.861160      -0.0000000000000000       0.0000000000000000        302
  39.876279      66.311055      -0.0000000000000000       0.0000000000000000        302
  42.612308      66.768691      -0.0000000000000000       0.0000000000000000        302
  45.392745      67.233138      -0.0000000000000000       0.0000000000000000        302
  48.221233      67.703405      -0.0000000000000000       0.0000000000000000        302
  51.101681      68.178441      -0.0000000000000000       0.0000000000000000        302
  54.038283      68.657123      -0.0000000000000000       0.0000000000000000        302
  57.035517      69.138254      -0.0000000000000000       0.0000000000000000        302
  60.098155      69.620554      -0.0000000000000000       0.0000000000000000        302
  63.231257      70.102656      -0.0000000000000000       0.0000000000000000        372
  66.440156      70.583096      -0.0000000000000000       0.0000000000000000        372
  69.730434      71.060308      -0.0000000000000000       0.0000000000000000        372
  73.107879      71.532612      -0.0000000000000000       0.0000000000000000        401
  76.578419      71.998212      -0.0000000000000000       0.0000000000000000        401
  80.148033      72.455189      -0.0000000000000000       0.0000000000000000        401
  83.822628      72.901492      -0.0000000000000000       0.0000000000000000        401
  87.607872      73.334943      -0.0000000000000000       0.0000000000000000        401
  91.508993      73.753229      -0.0000000000000000       0.0000000000000000        401
  95.530520      74.153919      -0.0000000000000000       0.0000000000000000        401
  99.675978      74.534465      -0.0000000000000000       0.0000000000000000        401
  103.947539      74.892230      -0.0000000000000000       0.0000000000000000        401
  108.345634      75.224516      -0.0000000000000000       0.0000000000000000        401
  112.868551      75.528599      -0.0000000000000000       0.0000000000000000        401
  117.512052      75.801786      -0.0000000000000000       0.0000000000000000        401
  122.269036      76.041474      -0.0000000000000000       0.0000000000000000      42400
  18.330001      60.138811      -0.0000000000000000       0.0000000000000000        302
  20.872518      60.507921      -0.0000000000000000       0.0000000000000000        302
  23.436476      60.890500      -0.0000000000000000       0.0000000000000000        302
  26.023669      61.285896      -0.0000000000000000       0.0000000000000000        302
  28.636011      61.693419      -0.0000000000000000       0.0000000000000000        302
  31.275552      62.112341      -0.0000000000000000       0.0000000000000000        302
  33.944479      62.541889      -0.0000000000000000       0.0000000000000000        302
  36.645129      62.981248      -0.0000000000000000       0.0000000000000000        302
  39.379997      63.429556      -0.0000000000000000       0.0000000000000000        302
  42.151742      63.885902      -0.0000000000000000       0.0000000000000000        302
  44.963197      64.349321      -0.0000000000000000       0.0000000000000000        302
  47.817376      64.818794      -0.0000000000000000       0.0000000000000000        302
  50.717473      65.293242      -0.0000000000000000       0.0000000000000000        302
  53.666870      65.771520      -0.0000000000000000       0.0000000000000000        302
  56.669132      66.252416      -0.0000000000000000       0.0000000000000000        302
  59.728004      66.734646      -0.0000000000000000       0.0000000000000000        302
  62.847395      67.216847      -0.0000000000000000       0.0000000000000000        302
  66.031365      67.697576      -0.0000000000000000       0.0000000000000000        302
  69.284090      68.175300      -0.0000000000000000       0.0000000000000000        401
  72.609828      68.648396      -0.0000000000000000       0.0000000000000000        401
  76.012861      69.115147      -0.0000000000000000       0.0000000000000000        401
  79.497426      69.573736      -0.0000000000000000       0.0000000000000000        401
  83.067624      70.022250      -0.0000000000000000       0.0000000000000000        401
  86.727310      70.458675      -0.0000000000000000       0.0000000000000000        401
  90.479953      70.880905      -0.0000000000000000       0.0000000000000000        401
  94.328479      71.286744      -0.0000000000000000       0.0000000000000000        401
  98.275083      71.673920      -0.0000000000000000       0.0000000000000000        401
  102.321026      72.040103      -0.0000000000000000       0.0000000000000000        401
  106.466410      72.382923      -0.0000000000000000       0.0000000000000000        401
  110.709956      72.700003      -0.0000000000000000       0.0000000000000000        401
  115.048787      72.988992      -0.0000000000000000       0.0000000000000000        401
  119.478238      73.247609      -0.0000000000000000       0.0000000000000000        401
  123.991723      73.473691      -0.0000000000000000       0.0000000000000000        401
  19.673889      57.625732      -0.0000000000000000       0.0000000000000000        302
  22.282202      58.002197      -0.0000000000000000       0.0000000000000000        302
  24.911578      58.392050      -0.0000000000000000       0.0000000000000000        302
  27.563713      58.794578      -2.1088000469287431      -0.2383016235348271        334
  30.240408      59.209030      -0.0000000000000000       0.0000000000000000        302
  32.943575      59.634609      -0.0000000000000000       0.0000000000000000        302
  35.675239      60.070478      -0.0000000000000000       0.0000000000000000        302
  38.437545      60.515751      -0.0000000000000000       0.0000000000000000        302
  41.232765      60.969496      -0.0000000000000000       0.0000000000000000        302
  44.063294      61.430731      -0.0000000000000000       0.0000000000000000        302
  46.931659      61.898419      -0.0000000000000000       0.0000000000000000        302
  49.840513      62.371469      -0.0000000000000000       0.0000000000000000        302
  52.792639      62.848730      -0.0000000000000000       0.0000000000000000        302
  55.790939      63.328990      -0.0000000000000000       0.0000000000000000        302
  58.838432      63.810970      -0.0000000000000000       0.0000000000000000        302
  61.938233      64.293325      -0.0000000000000000       0.0000000000000000        390
  65.093541      64.774636      -0.0000000000000000       0.0000000000000000        390
  68.307609      65.253411      -0.0000000000000000       0.0000000000000000        468
  71.583715      65.728082      -0.0000000000000000       0.0000000000000000        401
  74.925114      66.197000      -0.0000000000000000       0.0000000000000000        401
  78.334988      66.658439      -0.0000000000000000       0.0000000000000000        401
  81.816380      67.110592      -0.0000000000000000       0.0000000000000000        401
  85.372111      67.551577      -0.0000000000000000       0.0000000000000000        401
  89.004693      67.979438      -0.0000000000000000       0.0000000000000000        401
  92.716219      68.392152      -0.0000000000000000       0.0000000000000000        401
  96.508240      68.787641      -0.0000000000000000       0.0000000000000000        401
  100.381636      69.163783      -0.0000000000000000       0.0000000000000000        401
  104.336481      69.518433      -0.0000000000000000       0.0000000000000000        401
  108.371893      69.849438      -0.0000000000000000       0.0000000000000000        401
  112.485906      70.154673      -0.0000000000000000       0.0000000000000000        401
  116.675349      70.432063      -0.0000000000000000       0.0000000000000000        401
  120.935750      70.679623      -0.0000000000000000       0.0000000000000000        401
  125.261282      70.895495      -0.0000000000000000       0.0000000000000000        401
  20.843366      55.100246      -0.0000000000000000       0.0000000000000000        302
  23.506896      55.482929      -0.0000000000000000       0.0000000000000000        302
  26.190830      55.878896      -1.9677528543684670       0.2770506936336433        334
  28.896756      56.287380      -0.0000000000000000       0.0000000000000000        302
  31.626354      56.707571      -0.0000000000000000       0.0000000000000000        302
  34.381392      57.138616      -0.0000000000000000       0.0000000000000000        302
  37.163732      57.579620      -0.0000000000000000       0.0000000000000000        302
  39.975331      58.029637      -0.0000000000000000       0.0000000000000000        302
  42.818243      58.487676      -0.0000000000000000       0.0000000000000000        302
  45.694616      58.952695      -0.0000000000000000       0.0000000000000000        302
  48.606693      59.423598      -0.0000000000000000       0.0000000000000000        302
  51.556806      59.899237      -0.0000000000000000       0.0000000000000000        302
  54.547373      60.378404      -0.0000000000000000       0.0000000000000000        302
  57.580885      60.859835      -0.0000000000000000       0.0000000000000000        302
  60.659896      61.342203      -0.0000000000000000       0.0000000000000000        390
  63.787007      61.824119      -0.0000000000000000       0.0000000000000000        390
  66.964840      62.304129      -0.0000000000000000       0.0000000000000000        468
  70.196019      62.780713      -0.0000000000000000       0.0000000000000000        468
  73.483126      63.252283      -0.0000000000000000       0.0000000000000000        401
  76.828670      63.717187      -0.0000000000000000       0.0000000000000000        401
  80.235031      64.173704      -0.0000000000000000       0.0000000000000000        401
  83.704407      64.620054      -0.0000000000000000       0.0000000000000000        401
  87.238744      65.054396      -0.0000000000000000       0.0000000000000000        401
  90.839666      65.474837      -0.0000000000000000       0.0000000000000000        401
  94.508387      65.879440      -0.0000000000000000       0.0000000000000000        401
  98.245625      66.266234      -0.0000000000000000       0.0000000000000000        401
  102.051507      66.633229      -0.0000000000000000       0.0000000000000000        401
  105.925474      66.978434      -0.0000000000000000       0.0000000000000000        401
  109.866189      67.299877      -0.0000000000000000       0.0000000000000000        401
  113.871456      67.595625      -0.0000000000000000       0.0000000000000000        401
  117.938148      67.863818      -0.0000000000000000       0.0000000000000000        401
  122.062164      68.102689      -0.0000000000000000       0.0000000000000000        401
  126.238409      68.310603      -0.0000000000000000       0.0000000000000000        401
  21.873506      52.564893      -1.5172187953848324       0.8050326527297234        334
  24.584023      52.952912      -0.0000000000000000       0.0000000000000000        302
  27.314107      53.354096      -0.0000000000000000       0.0000000000000000        302
  30.065240      53.767628      -0.0000000000000000       0.0000000000000000        302
  32.838978      54.192651      -0.0000000000000000       0.0000000000000000        302
  35.636951      54.628261      -0.0000000000000000       0.0000000000000000        302
  38.460864      55.073509      -0.0000000000000000       0.0000000000000000        302
  41.312497      55.527401      -0.0000000000000000       0.0000000000000000        302
  44.193703      55.988894      -0.0000000000000000       0.0000000000000000        302
  47.106407      56.456895      -0.0000000000000000       0.0000000000000000        302
  50.052600      56.930261      -0.0000000000000000       0.0000000000000000        302
  53.034332      57.407796      -0.0000000000000000       0.0000000000000000        302
  56.053706      57.888250      -0.0000000000000000       0.0000000000000000        302
  59.112866      58.370319      -0.0000000000000000       0.0000000000000000        302
  62.213983      58.852639      -0.0000000000000000       0.0000000000000000        390
  65.359236      59.333792      -0.0000000000000000       0.0000000000000000        468
  68.550790      59.812301      -0.0000000000000000       0.0000000000000000        468
  71.790772      60.286630      -0.0000000000000000       0.0000000000000000        401
  75.081236      60.755186      -0.0000000000000000       0.0000000000000000        401
  78.424129      61.216322      -0.0000000000000000       0.0000000000000000        401
  81.821245      61.668337      -0.0000000000000000       0.0000000000000000        401
  85.274180      62.109479      -0.0000000000000000       0.0000000000000000        401
  88.784273      62.537955      -0.0000000000000000       0.0000000000000000        401
  92.352550      62.951934      -0.0000000000000000       0.0000000000000000        401
  95.979661      63.349559      -0.0000000000000000       0.0000000000000000        401
  99.665808      63.728955      -0.0000000000000000       0.0000000000000000        401
  103.410682      64.088248      -0.0000000000000000       0.0000000000000000        401
  107.213395      64.425577      -0.0000000000000000       0.0000000000000000        401
  111.072419      64.739113      -0.0000000000000000       0.0000000000000000        401
  114.985536      65.027083      -0.0000000000000000       0.0000000000000000        401
  118.949795      65.287789      -0.0000000000000000       0.0000000000000000        401
  122.961493      65.519636      -0.0000000000000000       0.0000000000000000        401
  127.016175      65.721155      -0.0000000000000000       0.0000000000000000      43102
  22.790832      50.021579      -0.0000000000000000       0.0000000000000000        302
  25.541834      50.414235      -0.0000000000000000       0.0000000000000000        302
  28.311459      50.819930      -0.0000000000000000       0.0000000000000000        302
  31.101084      51.237804      -0.0000000000000000       0.0000000000000000        302
  33.912147      51.666954      -0.0000000000000000       0.0000000000000000        302
  36.746147      52.106430      -0.0000000000000000       0.0000000000000000        302
  39.604644      52.555242      -0.0000000000000000       0.0000000000000000        302
  42.489256      53.012348      -0.0000000000000000       0.0000000000000000        302
  45.401655      53.476663      -0.0000000000000000       0.0000000000000000        302
  48.343566      53.947053      -0.0000000000000000       0.0000000000000000        302
  51.316760      54.422333      -0.0000000000000000       0.0000000000000000        302
  54.323043      54.901271      -0.0000000000000000       0.0000000000000000        302
  57.364253      55.382581      -0.0000000000000000       0.0000000000000000        302
  60.442241      55.864928      -0.0000000000000000       0.0000000000000000        390
  63.558862      56.346924      -0.0000000000000000       0.0000000000000000        390
  66.715953      56.827129      -0.0000000000000000       0.0000000000000000        468
  69.915316      57.304052      -0.0000000000000000       0.0000000000000000        468
  73.158687      57.776152      -0.0000000000000000       0.0000000000000000        401
  76.447714      58.241839      -0.0000000000000000       0.0000000000000000        401
  79.783920      58.699475      -0.0000000000000000       0.0000000000000000        401
  83.168668      59.147384      -0.0000000000000000       0.0000000000000000        401
  86.603117      59.583847      -0.0000000000000000       0.0000000000000000        401
  90.088184      60.007118      -0.0000000000000000       0.0000000000000000        401
  93.624489      60.415426      -0.0000000000000000       0.0000000000000000        401
  97.212309      60.806986      -0.0000000000000000       0.0000000000000000        401
  100.851529      61.180010      -0.0000000000000000       0.0000000000000000        401
  104.541589      61.532722      -0.0000000000000000       0.0000000000000000        401
  108.281439      61.863370      -0.0000000000000000       0.0000000000000000        401
  112.069500      62.170248      -0.0000000000000000       0.0000000000000000        401
  115.903626      62.451708      -0.0000000000000000       0.0000000000000000        401
  119.781086      62.706186      -0.0000000000000000       0.0000000000000000        401
  123.698554      62.932220      -0.0000000000000000       0.0000000000000000        401
  127.652115      63.128472      -0.0000000000000000       0.0000000000000000        401
  23.615745      47.471762      -0.0000000000000000       0.0000000000000000          0
  26.402029      47.868496      -0.0000000000000000       0.0000000000000000        302
  29.205927      48.278139      -0.0000000000000000       0.0000000000000000        302
  32.028716      48.699792      -0.0000000000000000       0.0000000000000000        302
  34.871724      49.132511      -0.0000000000000000       0.0000000000000000        302
  37.736331      49.575308      -1.9650960383706564      -0.4154085364004083        503
  40.623961      50.027151      -2.1154143801115350      -0.3696226569597084        503
  43.536086      50.486962      -0.0000000000000000       0.0000000000000000        302
  46.474220      50.953617      -0.0000000000000000       0.0000000000000000        302
  49.439910      51.425946      -0.0000000000000000       0.0000000000000000        302
  52.434734      51.902732      -0.0000000000000000       0.0000000000000000        302
  55.460293      52.382711      -0.0000000000000000       0.0000000000000000        302
  58.518196      52.864570      -0.0000000000000000       0.0000000000000000        302
  61.610052      53.346951      -0.0000000000000000       0.0000000000000000        390
  64.737455      53.828446      -0.0000000000000000       0.0000000000000000        468
  67.901966      54.307602      -0.0000000000000000       0.0000000000000000        468
  71.105091      54.782922      -0.0000000000000000       0.0000000000000000        468
  74.348265      55.252862      -0.0000000000000000       0.0000000000000000        468
  77.632818      55.715841      -0.0000000000000000       0.0000000000000000        401
  80.959953      56.170237      -2.4422237372454392       1.7176714771273185          0
  84.330709      56.614398      -1.5398554103520348       1.3815438325998446          0
  87.745932      57.046641      -0.0000000000000000       0.0000000000000000        401
  91.206234      57.465264      -0.0000000000000000       0.0000000000000000        401
  94.711960      57.868552      -0.0000000000000000       0.0000000000000000        401
  98.263142      58.254786      -0.0000000000000000       0.0000000000000000        401
  101.859467      58.622254      -0.0000000000000000       0.0000000000000000        401
  105.500238      58.969266      -0.0000000000000000       0.0000000000000000        401
  109.184341      59.294164      -0.0000000000000000       0.0000000000000000        401
  112.910213      59.595341      -0.0000000000000000       0.0000000000000000        401
  116.675829      59.871258      -0.0000000000000000       0.0000000000000000        401
  120.478681      60.120458      -0.0000000000000000       0.0000000000000000        401
  124.315782      60.341586      -0.0000000000000000       0.0000000000000000        401
  128.183676      60.533409      -0.0000000000000000       0.0000000000000000        401
  24.364193      44.916577      -0.0000000000000000       0.0000000000000000          0
  27.181540      45.316934      -0.0000000000000000       0.0000000000000000        302
  30.015457      45.730071      -0.0000000000000000       0.0000000000000000        302
  32.867128      46.155049      -0.0000000000000000       0.0000000000000000        302
  35.737778      46.590892      -1.8581138980167697      -0.2451287140079284        503
  38.628676      47.036573      -2.0120987771502268      -0.2067307097416981        503
  41.541127      47.491027      -2.1620520382276269      -0.1616821634800630        503
  44.476471      47.953142      -2.3075316963165697      -0.1097851888471979        503
  47.436078      48.421761      -2.4480824106848704      -0.0508570758008992        503
  50.421343      48.895684      -0.0000000000000000       0.0000000000000000        302
  53.433679      49.373666      -0.0000000000000000       0.0000000000000000        302
  56.474505      49.854417      -0.0000000000000000       0.0000000000000000        302
  59.545241      50.336603      -0.0000000000000000       0.0000000000000000        302
  62.647293      50.818848      -0.0000000000000000       0.0000000000000000        465
  65.782040      51.299729      -0.0000000000000000       0.0000000000000000        458
  68.950814      51.777787      -0.0000000000000000       0.0000000000000000        458
  72.154891      52.251519      -0.0000000000000000       0.0000000000000000        459
  75.395461      52.719388      -3.2406489291175662       0.2616407594687041        501
  78.673609      53.179822      -3.3312981906484422       0.5053829963794390          0
  81.990291      53.631217      -2.9080298089953773       1.7094508434395277        580
  85.346307      54.071947      -2.4598324232434283       1.9170917589148817        580
  88.742270      54.500363      -1.9977182939420088       2.1033158517137478        580
  92.178576      54.914806      -1.5229793472436983       2.2662625194382238        580
  95.655379      55.313613      -0.6057454058945692       1.3241862325316036          0
  99.172551      55.695123      -0.5416594146760201       2.5150775085513244        451
  102.729661      56.057693      -0.0000000000000000       0.0000000000000000        401
  106.325943      56.399706      -0.0000000000000000       0.0000000000000000        401
  109.960271      56.719588      -0.0051473027226506       0.0028049914993696          0
  113.631144      57.015817      -0.3794657145427777       0.2325494440317954          0
  117.336667      57.286942      -0.4168156769549015       0.2809747199627250          0
  121.074549      57.531596      -0.2322299287023911       0.1622311657041322          0
  124.842104      57.748515      -0.0796715950441851       0.0412251474347348          0
  128.636264      57.936549      -0.0478598237021313       0.0157647118991839          0
  25.048820      42.356920      -0.0000000000000000       0.0000000000000000        338
  27.893774      42.760528      -0.0000000000000000       0.0000000000000000        520
  30.754237      43.176784       1.4845401949326893       0.5296914374463080        337
  33.631305      43.604720      -0.0000000000000000       0.0000000000000000        551
  36.526112      44.043323      -0.0000000000000000       0.0000000000000000        551
  39.439824      44.491537      -2.0544014213586959      -0.0005909318801952        503
  42.373638      44.948265      -2.2039056726258961       0.0432231038335585        503
  45.328777      45.412364      -2.3486553427411385       0.0937185157983476        503
  48.306485      45.882650      -2.4881913724295877       0.1510679131666215        503
  51.308024      46.357898      -2.6220432096429072       0.2154233547824587        503
  54.334660      46.836837      -2.7497285868960359       0.2869125731337020        503
  57.387661      47.318157      -0.0000000000000000       0.0000000000000000        302
  60.468286      47.800506      -0.0000000000000000       0.0000000000000000        390
  63.577770      48.282495      -0.0000000000000000       0.0000000000000000        466
  66.717312      48.762692      -0.0000000000000000       0.0000000000000000        458
  69.888063      49.239631      -0.0000000000000000       0.0000000000000000        460
  73.091107      49.711813      -3.1514281725084379       0.3678154570933148        501
  76.327441      50.177705       4.1679424594296872       0.1740902092254131        591
  79.597960      50.635747       4.1512084602299373      -0.0133777459579515        590
  82.903430      51.084356      -0.9259640128958775       0.9609884837601466        606
  86.244466      51.521931      -2.3383874175476462       1.4763473952737152        580
  89.621512      51.946856      -1.8768638295375477       1.6529422151572468        580
  93.034811      52.357513      -1.4037679670245438       1.8069107524111383        580
  96.484383      52.752285      -0.9205905231566705       1.9365580084512126        580
  99.969998      53.129566      -0.2741084756606649       1.1157981693443326          0
  103.491159      53.487774      -0.2513187588669123       1.1989307557537179        606
  107.047072      53.825357       0.5721169096977753       2.1638453738284471        451
  110.636636      54.140811      -1.2924370936018272       0.7173904336267523          0
  114.258425      54.432689      -1.3627407475052307       0.8289333953562215          0
  117.910682      54.699615      -0.9873372249817631       0.6356808415033690          0
  121.591317      54.940300      -0.6730159541357415       0.4335112287794958          0
  125.297910      55.153553      -0.4381426411298418       0.2453608554103466          0
  129.027723      55.338297      -0.3179442276548229       0.1200045020833094          0
  25.679787      39.793510      -0.0000000000000000       0.0000000000000000        521
  28.549486      40.200058      -0.0000000000000000       0.0000000000000000        521
  31.433629      40.619127      -0.0000000000000000       0.0000000000000000        520
  34.333231      41.049715      -1.2335552529469620       0.1713016621053278        715
  37.249340      41.490781      -0.0000000000000000       0.0000000000000000        526
  40.183031      41.941241      -0.0000000000000000       0.0000000000000000        551
  43.135403      42.399968      -0.0000000000000000       0.0000000000000000        551
  46.107574      42.865794      -2.3857779973799058       0.2936140046392860        503
  49.100678      43.337510      -2.5242875579389361       0.3489014964774364        503
  52.115859      43.813867      -2.6568542824129393       0.4109886891694441        503
  55.154259      44.293576      -2.7829996639028254       0.4799925889158635        503
  58.217015      44.775309      -2.9022365088626918       0.5560005098983124        503
  61.305248      45.257699      -0.0000000000000000       0.0000000000000000        390
  64.420049      45.739347      -0.0000000000000000       0.0000000000000000        466
  67.562471      46.218815      -0.0000000000000000       0.0000000000000000        458
  70.733514      46.694636      -1.5370023895339815       0.2554205890989650          0
  73.934106      47.165312      -3.1846667293638871       0.5777345741691785        501
  77.165093      47.629319      -3.3056154440675236       0.6812729563626226        501
  80.427216      48.085112      -3.4170671180757721       0.7935294598661429        501
  83.721094      48.531126      -3.5183667516063979       0.9143568753654483        501
  87.047207      48.965785      -0.7970612045966350       0.9483449226521765        606
  90.405870      49.387507      -0.6894917212331271       0.9937074901578977        606
  93.797217      49.794710      -2.7312403322364491       1.4179441737065173          0
  97.221177      50.185821      -1.2517212951159737       1.5227624229527166          0
  100.677459      50.559283      -1.1715915086949176       1.6807647560859995          0
  104.165530      50.913568      -1.7492331878693845       1.1697390341063958          0
  107.684599      51.247184      -2.5750416673817496       1.3257133841208506          0
  111.233606      51.558688      -3.0236176828230441       1.6988733543695909          0
  114.811213      51.846697      -2.0031926594060065       1.2098943846258923          0
  118.415796      52.109902      -1.3726208913900853       0.8567217194897496          0
  122.045449      52.347078      -0.9731109961649469       0.5888884183475901          0
  125.697985      52.557099      -0.7122998105266951       0.3701007420410971          0
  129.370955      52.738948      -0.5891150242885833       0.2278987186768955          0
  26.265360      37.226928      -1.1798558247258046       0.1040356792993795        715
  29.157414      37.636159      -0.0000000000000000       0.0000000000000000        522
  32.062850      38.057782      -1.2208755117914043       0.1693335314092425        715
  34.982608      38.490770      -1.2368265434608188       0.2040061054266757        715
  37.917659      38.934053      -0.0000000000000000       0.0000000000000000        522
  40.868992      39.386521      -0.0000000000000000       0.0000000000000000        526
  43.837620      39.847022      -0.0000000000000000       0.0000000000000000        526
  46.824568      40.314364      -2.4195651718374105       0.4898025397535100        503
  49.830873      40.787318      -2.5570472049838839       0.5425990680817234        503
  52.857573      41.264612      -2.6883511812258267       0.6019749998461024        503
  55.905706      41.744942      -2.8130039240059554       0.6680394867774949        503
  58.976294      42.226965      -2.9305264117166194       0.7408710092723421        503
  62.070343      42.709304      -3.0404345525424064       0.8205134605498763        503
  65.188822      43.190550      -0.0000000000000000       0.0000000000000000        466
  68.332662      43.669263      -0.6578895112856182       0.0982988608460891          0
  71.502737      44.143975      -0.0000000000000000       0.0000000000000000        459
  74.699852      44.613193      -3.2142619414552529       0.7813686642291927        501
  77.924728      45.075404      -3.3325393292758902       0.8807576990976781        501
  81.177987      45.529074      -3.4411623285998827       0.9884826444548764        501
  84.460134      45.972661      -3.5395095104591121       1.1043832574555057        501
  87.771544      46.404614      -3.6269651899181881       1.2282295856591912        501
  91.112439      46.823378      -3.7029249053205864       1.3597178252948041        501
  94.482875      47.227409      -3.7668017409454495       1.4984668246529256        501
  97.882722      47.615173      -3.8180334772664759       1.6440154210876610        501
  101.311652      47.985159      -3.8560905166601698       1.7958208114801488        501
  104.769121      48.335886      -3.8804844901287101       1.9532581600376879        501
  108.254360      48.665916      -3.8907774036492739       2.1156216416837141        501
  111.766360      48.973861      -2.9791243643564993       1.6933886341239153          0
  115.303872      49.258396      -2.1492912252219947       1.2867540460600908          0
  118.865401      49.518267      -1.4994289499995437       0.9012514895104892          0
  122.449208      49.752308      -1.1013904133716479       0.6148932783871036          0
  126.053315      49.959448      -0.8814638722369577       0.4119019074480194          0
  129.675521      50.138720      -0.7991874953104841       0.2900949338796074          0
  26.812340      34.657654      -1.1842490678571442       0.1401170148607642        715
  29.724740      35.069349      -1.2058143660558946       0.1703561780052160        715
  32.649464      35.493310      -1.2243361609397803       0.2019264101190769        715
  35.587388      35.928486      -0.0000000000000000       0.0000000000000000          0
  38.539407      36.373780      -0.0000000000000000       0.0000000000000000          0
  41.506439      36.828058      -2.1602981815551043       0.6007929892874837        503
  44.489416      37.290146      -0.0000000000000000       0.0000000000000000        505
  47.489280      37.758831      -0.0000000000000000       0.0000000000000000        505
  50.506982      38.232863      -2.5870101975897182       0.7320668190232522        503
  53.543471      38.710955      -2.7170770112154221       0.7883365557019336        503
  56.599690      39.191787      -2.8402840992825804       0.8510578182811416        503
  59.676565      39.674004      -2.9561616226880503       0.9203031582473168        503
  62.775001      40.156219      -3.0642374827215546       0.9961100304945587        503
  65.895868      40.637020      -0.0000000000000000       0.0000000000000000        467
  69.039993      41.114962      -0.0000000000000000       0.0000000000000000        466
  72.208147      41.588581      -0.0000000000000000       0.0000000000000000        466
  75.401033      42.056390      -3.2408583734126890       0.9788661706896555        501
  78.619273      42.516884      -3.3566436999243310       1.0736775864694175        501
  81.863394      42.968547      -3.4626439621560441       1.1764563875183072        501
  85.133815      43.409855      -3.5582694658059344       1.2870345633233256        501
  88.430828      43.839280      -3.6429400227422075       1.4051768678262209        501
  91.754589      44.255298      -3.7160901780320490       1.5305774034987849        501
  95.105099      44.656396      -3.7771751461916834       1.6628568767975387        501
  98.482192      45.041078      -3.8256774273910974       1.8015606869689231        501
  101.885521      45.407875      -3.8611140426572499       1.9461580157610108        501
  105.314550      45.755350       0.3272613729433933       0.6434556838577747        456
  108.768537      46.082113      -1.7136164186446159       0.9867997477168161          0
  112.246536      46.386824      -1.7199205269870186       0.9963894160013795          0
  115.747385      46.668209      -1.6622070845298320       0.9642525048514937          0
  119.269709      46.925066      -1.3148686885369743       0.7320198134532897          0
  122.811923      47.156278      -1.0771091901788170       0.5313230414220722          0
  126.372235      47.360822      -0.9623672436715509       0.3902040449716883          0
  129.948662      47.537778      -0.9706518191674968       0.3282223164051751          0
  27.326391      32.086084      -1.1882794552812719       0.1747689906201086        715
  30.257430      32.500058      -1.2094233006163548       0.2031464491015881        715
  33.199748      32.926175      -1.2274658301545349       0.2328233258599917        715
  36.154156      33.363359      -0.0000000000000000       0.0000000000000000          0
  39.121485      33.810490      -0.0000000000000000       0.0000000000000000          0
  42.102584      34.266413      -0.0000000000000000       0.0000000000000000          0
  45.098313      34.729932      -2.3375863730552240       0.8297420335256196        503
  48.109543      35.199815      -0.0000000000000000       0.0000000000000000        505
  51.137147      35.674794      -0.0000000000000000       0.0000000000000000        505
  54.181995      36.153568      -0.0000000000000000       0.0000000000000000        505
  57.244948      36.634804      -0.0000000000000000       0.0000000000000000        505
  60.326851      37.117136      -2.9795716800848977       1.0942913802729315        503
  63.428523      37.599173      -3.0858988795841764       1.1658951115467300        503
  66.550748      38.079495      -3.1837988302197768       1.2438041291745501        503
  69.694267      38.556659      -0.0000000000000000       0.0000000000000000        467
  72.859767      39.029204      -0.0000000000000000       0.0000000000000000          0
  76.047866      39.495649      -0.0000000000000000       0.0000000000000000          0
  79.259109      39.954501      -3.3784129563826388       1.2601432573421620        501
  82.493946      40.404258      -3.4819687822737180       1.3576099303289111        501
  85.752728      40.843415      -3.5750708047141364       1.4625161482851421        501
  89.035688      41.270469      -3.6571719222710417       1.5746256810831427        501
  92.342932      41.683921      -3.7277426056798850       1.6936346977585905        501
  95.674426      42.082291      -3.7862764424596995       1.8191696414001584        501
  99.029983      42.464118      -3.8322962400242355       1.9507859245317829        501
  102.409252      42.827968      -0.0838993948181280       0.0873938856601041        457
  105.811712      43.172449       0.3975652880382425       0.1470149365809119        457
  109.236662      43.496210      -0.3996669264243458       0.2606569338134520          0
  112.683215      43.797959      -0.5009482575127673       0.2854464981212167          0
  116.150298      44.076465      -0.6418268728300146       0.2948654450530762          0
  119.636648      44.330573      -0.8076810052831991       0.3489332790794238          0
  123.140819      44.559210      -0.9171089593950144       0.3560875770206741          0
  126.661189      44.761395      -1.0389490230616611       0.3805649136647300          0
  130.195966      44.936248      -1.1862795779118769       0.4131880523453161          0
  27.812276      29.512552      -1.1920010751162899       0.2080097870118746        715
  30.760500      29.928647      -1.2127355777309967       0.2344038386379159        715
  33.718967      30.356765      -1.2303150081497263       0.2620656891954981        715
  36.688430      30.795805      -1.2446619165745549       0.2909826683877525        715
  39.669660      31.244626      -0.0000000000000000       0.0000000000000000          0
  42.663444      31.702053      -0.0000000000000000       0.0000000000000000          0
  45.670579      32.166870      -0.0000000000000000       0.0000000000000000          0
  48.691870      32.637828      -2.5057672867877150       1.0545750501355389        503
  51.728122      33.113645      -0.0000000000000000       0.0000000000000000        505
  54.780136      33.593006      -0.0000000000000000       0.0000000000000000        505
  57.848704      34.074565      -0.0000000000000000       0.0000000000000000        505
  60.934597      34.556950      -0.0000000000000000       0.0000000000000000        506
  64.038562      35.038763      -0.0000000000000000       0.0000000000000000        506
  67.161312      35.518582      -0.0000000000000000       0.0000000000000000        301
  70.303515      35.994966      -0.0000000000000000       0.0000000000000000          0
  73.465787      36.466455      -0.0000000000000000       0.0000000000000000          0
  76.648681      36.931579      -0.0000000000000000       0.0000000000000000          0
  79.852675      37.388854      -0.0000000000000000       0.0000000000000000          0
  83.078162      37.836795      -3.4994972074690205       1.5320185295113637        501
  86.325439      38.273915      -3.5902463754443006       1.6309418090378713        501
  89.594697      38.698732      -3.6699626239777032       1.7367254466654805        501
  92.886006      39.109775      -3.7381496271017860       1.8490710568969886        501
  96.199311      39.505593      -3.7943360876338708       1.9676139272655608        501
  99.534414      39.884755      -0.0000000000000000       0.0000000000000000          0
  102.890972      40.245867      -0.0000000000000000       0.0000000000000000          0
  106.268488      40.587570      -1.3345629250323958       0.3021454996242329          0
  109.666303      40.908555      -0.8440130583240331       0.1157585222641004          0
  113.083592      41.207569      -0.8842272950048129       0.1583375534809392          0
  116.519367      41.483424      -0.9294471447769070       0.2045680081387953          0
  119.972471      41.735005      -0.9805908951266108       0.2524681947806137          0
  123.441587      41.961278      -1.0549008677671112       0.2957611348449456          0
  126.925242      42.161302      -1.1338634807612720       0.3347403367167900          0
  130.421817      42.334231      -1.2090978690874981       0.3640489145219069          0
  28.274041      26.937341      -1.1954585194625860       0.2398458820286963        715
  31.238204      27.355424      -1.2157943079391083       0.2641453043082540        715
  34.211583      27.785408      -1.2329248048797214       0.2896811042664254        715
  37.194878      28.226173      -1.2467760961962144       0.3164443024033433        715
  40.188806      28.676559      -0.0000000000000000       0.0000000000000000          0
  43.194097      29.135370      -0.0000000000000000       0.0000000000000000          0
  46.211492      29.601373      -0.0000000000000000       0.0000000000000000          0
  49.241736      30.073304      -0.0000000000000000       0.0000000000000000          0
  52.285576      30.549866      -2.6641007800395951       1.2736104442341230        503
  55.343751      31.029731      -0.0000000000000000       0.0000000000000000        505
  58.416993      31.511547      -0.0000000000000000       0.0000000000000000        505
  61.506010      31.993932      -0.0000000000000000       0.0000000000000000      50601
  64.611488      32.475485      -0.0000000000000000       0.0000000000000000      50601
  67.734078      32.954783      -0.0000000000000000       0.0000000000000000      50601
  70.874389      33.430386      -0.0000000000000000       0.0000000000000000          0
  74.032978      33.900839      -0.0000000000000000       0.0000000000000000          0
  77.210344      34.364680      -0.0000000000000000       0.0000000000000000          0
  80.406913      34.820438      -0.0000000000000000       0.0000000000000000          0
  83.623033      35.266641      -3.5155173111232108       1.6996933200242790        501
  86.858962      35.701821      -3.6040608281279729       1.7923558223817317        501
  90.114856      36.124519      -3.6815506713587065       1.8915511578639879        501
  93.390766      36.533287      -3.7475213195117378       1.9969891565207945        501
  96.686623      36.926703      -0.0000000000000000       0.0000000000000000          0
  100.002229      37.303366      -1.2687626554386198      -0.1824754578447246        602
  103.337257      37.661915      -1.6365333460340867       0.2058534585327350          0
  106.691236      38.001026      -1.2716799471840119      -0.0052185860968161          0
  110.063554      38.319426      -1.2858476455587642      -0.0301623115910633          0
  113.453448      38.615899      -1.2298416926871039       0.0449534742800791          0
  116.860011      38.889295      -1.1795558667529646       0.1218816254592220          0
  120.282185      39.138535      -1.1628401491020357       0.1869190743282828          0
  123.718772      39.362623      -1.1893417944205436       0.2362271173099201          0
  127.168435      39.560651      -1.2267903799800344       0.2765363237847544          0
  130.629709      39.731806      -1.2676058922307563       0.3065926870321456          0
  28.715166      24.360695      -1.1986889011158510       0.2702745114199977        715
  31.694192      24.780648      -1.2186351572487877       0.2923777590082203        715
  34.681417      25.212385      -1.2353289964098535       0.3156862998418273        715
  37.677491      25.654764      -1.2487001375676723       0.3401953546857822        715
  40.683082      26.106607      -0.0000000000000000       0.0000000000000000          0
  43.698868      26.566699      -0.0000000000000000       0.0000000000000000          0
  46.725540      27.033792      -0.0000000000000000       0.0000000000000000          0
  49.763790      27.506607      -0.0000000000000000       0.0000000000000000          0
  52.814312      27.983834      -2.6865263954686358       1.4445484082669049        503
  55.877793      28.464136      -2.8118980290504387       1.4851879916631519        503
  58.954910      28.946151      -0.0000000000000000       0.0000000000000000        505
  62.046320      29.428493      -0.0000000000000000       0.0000000000000000      50601
  65.152655      29.909756      -0.0000000000000000       0.0000000000000000      50601
  68.274515      30.388518      -0.0000000000000000       0.0000000000000000          0
  71.412458      30.863341      -0.0000000000000000       0.0000000000000000          0
  74.566996      31.332776      -0.0000000000000000       0.0000000000000000          0
  77.738580      31.795368      -0.0000000000000000       0.0000000000000000          0
  80.927599      32.249660      -0.0000000000000000       0.0000000000000000          0
  84.134363      32.694194      -0.0000000000000000       0.0000000000000000          0
  87.359102      33.127520      -3.6167271576969027       1.9467497064112118        501
  90.601951      33.548200      -3.6921270074258827       2.0391215906171460        501
  93.862946      33.954810      -0.0000000000000000       0.0000000000000000          0
  97.142013      34.345952      -0.0000000000000000       0.0000000000000000          0
  100.438964      34.720258      -1.2725308099725947      -0.1547557605041921        602
  103.753489      35.076395      -1.3449610246259041      -0.0836952602869581          0
  107.085152      35.413071      -1.3197073489154381      -0.0811179067105128          0
  110.433385      35.729049      -1.3357969278750028      -0.0356404023810834          0
  113.797488      36.023146      -1.3484918446517746       0.0123797296907299          0
  117.176631      36.294245      -1.3584937130531300       0.0610387037698513          0
  120.569850      36.541304      -1.3165778103600150       0.1286049903458263          0
  123.976055      36.763358      -1.3086187386101038       0.1833758027401117          0
  127.394035      36.959530      -1.3118143120597012       0.2298926769128560          0
  130.822465      37.129038      -1.3228947842805527       0.2669866053134770          0
  29.138670      21.782823      -1.2017233866614068       0.2992856157539808        715
  32.131628      22.204548      -1.2212878892463910       0.3191001917728491        715
  35.131776      22.637939      -1.2375555631212285       0.3400894340932217        715
  38.139718      23.081836      -1.2504598472717150       0.3622532263030786        715
  41.156076      23.535042      -1.2599401430407040       0.3855813213594109        715
  44.181483      23.996327      -0.0000000000000000       0.0000000000000000          0
  47.216581      24.464428      -0.0000000000000000       0.0000000000000000          0
  50.262019      24.938051      -0.0000000000000000       0.0000000000000000          0
  53.318443      25.415875      -0.0000000000000000       0.0000000000000000          0
  56.386495      25.896555      -0.0000000000000000       0.0000000000000000          0
  59.466803      26.378720      -0.0000000000000000       0.0000000000000000      50602
  62.559979      26.860981      -0.0000000000000000       0.0000000000000000      50602
  65.666613      27.341929      -0.0000000000000000       0.0000000000000000      50602
  68.787259      27.820143      -0.0000000000000000       0.0000000000000000          0
  71.922436      28.294187      -0.0000000000000000       0.0000000000000000          0
  75.072614      28.762619      -0.0000000000000000       0.0000000000000000          0
  78.238213      29.223994      -0.0000000000000000       0.0000000000000000          0
  81.419586      29.676865      -0.0000000000000000       0.0000000000000000          0
  84.617019      30.119790      -0.0000000000000000       0.0000000000000000          0
  87.830721      30.551336      -3.6284187230128930       2.0940751125778925        501
  91.060812      30.970084      -3.7018462306624222       2.1794132046090997        501
  94.307322      31.374636      -0.0000000000000000       0.0000000000000000          0
  97.570182      31.763617      -1.1676093939376850      -0.2759499108833426        603
  100.849213      32.135686      -1.2760031016363393      -0.1277253664784095        602
  104.144131      32.489540      -1.2950862798260458      -0.1270896920450022          0
  107.454532      32.823918      -1.3221237691104486      -0.0730823299093626          0
  110.779898      33.137612      -1.3367886399326876      -0.0239360901532812          0
  114.119590      33.429472      -1.3472039498074775       0.0239663897517895          0
  117.472849      33.698415      -1.3551467676460389       0.0711719150191785          0
  120.838801      33.943427      -1.3605897061073320       0.1164690671287224          0
  124.216458      34.163575      -1.3600662241456469       0.1612328073140272          0
  127.604721      34.358011      -1.3532070522009387       0.2063191934959703          0
  131.002394      34.525978      -1.3441195998936359       0.2520897146593034          0
  29.547200      19.203911      -1.2045883751435134       0.3268633916821233        715
  32.553284      19.627321      -1.2237775446493342       0.3443053519815708        715
  35.565553      20.062281      -1.2396278596313572       0.3628919189471592        715
  38.584571      20.507613      -1.2520765600531085       0.3826280575898897        715
  41.610916      20.962103      -1.2610672966617731       0.4035084857559376        715
  44.645181      21.424504      -0.0000000000000000       0.0000000000000000          0
  47.687968      21.893540      -1.7288288985403739       0.9459308060388038        710
  50.739882      22.367905      -0.0000000000000000       0.0000000000000000          0
  53.801530      22.846268      -0.0000000000000000       0.0000000000000000          0
  56.873511      23.327275      -0.0000000000000000       0.0000000000000000          0
  59.956416      23.809548      -0.0000000000000000       0.0000000000000000      50602
  63.050818      24.291695      -0.0000000000000000       0.0000000000000000      50602
  66.157267      24.772307      -0.0000000000000000       0.0000000000000000          0
  69.276283      25.249961      -0.0000000000000000       0.0000000000000000          0
  72.408350      25.723227      -0.0000000000000000       0.0000000000000000          0
  75.553908      26.190671      -0.0000000000000000       0.0000000000000000          0
  78.713347      26.650854      -0.0000000000000000       0.0000000000000000          0
  81.886999      27.102343      -0.0000000000000000       0.0000000000000000          0
  85.075129      27.543710      -0.0000000000000000       0.0000000000000000          0
  88.277931      27.973539      -3.6392781099674649       2.2342538490270725        501
  91.495519      28.390432      -3.7108348462942407       2.3123708771956628        501
  94.727924      28.793011      -3.7709401730693153       2.3958592061959663        502
  97.975082      29.179927      -1.1723460583615182      -0.2435838942891359        603
  101.236833      29.549864      -0.0000000000000000       0.0000000000000000          0
  104.512918      29.901546      -1.3043178000854003      -0.1196438085158907          0
  107.802970      30.233741      -1.3289949567657282      -0.0624430491817625          0
  111.106519      30.545270      -1.3407375752041331      -0.0115722733723211          0
  114.422985      30.835015      -1.3486381302805297       0.0357297775397886          0
  117.751679      31.101919      -1.3546363828823154       0.0811120375353425          0
  121.091811      31.345000      -1.3590009528519194       0.1237241768454224          0
  124.442485      31.563351      -1.3591104038288231       0.1651904012000043          0
  127.802711      31.756152      -1.3538664710045476       0.2071664924188398          0
  131.171408      31.922670      -0.0000000000000000       0.0000000000000000          0
  29.943108      16.624121      -1.2073064138335472       0.3529875340740042        715
  32.961614      17.049144      -1.2261253528409408       0.3679810934471601        715
  35.985305      17.485600      -1.2415655135290673       0.3840898714244074        715
  39.014706      17.932295      -1.2535680153327797       0.4013242916652076        715
  42.050357      18.387998      -0.0000000000000000       0.0000000000000000          0
  45.092814      18.851449      -0.0000000000000000       0.0000000000000000          0
  48.142641      19.321358      -1.7844833128827440       1.3061926029997601        710
  51.200407      19.796408      -2.1556783225994693       1.2764106787081277        710
  54.266682      20.275258      -0.0000000000000000       0.0000000000000000          0
  57.342032      20.756546      -0.0000000000000000       0.0000000000000000          0
  60.427013      21.238891      -0.0000000000000000       0.0000000000000000          0
  63.522164      21.720896      -0.0000000000000000       0.0000000000000000          0
  66.628005      22.201150      -0.0000000000000000       0.0000000000000000          0
  69.745025      22.678235      -0.0000000000000000       0.0000000000000000          0
  72.873681      23.150725      -0.0000000000000000       0.0000000000000000          0
  76.014389      23.617191      -0.0000000000000000       0.0000000000000000          0
  79.167517      24.076205      -0.0000000000000000       0.0000000000000000          0
  82.333378      24.526344      -0.0000000000000000       0.0000000000000000          0
  85.512226      24.966197      -0.0000000000000000       0.0000000000000000          0
  88.704248      25.394365      -0.0000000000000000       0.0000000000000000          0
  91.909554      25.809466      -0.0000000000000000       0.0000000000000000          0
  95.128180      26.210147      -0.0000000000000000       0.0000000000000000          0
  98.360073      26.595079      -1.1767955313150387      -0.2115289199783663        603
  101.605096      26.962973      -1.2582325378788208      -0.1359540981735632      60401
  104.863016      27.312578      -1.3177664981715997      -0.1093323242792126      60406
  108.133505      27.642689      -1.3415483874110867      -0.0487011426970354          0
  111.416139      27.952156      -1.3473772232363306       0.0027237403016432          0
  114.710396      28.239887      -1.3520467477836886       0.0488163447621619          0
  118.015658      28.504855      -1.3562662199005660       0.0916393260975024          0
  121.331209      28.746103      -1.3607485931703160       0.1303920477016110          0
  124.656243      28.962752      -1.3610496520992776       0.1686046681026479          0
  127.989868      29.154004      -0.0000000000000000       0.0000000000000000          0
  131.331111      29.319150      -0.0000000000000000       0.0000000000000000          0
  30.328503      14.043602      -1.2098969167778542       0.3776342334016952        701
  33.358819      14.470173      -1.2283494429192576       0.3901114500951114        715
  36.393321      14.908062      -1.2433851219360272       0.4036752715854680        715
  39.432497      15.356057      -1.2549490316687177       0.4183419182583683        715
  42.476855      15.812914      -0.0000000000000000       0.0000000000000000          0
  45.526916      16.277358      -0.0000000000000000       0.0000000000000000          0
  48.583210      16.748085      -0.0000000000000000       0.0000000000000000          0
  51.646276      17.223769      -0.0000000000000000       0.0000000000000000          0
  54.716652      17.703061      -0.0000000000000000       0.0000000000000000          0
  57.794872      18.184591      -0.0000000000000000       0.0000000000000000          0
  60.881465      18.666973      -0.0000000000000000       0.0000000000000000          0
  63.976941      19.148810      -0.0000000000000000       0.0000000000000000          0
  67.081795      19.628690      -0.0000000000000000       0.0000000000000000          0
  70.196491      20.105196      -0.0000000000000000       0.0000000000000000          0
  73.321466      20.576908      -0.0000000000000000       0.0000000000000000          0
  76.457115      21.042404      -0.0000000000000000       0.0000000000000000          0
  79.603790      21.500267      -0.0000000000000000       0.0000000000000000          0
  82.761795      21.949085      -0.0000000000000000       0.0000000000000000          0
  85.931374      22.387461      -0.0000000000000000       0.0000000000000000          0
  89.112710      22.814012      -0.0000000000000000       0.0000000000000000          0
  92.305918      23.227378      -0.0000000000000000       0.0000000000000000          0
  95.511041      23.626222      -0.0000000000000000       0.0000000000000000          0
  98.728044      24.009242      -1.1809986231560399      -0.1797998120553646        603
  101.956808      24.375169      -1.2648589599681059      -0.0808631943361902      60401
  105.197134      24.722778      -1.3236343669462680      -0.0571830811656318      60405
  108.448732      25.050890      -1.3598801014963231      -0.0271532716049128          0
  111.711225      25.358382      -1.3541557048812947       0.0211533103961611          0
  114.984146      25.644188      -1.3552374607096200       0.0645821999419018          0
  118.266943      25.907305      -1.3603322115418195       0.1023217606206305          0
  121.558974      26.146805      -1.3634312527334209       0.1363164990880841        602
  124.859517      26.361831      -0.0000000000000000       0.0000000000000000          0
  128.167770      26.551609      -7.1002547434342738       1.0053825296454775        684
  131.482860      26.715451      -7.1289108580827438       1.1868112442020615        801
  30.705306      11.462486      -1.2123767338248783       0.4007769763652889        701
  33.746896      11.890551      -1.2304654030688882       0.4106774966764606        701
  36.791671      12.329819      -1.2451007955157698       0.4216368863902734        715
  39.840089      12.779061      -1.2562320292445188       0.4336774634394306        715
  42.892623      13.237019      -0.0000000000000000       0.0000000000000000          0
  45.949767      13.702404      -1.2378220873518617       0.9990087865087116        709
  49.012020      14.173902      -1.2060490477376440       1.0177235928112807        709
  52.079893      14.650176      -1.1707639966879253       1.0370250687265110        709
  55.153896      15.129868      -1.1320426441958791       1.0568231105487911        709
  58.234540      15.611605      -0.0000000000000000       0.0000000000000000          0
  61.322327      16.093995      -0.0000000000000000       0.0000000000000000          0
  64.417746      16.575639      -0.0000000000000000       0.0000000000000000          0
  67.521269      17.055128      -0.0000000000000000       0.0000000000000000          0
  70.633342      17.531046      -0.0000000000000000       0.0000000000000000          0
  73.754385      18.001978      -0.0000000000000000       0.0000000000000000          0
  76.884780      18.466511      -0.0000000000000000       0.0000000000000000          0
  80.024868      18.923236      -0.0000000000000000       0.0000000000000000          0
  83.174944      19.370755      -0.0000000000000000       0.0000000000000000          0
  86.335250      19.807685      -0.0000000000000000       0.0000000000000000          0
  89.505971      20.232658      -0.0000000000000000       0.0000000000000000          0
  92.687229      20.644333      -0.0000000000000000       0.0000000000000000          0
  95.879077      21.041395      -0.0000000000000000       0.0000000000000000          0
  99.081499      21.422560      -1.1849900591364877      -0.1484191365606517        603
  102.294403      21.786585      -1.2711745661542031      -0.0263300526006397        604
  105.517618      22.132267      -1.3292204926793525      -0.0056422924007353        604
  108.750895      22.458454      -1.3832222458574686       0.0175004783072383      60404
  111.993904      22.764045      -1.3447917552318422       0.0522288384587525        612
  115.246233      23.047999      -0.0000000000000000       0.0000000000000000          0
  118.507391      23.309341      -0.0000000000000000       0.0000000000000000          0
  121.776808      23.547164      -0.0000000000000000       0.0000000000000000          0
  125.053839      23.760636      -0.0000000000000000       0.0000000000000000          0
  128.337769      23.949003      -7.1023034330557744       1.0712963151046142        801
  131.627818      24.111596      -7.1296198561558848       1.2348013025814857        801
  31.075281       8.880897      -1.2147606051514410       0.4223871855401820        701
  34.127678       9.310409      -1.2324867239041084       0.4296580343932436        712
  37.182255       9.751009      -1.2467245859704581       0.4379610037463966        712
  40.239441      10.201452      -0.0000000000000000       0.0000000000000000          0
  43.299683      10.660465      -1.2624682651328778       0.9691487347090801        709
  46.363444      11.126747      -1.2337345097717578       0.9846868106469708        709
  49.431200      11.598974      -1.2014296053097859       1.0009608363818669        709
  52.503436      12.075798      -1.1656265973832538       1.0178976631410044        709
  55.580641      12.555856      -0.0000000000000000       0.0000000000000000          0
  58.663302      13.037766      -0.0000000000000000       0.0000000000000000          0
  61.751902      13.520137      -0.0000000000000000       0.0000000000000000          0
  64.846912      14.001566      -0.0000000000000000       0.0000000000000000          0
  67.948786      14.480646      -0.0000000000000000       0.0000000000000000          0
  71.057957      14.955965      -0.0000000000000000       0.0000000000000000          0
  74.174831      15.426114      -0.0000000000000000       0.0000000000000000          0
  77.299782      15.889686      -0.0000000000000000       0.0000000000000000          0
  80.433145      16.345284      -0.0000000000000000       0.0000000000000000          0
  83.575212      16.791522      -0.0000000000000000       0.0000000000000000          0
  86.726225      17.227029      -0.0000000000000000       0.0000000000000000          0
  89.886374      17.650457      -0.0000000000000000       0.0000000000000000          0
  93.055792      18.060480      -0.0000000000000000       0.0000000000000000          0
  96.234546      18.455802      -0.0000000000000000       0.0000000000000000          0
  99.422641      18.835164      -1.1887996789027029      -0.1174159062729920        603
  102.620011      19.197340      -1.2772241383100729       0.0275675585690368        604
  105.826519      19.541154      -1.3345653690960297       0.0452201316604824        604
  109.041955      19.865476      -1.3878698804065273       0.0651611182366030        604
  112.266034      20.169228      -0.0000000000000000       0.0000000000000000          0
  115.498399      20.451396      -1.3560113099042121       0.0917726904385204        612
  118.738617      20.711025      -0.0000000000000000       0.0000000000000000          0
  121.986188      20.947232      -6.9834861684995992       0.8542953168122410        801
  125.240541      21.159207      -7.0551912379609423       0.9912409759006727        801
  128.501040      21.346217      -7.1042121720013007       1.1329533579647559        801
  131.766992      21.507611      -7.1302576264699136       1.2784842201790918        801
  31.440080       6.298948      -1.2170615272500329       0.4424347245817278        701
  34.502874       6.729869      -1.2344251520537546       0.4470301310881991        712
  37.566839       7.171761      -1.2482668234184759       0.4526320097308030        712
  40.632375       7.623366      -0.0000000000000000       0.0000000000000000          0
  43.699904       8.083394      -1.2589180319498285       0.9545570070345615        709
  46.769864       8.550535      -1.2296560014425941       0.9675565881940731        709
  49.842711       9.023453      -1.1968321170787208       0.9813660515475279        709
  52.918908       9.500792      -0.0000000000000000       0.0000000000000000          0
  55.998924       9.981182      -0.0000000000000000       0.0000000000000000          0
  59.083229      10.463237      -0.0000000000000000       0.0000000000000000          0
  62.172289      10.945562      -0.0000000000000000       0.0000000000000000          0
  65.266561      11.426755      -0.0000000000000000       0.0000000000000000          0
  68.366486      11.905410      -0.0000000000000000       0.0000000000000000          0
  71.472489      12.380119      -0.0000000000000000       0.0000000000000000          0
  74.584966      12.849479      -0.0000000000000000       0.0000000000000000          0
  77.704285      13.312091      -0.0000000000000000       0.0000000000000000          0
  80.830780      13.766568      -0.0000000000000000       0.0000000000000000          0
  83.964743      14.211536      -0.0000000000000000       0.0000000000000000          0
  87.106421      14.645640      -0.0000000000000000       0.0000000000000000          0
  90.256013      15.067546      -0.0000000000000000       0.0000000000000000          0
  93.413664      15.475948      -0.0000000000000000       0.0000000000000000          0
  96.579459      15.869567      -1.1557741688637804      -0.1004587651140715      60302
  99.753425      16.247165      -1.1924533787221414      -0.0868245365178470      60302
  102.935524      16.607539      -1.2830467894025217       0.0807471020135652      60402
  106.125653      16.949533      -1.3397042763637077       0.0953293740347472        604
  109.323642      17.272040      -1.3923337522341390       0.1120365610401557        604
  112.529251      17.574007      -1.3468323877138255       0.0798358863278744        612
  115.742176      17.854440      -0.0000000000000000       0.0000000000000000          0
  118.962042      18.112410      -0.0000000000000000       0.0000000000000000          0
  122.188413      18.347053      -6.9886009924473029       0.9470075034096230        801
  125.420789      18.557580      -7.0584994722914667       1.0664240297764302        801
  128.658611      18.743278      -7.1059995703805523       1.1903379498594866        801
  131.901266      18.903515      -7.1308330641804121       1.3178669704873340        801
  31.801265       3.716748      -1.2192910497840299       0.4608882883819532        712
  34.874101       4.149046      -1.2362909734825640       0.4627695377920514        712
  37.947088       4.592198      -1.2497363830905581       0.4656328333411618        712
  41.020601       5.044929      -0.0000000000000000       0.0000000000000000          0
  44.095040       5.505940      -1.2553526416273424       0.9372344477224727        709
  47.170823       5.973905      -1.2255716776479992       0.9476751071839684        709
  50.248385       6.447481      -0.0000000000000000       0.0000000000000000          0
  53.328172       6.925303      -0.0000000000000000       0.0000000000000000          0
  56.410638       7.405995      -0.0000000000000000       0.0000000000000000          0
  59.496238       7.888167      -0.0000000000000000       0.0000000000000000          0
  62.585427       8.370422      -0.0000000000000000       0.0000000000000000          0
  65.678649       8.851358      -0.0000000000000000       0.0000000000000000          0
  68.776339       9.329571      -0.0000000000000000       0.0000000000000000          0
  71.878913       9.803657      -0.0000000000000000       0.0000000000000000          0
  74.986765      10.272219      -0.0000000000000000       0.0000000000000000          0
  78.100260      10.733868      -0.0000000000000000       0.0000000000000000          0
  81.219734      11.187227      -0.0000000000000000       0.0000000000000000          0
  84.345483      11.630934      -0.0000000000000000       0.0000000000000000          0
  87.477762      12.063648      -0.0000000000000000       0.0000000000000000          0
  90.616781      12.484052      -0.0000000000000000       0.0000000000000000          0
  93.762700      12.890855      -0.0000000000000000       0.0000000000000000          0
  96.915625      13.282800      -1.1598289397973300      -0.0674989178864212      60302
  100.075607      13.658667      -1.2613705759322786       0.0329838053412761        647
  103.242637      14.017274      -1.2886770516374659       0.1331221849640622      60402
  106.416646      14.357488      -1.3446682836364492       0.1446066660583162      60402
  109.597504      14.678222      -1.3966413640016651       0.1580555747559644        604
  112.785018      14.978448      -1.3477658208099921       0.0925292955356871        613
  115.978932      15.257191      -1.3571550679369688       0.1112145593399969        613
  119.178931      15.513545      -0.0000000000000000       0.0000000000000000          0
  122.384638      15.746667      -6.9934808135253164       1.0354586086901461        801
  125.595621      15.955788      -7.0616415519968552       1.1373214250160408        801
  128.811394      16.140212      -7.1076813411242208       1.2434240863989030        801
  132.031422      16.299324      -7.1313534720063592       1.3529488045794413        801
  32.160340       1.134402      -1.2214595179091474       0.4777156919113443        712
  35.242908       1.568051      -1.2380932410731491       0.4768509972352475        712
  38.324594       2.012434      -1.2511408956839578       0.4769452763861689        713
  41.405752       2.466264      -0.0000000000000000       0.0000000000000000          0
  44.486761       2.928227      -1.2517591268144650       0.9172321511701662        709
  47.568022       3.396987      -0.0000000000000000       0.0000000000000000          0
  50.649954       3.871191      -0.0000000000000000       0.0000000000000000          0
  53.732988       4.349468      -0.0000000000000000       0.0000000000000000          0
  56.817566       4.830434      -0.0000000000000000       0.0000000000000000          0
  59.904132       5.312697      -0.0000000000000000       0.0000000000000000          0
  62.993132       5.794859      -0.0000000000000000       0.0000000000000000          0
  66.085004       6.275517      -0.0000000000000000       0.0000000000000000          0
  69.180177       6.753270      -0.0000000000000000       0.0000000000000000          0
  72.279065       7.226719      -0.0000000000000000       0.0000000000000000          0
  75.382061       7.694474      -0.0000000000000000       0.0000000000000000          0
  78.489532       8.155154      -0.0000000000000000       0.0000000000000000          0
  81.601818       8.607393      -0.0000000000000000       0.0000000000000000          0
  84.719223       9.049842      -0.0000000000000000       0.0000000000000000          0
  87.842013       9.481174      -0.0000000000000000       0.0000000000000000          0
  90.970411       9.900087      -0.0000000000000000       0.0000000000000000          0
  94.104596      10.305309      -0.0000000000000000       0.0000000000000000          0
  97.244696      10.695601      -1.2349961394130176       0.0486560539636127      67352
  100.390786      11.069762      -1.2641176163562420       0.0580204822064002        647
  103.542889      11.426631      -1.2894733282896240       0.0687207855192111      64701
  106.700972      11.765095      -1.3494850581151305       0.1929700768443507      60402
  109.864943      12.084092      -1.4008171448604150       0.2031437594356969        604
  113.034655      12.382610      -1.3486509830168396       0.1044776796294574        613
  116.209901      12.659700      -3.4687799070909389      -7.7848000943923719        669
  119.390422      12.914474      -0.0000000000000000       0.0000000000000000          0
  122.575900      13.146110      -6.9981582892938521       1.1195571666247610        801
  125.765968      13.353858      -7.0646397903633700       1.2038711148179941        801
  128.960208      13.537040      -7.1092708443241088       1.2921781360529954        801
  132.158161      13.695057      -7.1318248550238419       1.3837235478783967        801
  32.518774      -1.447989      -1.2235762710771909       0.4928840668314959        701
  35.610806      -1.013009      -1.2398399572810128       0.4892484549013849        712
  38.700907      -0.567416      -1.2524869119016906       0.4865502406897904        713
  41.789412      -0.112512      -1.2614879238678043       0.4848455328980130        713
  44.876683       0.350378      -0.0000000000000000       0.0000000000000000          0
  47.963105       0.819907      -0.0000000000000000       0.0000000000000000          0
  51.049085       1.294713      -0.0000000000000000       0.0000000000000000          0
  54.135043       1.773418      -0.0000000000000000       0.0000000000000000          0
  57.221411       2.254633      -0.0000000000000000       0.0000000000000000          0
  60.308628       2.736962      -0.0000000000000000       0.0000000000000000          0
  63.397132       3.219007      -0.0000000000000000       0.0000000000000000          0
  66.487358       3.699365      -0.0000000000000000       0.0000000000000000          0
  69.579735       4.176639      -0.0000000000000000       0.0000000000000000          0
  72.674676       4.649436      -0.0000000000000000       0.0000000000000000          0
  75.772577       5.116371      -0.0000000000000000       0.0000000000000000          0
  78.873811       5.576073      -0.0000000000000000       0.0000000000000000          0
  81.978725       6.027187      -0.0000000000000000       0.0000000000000000          0
  85.087634       6.468376      -0.0000000000000000       0.0000000000000000          0
  88.200817       6.898329      -0.0000000000000000       0.0000000000000000          0
  91.318514       7.315758      -0.0000000000000000       0.0000000000000000          0
  94.440923       7.719410      -0.0000000000000000       0.0000000000000000          0
  97.568196       8.108063      -1.2381638874685272       0.0759429709946051      67352
  100.700437       8.480536      -1.2667792272855827       0.0823099040666322        647
  103.837699       8.835688      -1.2916463643723470       0.0899287885320571      64701
  106.979985       9.172427      -1.3126723707871786       0.0987397278617917      64701
  110.127243       9.489710      -1.3367593112800678       0.1046121839364011      61404
  113.279371       9.786549      -0.0000000000000000       0.0000000000000000          0
  116.436211      10.062014      -4.5042505783145739      -6.8021988058070919        667
  119.597555      10.315236      -4.8116662582021448      -6.8413290289222486        670
  122.763146      10.545415      -7.0026620237995711       1.1992029887141600        801
  125.932678      10.751817      -7.0675135689759729       1.2660038277819727        801
  129.105800      10.933782      -7.1107795129144691       1.3365609514718226        801
  132.282121      11.090726      -7.1322521464706021       1.4101814050013879        801
  32.878026      -4.030323      -1.2256498066177928       0.5063599709728299        701
  35.979291      -3.594027      -1.2415382198390115       0.4999351789333680        701
  39.077556      -3.147242      -1.2537800287773262       0.4944278602306530        713
  42.173140      -2.691283      -1.2623507244635888       0.4899013125374560        713
  45.266390      -2.227488      -0.0000000000000000       0.0000000000000000          0
  48.357679      -1.757212      -0.0000000000000000       0.0000000000000000          0
  51.447405      -1.281828      -0.0000000000000000       0.0000000000000000          0
  54.535980      -0.802720      -0.0000000000000000       0.0000000000000000          0
  57.623829      -0.321280      -0.0000000000000000       0.0000000000000000          0
  60.711388       0.161092      -0.0000000000000000       0.0000000000000000          0
  63.799092       0.642996      -0.0000000000000000       0.0000000000000000          0
  66.887378       1.123033      -0.0000000000000000       0.0000000000000000          0
  69.976675       1.599808      -0.0000000000000000       0.0000000000000000          0
  73.067400       2.071934      -0.0000000000000000       0.0000000000000000          0
  76.159956       2.538033      -0.0000000000000000       0.0000000000000000          0
  79.254725       2.996745      -0.0000000000000000       0.0000000000000000          0
  82.352063       3.446724      -0.0000000000000000       0.0000000000000000          0
  85.452298       3.886648      -0.0000000000000000       0.0000000000000000          0
  88.555726       4.315218      -0.0000000000000000       0.0000000000000000          0
  91.662606       4.731166      -0.0000000000000000       0.0000000000000000          0
  94.773158       5.133251      -0.0000000000000000       0.0000000000000000          0
  97.887558       5.520273      -0.0000000000000000       0.0000000000000000          0
  101.005941       5.891069      -1.2693689249711717       0.1058142260264806      67301
  104.128391       6.244518      -1.2937555588792460       0.1103524686387259      64701
  107.254948       6.579548      -1.3143252447006315       0.1160095670966621      64701
  110.385600       6.895136      -1.3310014091395406       0.1227203559147937        735
  113.520288       7.190316      -0.0000000000000000       0.0000000000000000          0
  116.658905       7.464176      -1.3524230393818140       0.1389789193937910      61413
  119.801294       7.715869      -0.0000000000000000       0.0000000000000000          0
  122.947253       7.944611      -0.0000000000000000       0.0000000000000000          0
  126.096537       8.149688      -7.0702798652412744       1.3236449515027646        801
  129.248857       8.330456      -7.1122171879261460       1.3765295322566171        801
  132.403890       8.486346      -7.1326393809265882       1.4323103693884323        801
>