>anchorPlateId 301
>reconstructionTime 43
>DeformingMeshPoints.gpml lat_lon_velocity_domain_28_32.gpml
>MeshNode <identity>GPlates-b7a3af0e-8119-4abb-9ae6-39bb7e5702ce</identity> <revision>GPlates-7b04c5e6-7801-49f1-bcc4-23d6f4e5417f</revision>
> reconstructionPlateId 0
> validTime TimePeriod <begin> TimeInstant <timePosition>http://gplates.org/times/distantPast</timePosition></begin> <end> TimeInstant <timePosition>http://gplates.org/times/distantFuture</timePosition></end>
  13.471880      67.800223      -0.0000000000000000       0.0000000000000000        302
  15.743871      68.129035      -0.0000000000000000       0.0000000000000000        302
  18.035453      68.470767      -0.0000000000000000       0.0000000000000000        302
  20.348474      68.824987      -0.0000000000000000       0.0000000000000000        302
  22.684953      69.191236      -0.0000000000000000       0.0000000000000000        302
  25.047097      69.569027      -0.0000000000000000       0.0000000000000000        302
  27.437327      69.957848      -0.0000000000000000       0.0000000000000000        302
  29.858302      70.357153      -0.0000000000000000       0.0000000000000000        302
  32.312945      70.766364      -0.0000000000000000       0.0000000000000000        302
  34.804474      71.184869      -0.0000000000000000       0.0000000000000000        302
  37.336441      71.612013      -0.0000000000000000       0.0000000000000000        302
  39.912766      72.047102      -0.0000000000000000       0.0000000000000000        302
  42.537786      72.489391      -0.0000000000000000       0.0000000000000000        302
  45.216299      72.938084      -0.0000000000000000       0.0000000000000000        302
  47.953618      73.392325      -0.0000000000000000       0.0000000000000000        302
  50.755632      73.851191      -0.0000000000000000       0.0000000000000000        302
  53.628865      74.313683      -0.0000000000000000       0.0000000000000000        302
  56.580543      74.778718      -0.0000000000000000       0.0000000000000000        373
  59.618658      75.245115      -0.0000000000000000       0.0000000000000000        373
  62.752037      75.711584      -0.0000000000000000       0.0000000000000000        373
  65.990393      76.176707      -0.0000000000000000       0.0000000000000000        373
  69.344372      76.638925      -0.0000000000000000       0.0000000000000000        373
  72.825567      77.096518      -0.0000000000000000       0.0000000000000000        404
  76.446489      77.547581      -0.0000000000000000       0.0000000000000000        404
  80.220479      77.990007      -0.0000000000000000       0.0000000000000000        404
  84.161520      78.421458      -0.0000000000000000       0.0000000000000000        404
  88.283921      78.839353      -0.0000000000000000       0.0000000000000000        404
  92.601826      79.240844      -0.0000000000000000       0.0000000000000000        404
  97.128497      79.622812      -0.0000000000000000       0.0000000000000000        404
  101.875329      79.981870      -0.0000000000000000       0.0000000000000000        404
  106.850579      80.314389      -0.0000000000000000       0.0000000000000000          0
  112.057815      80.616551      -0.0000000000000000       0.0000000000000000          0
  117.494185      80.884433      -0.0000000000000000       0.0000000000000000          0
  15.675685      65.344308      -0.0000000000000000       0.0000000000000000        302
  18.067764      65.685939      -0.0000000000000000       0.0000000000000000        302
  20.481034      66.040594      -0.0000000000000000       0.0000000000000000        302
  22.917394      66.407759      -0.0000000000000000       0.0000000000000000        302
  25.378900      66.786893      -0.0000000000000000       0.0000000000000000        302
  27.867781      67.177419      -0.0000000000000000       0.0000000000000000        302
  30.386455      67.578728      -0.0000000000000000       0.0000000000000000        302
  32.937547      67.990172      -0.0000000000000000       0.0000000000000000        302
  35.523913      68.411066      -0.0000000000000000       0.0000000000000000        302
  38.148653      68.840681      -0.0000000000000000       0.0000000000000000        302
  40.815142      69.278242      -0.0000000000000000       0.0000000000000000        302
  43.527051      69.722924      -0.0000000000000000       0.0000000000000000        302
  46.288371      70.173847      -0.0000000000000000       0.0000000000000000        302
  49.103438      70.630070      -0.0000000000000000       0.0000000000000000        302
  51.976964      71.090588      -0.0000000000000000       0.0000000000000000        302
  54.914054      71.554322      -0.0000000000000000       0.0000000000000000        373
  57.920233      72.020110      -0.0000000000000000       0.0000000000000000        372
  61.001458      72.486705      -0.0000000000000000       0.0000000000000000        372
  64.164130      72.952761      -0.0000000000000000       0.0000000000000000        372
  67.415092      73.416822      -0.0000000000000000       0.0000000000000000        372
  70.761603      73.877315      -0.0000000000000000       0.0000000000000000        372
  74.211302      74.332539      -0.0000000000000000       0.0000000000000000        401
  77.772128      74.780649      -0.0000000000000000       0.0000000000000000        404
  81.452202      75.219653      -0.0000000000000000       0.0000000000000000        404
  85.259661      75.647399      -0.0000000000000000       0.0000000000000000        404
  89.202419      76.061571      -0.0000000000000000       0.0000000000000000        404
  93.287847      76.459685      -0.0000000000000000       0.0000000000000000        404
  97.522379      76.839099      -0.0000000000000000       0.0000000000000000        404
  101.911003      77.197023      -0.0000000000000000       0.0000000000000000        404
  106.456682      77.530546      -0.0000000000000000       0.0000000000000000        404
  111.159695      77.836676      -0.0000000000000000       0.0000000000000000        401
  116.016954      78.112397      -0.0000000000000000       0.0000000000000000        401
  121.021363      78.354741      -0.0000000000000000       0.0000000000000000          0
  17.501039      62.861764      -0.0000000000000000       0.0000000000000000        302
  19.988514      63.213599      -0.0000000000000000       0.0000000000000000        302
  22.497751      63.578460      -0.0000000000000000       0.0000000000000000        302
  25.030611      63.955761      -0.0000000000000000       0.0000000000000000        302
  27.589092      64.344883      -0.0000000000000000       0.0000000000000000        302
  30.175342      64.745169      -0.0000000000000000       0.0000000000000000        302
  32.791666      65.155925      -0.0000000000000000       0.0000000000000000        302
  35.440545      65.576414      -0.0000000000000000       0.0000000000000000        302
  38.124644      66.005858      -0.0000000000000000       0.0000000000000000        302
  40.846825      66.443429      -0.0000000000000000       0.0000000000000000        302
  43.610164      66.888251      -0.0000000000000000       0.0000000000000000        302
  46.417955      67.339396      -0.0000000000000000       0.0000000000000000        302
  49.273730      67.795873      -0.0000000000000000       0.0000000000000000        302
  52.181263      68.256634      -0.0000000000000000       0.0000000000000000        302
  55.144578      68.720560      -0.0000000000000000       0.0000000000000000        302
  58.167953      69.186459      -0.0000000000000000       0.0000000000000000        302
  61.255916      69.653063      -0.0000000000000000       0.0000000000000000        302
  64.413236      70.119014      -0.0000000000000000       0.0000000000000000        372
  67.644901      70.582868      -0.0000000000000000       0.0000000000000000        372
  70.956090      71.043079      -0.0000000000000000       0.0000000000000000        372
  74.352116      71.498000      -0.0000000000000000       0.0000000000000000        401
  77.838366      71.945873      -0.0000000000000000       0.0000000000000000        401
  81.420198      72.384828      -0.0000000000000000       0.0000000000000000        401
  85.102819      72.812879      -0.0000000000000000       0.0000000000000000        401
  88.891127      73.227921      -0.0000000000000000       0.0000000000000000        401
  92.789514      73.627740      -0.0000000000000000       0.0000000000000000        401
  96.801627      74.010015      -0.0000000000000000       0.0000000000000000        401
  100.930092      74.372337      -0.0000000000000000       0.0000000000000000        401
  105.176205      74.712225      -0.0000000000000000       0.0000000000000000        401
  109.539601      75.027159      -0.0000000000000000       0.0000000000000000        401
  114.017915      75.314619      -0.0000000000000000       0.0000000000000000        401
  118.606476      75.572127      -0.0000000000000000       0.0000000000000000        401
  123.298052      75.797313      -0.0000000000000000       0.0000000000000000      42400
  19.040664      60.359304      -0.0000000000000000       0.0000000000000000        302
  21.605411      60.719446      -0.0000000000000000       0.0000000000000000        302
  24.191842      61.092556      -0.0000000000000000       0.0000000000000000        302
  26.801734      61.477984      -0.0000000000000000       0.0000000000000000        302
  29.436980      61.875042      -0.0000000000000000       0.0000000000000000        302
  32.099597      62.283002      -0.0000000000000000       0.0000000000000000        302
  34.791736      62.701095      -0.0000000000000000       0.0000000000000000        302
  37.515684      63.128509      -0.0000000000000000       0.0000000000000000        302
  40.273879      63.564386      -0.0000000000000000       0.0000000000000000        302
  43.068906      64.007817      -0.0000000000000000       0.0000000000000000        302
  45.903511      64.457844      -0.0000000000000000       0.0000000000000000        302
  48.780603      64.913454      -0.0000000000000000       0.0000000000000000        302
  51.703251      65.373574      -0.0000000000000000       0.0000000000000000        302
  54.674689      65.837071      -0.0000000000000000       0.0000000000000000        302
  57.698309      66.302745      -0.0000000000000000       0.0000000000000000        302
  60.777651      66.769326      -0.0000000000000000       0.0000000000000000        302
  63.916392      67.235470      -0.0000000000000000       0.0000000000000000        302
  67.118319      67.699757      -0.0000000000000000       0.0000000000000000        390
  70.387298      68.160683      -0.0000000000000000       0.0000000000000000        401
  73.727234      68.616660      -0.0000000000000000       0.0000000000000000        401
  77.142016      69.066011      -0.0000000000000000       0.0000000000000000        401
  80.635440      69.506974      -0.0000000000000000       0.0000000000000000        401
  84.211126      69.937694      -0.0000000000000000       0.0000000000000000        401
  87.872410      70.356230      -0.0000000000000000       0.0000000000000000        401
  91.622209      70.760562      -0.0000000000000000       0.0000000000000000        401
  95.462883      71.148593      -0.0000000000000000       0.0000000000000000        401
  99.396058      71.518167      -0.0000000000000000       0.0000000000000000        401
  103.422448      71.867080      -0.0000000000000000       0.0000000000000000        401
  107.541663      72.193110      -0.0000000000000000       0.0000000000000000        401
  111.752015      72.494037      -0.0000000000000000       0.0000000000000000        401
  116.050345      72.767681      -0.0000000000000000       0.0000000000000000        401
  120.431873      73.011939      -0.0000000000000000       0.0000000000000000        401
  124.890099      73.224832      -0.0000000000000000       0.0000000000000000        401
  20.360052      57.841602      -0.0000000000000000       0.0000000000000000        302
  22.988508      58.208639      -0.0000000000000000       0.0000000000000000        302
  25.638162      58.588552      -0.0000000000000000       0.0000000000000000        302
  28.310685      58.980633      -2.1850389187722827      -0.2497743556193308        334
  31.007845      59.384133      -0.0000000000000000       0.0000000000000000        302
  33.731516      59.798262      -0.0000000000000000       0.0000000000000000        302
  36.483675      60.222187      -0.0000000000000000       0.0000000000000000        302
  39.266411      60.655030      -0.0000000000000000       0.0000000000000000        302
  42.081926      61.095867      -0.0000000000000000       0.0000000000000000        302
  44.932537      61.543722      -0.0000000000000000       0.0000000000000000        302
  47.820675      61.997570      -0.0000000000000000       0.0000000000000000        302
  50.748886      62.456332      -0.0000000000000000       0.0000000000000000        302
  53.719824      62.918869      -0.0000000000000000       0.0000000000000000        302
  56.736248      63.383985      -0.0000000000000000       0.0000000000000000        302
  59.801007      63.850421      -0.0000000000000000       0.0000000000000000        302
  62.917029      64.316853      -0.0000000000000000       0.0000000000000000        390
  66.087297      64.781889      -0.0000000000000000       0.0000000000000000        468
  69.314823      65.244069      -0.0000000000000000       0.0000000000000000        401
  72.602617      65.701860      -0.0000000000000000       0.0000000000000000        401
  75.953637      66.153657      -0.0000000000000000       0.0000000000000000        401
  79.370744      66.597783      -0.0000000000000000       0.0000000000000000        401
  82.856630      67.032490      -0.0000000000000000       0.0000000000000000        401
  86.413749      67.455963      -0.0000000000000000       0.0000000000000000        401
  90.044226      67.866321      -0.0000000000000000       0.0000000000000000        401
  93.749759      68.261632      -0.0000000000000000       0.0000000000000000        401
  97.531508      68.639914      -0.0000000000000000       0.0000000000000000        401
  101.389983      68.999157      -0.0000000000000000       0.0000000000000000        401
  105.324916      69.337334      -0.0000000000000000       0.0000000000000000        401
  109.335142      69.652426      -0.0000000000000000       0.0000000000000000        401
  113.418488      69.942447      -0.0000000000000000       0.0000000000000000        401
  117.571676      70.205468      -0.0000000000000000       0.0000000000000000        401
  121.790249      70.439655      -0.0000000000000000       0.0000000000000000        401
  126.068534      70.643300      -0.0000000000000000       0.0000000000000000        401
  21.506588      55.312001      -0.0000000000000000       0.0000000000000000        302
  24.188411      55.684860      -0.0000000000000000       0.0000000000000000        302
  26.890690      56.070483      -2.0398013250332432       0.2607572260709524        334
  29.614986      56.468109      -0.0000000000000000       0.0000000000000000        302
  32.362939      56.876937      -0.0000000000000000       0.0000000000000000        302
  35.136274      57.296123      -0.0000000000000000       0.0000000000000000        302
  37.936799      57.724777      -0.0000000000000000       0.0000000000000000        302
  40.766412      58.161967      -0.0000000000000000       0.0000000000000000        302
  43.627093      58.606710      -0.0000000000000000       0.0000000000000000        302
  46.520910      59.057978      -0.0000000000000000       0.0000000000000000        302
  49.450010      59.514690      -0.0000000000000000       0.0000000000000000        302
  52.416620      59.975712      -0.0000000000000000       0.0000000000000000        302
  55.423035      60.439856      -0.0000000000000000       0.0000000000000000        302
  58.471607      60.905880      -0.0000000000000000       0.0000000000000000        302
  61.564737      61.372481      -0.0000000000000000       0.0000000000000000        390
  64.704852      61.838296      -0.0000000000000000       0.0000000000000000        390
  67.894387      62.301906      -0.0000000000000000       0.0000000000000000        468
  71.135752      62.761825      -0.0000000000000000       0.0000000000000000        401
  74.431305      63.216510      -0.0000000000000000       0.0000000000000000        401
  77.783306      63.664354      -0.0000000000000000       0.0000000000000000        401
  81.193874      64.103694      -0.0000000000000000       0.0000000000000000        401
  84.664930      64.532810      -0.0000000000000000       0.0000000000000000        401
  88.198137      64.949932      -0.0000000000000000       0.0000000000000000        401
  91.794829      65.353244      -0.0000000000000000       0.0000000000000000        401
  95.455933      65.740897      -0.0000000000000000       0.0000000000000000        401
  99.181896      66.111015      -0.0000000000000000       0.0000000000000000        401
  102.972595      66.461713      -0.0000000000000000       0.0000000000000000        401
  106.827257      66.791112      -0.0000000000000000       0.0000000000000000        401
  110.744382      67.097357      -0.0000000000000000       0.0000000000000000        401
  114.721673      67.378642      -0.0000000000000000       0.0000000000000000        401
  118.755983      67.633233      -0.0000000000000000       0.0000000000000000        401
  122.843279      67.859493      -0.0000000000000000       0.0000000000000000        401
  126.978637      68.055914      -0.0000000000000000       0.0000000000000000      43102
  22.515304      52.772954      -1.5848009745684499       0.7789481382773080        334
  25.242470      53.150801      -0.0000000000000000       0.0000000000000000        302
  27.989197      53.541290      -0.0000000000000000       0.0000000000000000        302
  30.756934      53.943614      -0.0000000000000000       0.0000000000000000        302
  33.547196      54.356922      -0.0000000000000000       0.0000000000000000        302
  36.361564      54.780324      -0.0000000000000000       0.0000000000000000        302
  39.201692      55.212882      -0.0000000000000000       0.0000000000000000        302
  42.069295      55.653615      -0.0000000000000000       0.0000000000000000        302
  44.966156      56.101494      -0.0000000000000000       0.0000000000000000        302
  47.894118      56.555443      -0.0000000000000000       0.0000000000000000        302
  50.855081      57.014337      -0.0000000000000000       0.0000000000000000        302
  53.850993      57.477000      -0.0000000000000000       0.0000000000000000        302
  56.883842      57.942205      -0.0000000000000000       0.0000000000000000        302
  59.955646      58.408673      -0.0000000000000000       0.0000000000000000        302
  63.068435      58.875069      -0.0000000000000000       0.0000000000000000        390
  66.224234      59.340008      -0.0000000000000000       0.0000000000000000        468
  69.425041      59.802049      -0.0000000000000000       0.0000000000000000        468
  72.672803      60.259697      -0.0000000000000000       0.0000000000000000        401
  75.969380      60.711406      -0.0000000000000000       0.0000000000000000        401
  79.316515      61.155579      -0.0000000000000000       0.0000000000000000        401
  82.715789      61.590573      -0.0000000000000000       0.0000000000000000        401
  86.168577      62.014702      -0.0000000000000000       0.0000000000000000        401
  89.676000      62.426242      -0.0000000000000000       0.0000000000000000        401
  93.238863      62.823440      -0.0000000000000000       0.0000000000000000        401
  96.857605      63.204524      -0.0000000000000000       0.0000000000000000        401
  100.532237      63.567711      -0.0000000000000000       0.0000000000000000        401
  104.262278      63.911224      -0.0000000000000000       0.0000000000000000        401
  108.046706      64.233307      -0.0000000000000000       0.0000000000000000        401
  111.883900      64.532239      -0.0000000000000000       0.0000000000000000        401
  115.771600      64.806358      -0.0000000000000000       0.0000000000000000        401
  119.706880      65.054080      -0.0000000000000000       0.0000000000000000        401
  123.686126      65.273923      -0.0000000000000000       0.0000000000000000        401
  127.705049      65.464528      -0.0000000000000000       0.0000000000000000      43102
  23.412615      50.226296      -0.0000000000000000       0.0000000000000000        302
  26.178805      50.608475      -0.0000000000000000       0.0000000000000000        302
  28.963567      51.003168      -0.0000000000000000       0.0000000000000000        302
  31.768244      51.409526      -0.0000000000000000       0.0000000000000000        302
  34.594233      51.826657      -0.0000000000000000       0.0000000000000000        302
  37.442985      52.253628      -0.0000000000000000       0.0000000000000000        302
  40.316004      52.689459      -0.0000000000000000       0.0000000000000000        302
  43.214847      53.133127      -0.0000000000000000       0.0000000000000000        302
  46.141118      53.583564      -0.0000000000000000       0.0000000000000000        302
  49.096463      54.039654      -0.0000000000000000       0.0000000000000000        302
  52.082565      54.500236      -0.0000000000000000       0.0000000000000000        302
  55.101136      54.964099      -0.0000000000000000       0.0000000000000000        302
  58.153907      55.429986      -0.0000000000000000       0.0000000000000000        302
  61.242614      55.896589      -0.0000000000000000       0.0000000000000000        390
  64.368985      56.362552      -0.0000000000000000       0.0000000000000000        468
  67.534722      56.826473      -0.0000000000000000       0.0000000000000000        468
  70.741478      57.286900      -0.0000000000000000       0.0000000000000000        468
  73.990836      57.742336      -0.0000000000000000       0.0000000000000000        401
  77.284281      58.191239      -0.0000000000000000       0.0000000000000000        401
  80.623164      58.632026      -0.0000000000000000       0.0000000000000000        401
  84.008675      59.063079      -0.0000000000000000       0.0000000000000000        401
  87.441798      59.482745      -0.0000000000000000       0.0000000000000000        401
  90.923274      59.889349      -0.0000000000000000       0.0000000000000000        401
  94.453556      60.281195      -0.0000000000000000       0.0000000000000000        401
  98.032765      60.656580      -0.0000000000000000       0.0000000000000000        401
  101.660647      61.013804      -0.0000000000000000       0.0000000000000000        401
  105.336525      61.351184      -0.0000000000000000       0.0000000000000000        401
  109.059264      61.667064      -0.0000000000000000       0.0000000000000000        401
  112.827234      61.959836      -0.0000000000000000       0.0000000000000000        401
  116.638285      62.227955      -0.0000000000000000       0.0000000000000000        401
  120.489729      62.469959      -0.0000000000000000       0.0000000000000000        401
  124.378335      62.684485      -0.0000000000000000       0.0000000000000000        401
  128.300345      62.870290      -0.0000000000000000       0.0000000000000000        401
  24.218797      47.673430      -0.0000000000000000       0.0000000000000000          0
  27.018959      48.059415      -0.0000000000000000       0.0000000000000000        302
  29.836655      48.457785      -0.0000000000000000       0.0000000000000000        302
  32.673126      48.867651      -0.0000000000000000       0.0000000000000000        302
  35.529660      49.288087      -0.0000000000000000       0.0000000000000000        302
  38.407586      49.718118      -2.0095767753151512      -0.4307077376560454        503
  41.308277      50.156731      -2.1602825467480429      -0.3816069500125601        503
  44.233146      50.602866      -0.0000000000000000       0.0000000000000000        302
  47.183637      51.055419      -0.0000000000000000       0.0000000000000000        302
  50.161226      51.513244      -0.0000000000000000       0.0000000000000000        302
  53.167409      51.975146      -0.0000000000000000       0.0000000000000000        302
  56.203696      52.439889      -0.0000000000000000       0.0000000000000000        302
  59.271601      52.906189      -0.0000000000000000       0.0000000000000000        302
  62.372628      53.372719      -0.0000000000000000       0.0000000000000000        390
  65.508257      53.838108      -0.0000000000000000       0.0000000000000000        468
  68.679928      54.300941      -0.0000000000000000       0.0000000000000000        468
  71.889021      54.759761      -0.0000000000000000       0.0000000000000000        468
  75.136835      55.213075      -2.0151142285671235       1.0855234688399016        517
  78.424563      55.659348      -1.9078962421791923       1.1910144686372663        518
  81.753265      56.097017      -2.1437736082957173       1.5345539045351273          0
  85.123837      56.524487      -0.9886633033949963       0.8819169797466838          0
  88.536982      56.940141      -0.1464568298668312       0.1686145250200117          0
  91.993176      57.342347      -0.0000000000000000       0.0000000000000000        401
  95.492631      57.729464      -0.0000000000000000       0.0000000000000000        401
  99.035263      58.099852      -0.0000000000000000       0.0000000000000000        401
  102.620658      58.451882      -0.0000000000000000       0.0000000000000000        401
  106.248038      58.783952      -0.0000000000000000       0.0000000000000000        401
  109.916235      59.094493      -0.0000000000000000       0.0000000000000000        401
  113.623665      59.381992      -0.0000000000000000       0.0000000000000000        401
  117.368316      59.645000      -0.0000000000000000       0.0000000000000000        401
  121.147733      59.882153      -0.0000000000000000       0.0000000000000000        401
  124.959025      60.092186      -0.0000000000000000       0.0000000000000000        401
  128.798878      60.273951      -0.0000000000000000       0.0000000000000000        401
  24.949662      45.115444      -0.0000000000000000       0.0000000000000000          0
  27.779710      45.504809      -0.0000000000000000       0.0000000000000000        302
  30.626228      45.906429      -0.0000000000000000       0.0000000000000000        302
  33.490365      46.319382      -0.0000000000000000       0.0000000000000000        302
  36.373304      46.742706      -1.9007898578408540      -0.2638915042846053        503
  39.276268      47.175395      -2.0552672109582240      -0.2223900747030896        503
  42.200509      47.616402      -2.2055428645742010      -0.1741535718340683        503
  45.147312      48.064636      -2.3511664362683824      -0.1189992419429503        503
  48.117982      48.518963      -0.0000000000000000       0.0000000000000000        302
  51.113846      48.978209      -0.0000000000000000       0.0000000000000000        302
  54.136238      49.441154      -0.0000000000000000       0.0000000000000000        302
  57.186498      49.906538      -0.0000000000000000       0.0000000000000000        302
  60.265955      50.373059      -0.0000000000000000       0.0000000000000000        390
  63.375922      50.839374      -0.0000000000000000       0.0000000000000000        465
  66.517674      51.304100      -0.0000000000000000       0.0000000000000000        458
  69.692440      51.765817      -0.0000000000000000       0.0000000000000000        459
  72.901381      52.223066      -0.0000000000000000       0.0000000000000000        460
  76.145572      52.674359      -3.2911102215942205       0.2813368343060942        501
  79.425981      53.118174      -3.2252944284690788       1.3192335954920869          0
  82.743444      53.552965      -2.8082598402245638       1.7254041137368403        580
  86.098641      53.977165      -2.3581451085847078       1.9252610822670924        580
  89.492068      54.389189      -1.8946846717542809       2.1034748846991103        580
  92.924014      54.787448      -1.4192121682724357       2.2582599440994451        580
  96.394527      55.170349      -0.3141082815707840       0.6804420003187728          0
  99.903393      55.536309      -0.0000000000000000       0.0000000000000000        401
  103.450104      55.883763      -0.0000000000000000       0.0000000000000000        401
  107.033840      56.211179      -0.0000000000000000       0.0000000000000000        401
  110.653443      56.517064      -0.0396281724385893       0.0223141208125260          0
  114.307406      56.799982      -0.3847425134771841       0.2411223713684055          0
  117.993859      57.058569      -0.3335733083271786       0.2225655380011395          0
  121.710569      57.291541      -0.1993466278097734       0.1310279621252320          0
  125.454941      57.497714      -0.0871492985249359       0.0373560243099403          0
  129.224034      57.676019      -0.0713271810350215       0.0223273663953680          0
  25.617727      42.553198      -0.0000000000000000       0.0000000000000000        338
  28.474317      42.945593      -0.0000000000000000       0.0000000000000000        319
  31.346305      43.350113      -0.0000000000000000       0.0000000000000000        551
  34.234752      43.765809      -0.0000000000000000       0.0000000000000000        551
  37.140751      44.191685      -0.0000000000000000       0.0000000000000000        551
  40.065424      44.626706      -2.0963655305230740      -0.0166224350852103        503
  43.009917      45.069796      -2.2461393558545986       0.0302524043219938        503
  45.975399      45.519837      -2.3909854738018441       0.0838684996798340        503
  48.963055      45.975668      -2.5304380951745116       0.1443819737113358        503
  51.974081      46.436091      -2.6640208022683849       0.2119271123500375        503
  55.009673      46.899866      -0.0000000000000000       0.0000000000000000        302
  58.071024      47.365712      -0.0000000000000000       0.0000000000000000        302
  61.159310      47.832314      -0.0000000000000000       0.0000000000000000        390
  64.275680      48.298315      -0.0000000000000000       0.0000000000000000        458
  67.421245      48.762325      -0.0000000000000000       0.0000000000000000        458
  70.597059      49.222921      -0.0000000000000000       0.0000000000000000        460
  73.804109      49.678648       4.1823115577861190       0.2605366026320196        590
  77.043292      50.128022       4.1737385701891192       0.0763868214436113        591
  80.315399      50.569537       4.1515383261661967      -0.1112296177441766        590
  83.621097      51.001665      -3.2403329466187638       0.9421119197105444          0
  86.960901      51.422864      -2.2411009410690736       1.4803599815324409        580
  90.335158      51.831584      -1.7784448012648619       1.6493315132241617        580
  93.744023      52.226272      -1.3047875982277506       1.7955635882385756        580
  97.187435      52.605382      -0.8216482487927652       1.9174400203481703        580
  100.665097      52.967380      -0.1522384976212450       0.5912318832254532          0
  104.176453      53.310761      -0.2418235490494742       1.1209250525236680        606
  107.720674      53.634052      -0.2257791611539648       0.1152116580073000          0
  111.296641      53.935826      -1.2759378356976478       0.7253548831161325          0
  114.902935      54.214717      -1.0874345478895409       0.6643056844026287          0
  118.537828      54.469427      -0.7897746192729407       0.4980406107861952          0
  122.199288      54.698746      -0.5605540439180148       0.3401007336301872          0
  125.884980      54.901556      -0.4035472298138341       0.2026257680252286          0
  129.592284      55.076852      -0.3266062450737730       0.1081617110279801          0
  26.233033      39.987377      -0.0000000000000000       0.0000000000000000        521
  29.113400      40.382512      -0.0000000000000000       0.0000000000000000        521
  32.008096      40.789646      -1.2175960504504220       0.1339112701286724        715
  34.918100      41.207801      -1.2341088987312505       0.1706561686550501        715
  37.844422      41.635953      -0.0000000000000000       0.0000000000000000        526
  40.788093      42.073041      -0.0000000000000000       0.0000000000000000        551
  43.750165      42.517962      -0.0000000000000000       0.0000000000000000        551
  46.731705      42.969573      -2.4269166905867898       0.2831322395248661        503
  49.733790      43.426693      -2.5653117356277271       0.3414402838209037        503
  52.757503      43.888100      -2.6975855094623924       0.4065659127557756        503
  55.803921      44.352537      -2.8232556262494524       0.4786076275798457        503
  58.874112      44.818708      -2.9418322577093878       0.5576332242859120        503
  61.969121      45.285285      -0.0000000000000000       0.0000000000000000        467
  65.089964      45.750903      -0.0000000000000000       0.0000000000000000        466
  68.237611      46.214168      -0.0000000000000000       0.0000000000000000        459
  71.412976      46.673654      -2.2892666919105533       0.3657102938549749          0
  74.616904      47.127911      -3.2333353218957983       0.5901102272875290        501
  77.850152      47.575465      -3.3527692764409078       0.6969770108528026        501
  81.113372      48.014822      -3.4624865768646997       0.8124147081275980        501
  84.407099      48.444476      -3.5618421812368726       0.9362483546132344        501
  87.731726      48.862909      -0.7747620055216932       0.8746938232642111        606
  91.087491      49.268601      -3.1668806740674729       1.2855933175781145          0
  94.474454      49.660035      -2.1503340444593078       1.4441921878252648          0
  97.892480      50.035707      -1.1699557874390343       1.5240099111635235          0
  101.341224      50.394131      -1.3865362266012788       1.6158293532730934          0
  104.820112      50.733850      -1.9178325232085691       1.1457684644950055          0
  108.328330      51.053446      -2.6931648307194362       1.4074244293379581          0
  111.864809      51.351553      -2.3994618900154299       1.3702063488054583          0
  115.428223      51.626861      -1.6084166193497993       0.9710047558614956          0
  119.016982      51.878134      -1.1313398584237739       0.6879013548858776          0
  122.629236      52.104221      -0.8396227725944341       0.4780739289705404          0
  126.262879      52.304063      -0.6612045154408540       0.3126558848792442          0
  129.915564      52.476709      -0.5840364522096762       0.2031002861750371          0
  26.803737      37.418538      -1.1802669075370538       0.1019201435171733        715
  29.705576      37.816171      -0.0000000000000000       0.0000000000000000        522
  32.620681      38.225680      -1.2213346621801868       0.1680596407289563        715
  35.549959      38.646058      -1.2372751329190073       0.2031371937753451        715
  38.494342      39.076258      -0.0000000000000000       0.0000000000000000        522
  41.454781      39.515193      -0.0000000000000000       0.0000000000000000        526
  44.432242      39.961738      -0.0000000000000000       0.0000000000000000        526
  47.427701      40.414728      -2.4596092364261772       0.4787043920300445        503
  50.442143      40.872960      -2.5969535843162688       0.5343801336208001        503
  53.476550      41.335196      -2.7279484544378105       0.5966466060686150        503
  56.531897      41.800163      -2.8521175605329305       0.6655950437196020        503
  59.609144      42.266553      -2.9689799958141752       0.7412851692061887        503
  62.709227      42.733026      -3.0780511735937335       0.8237413916478551        503
  65.833048      43.198213      -0.0000000000000000       0.0000000000000000        466
  68.981462      43.660716      -1.2532106477734830       0.2048135145571257          0
  72.155268      44.119110      -0.0000000000000000       0.0000000000000000        459
  75.355195      44.571952      -3.2615283949848992       0.7920185983123824        501
  78.581886      45.017776      -3.3783308235785765       0.8945349952686882        501
  81.835889      45.455104      -3.4852728341455843       1.0052422797326774        501
  85.117634      45.882449      -3.5817429851992806       1.1239548908080685        501
  88.427423      46.298316      -3.6671383306159857       1.2504183950697521        501
  91.765413      46.701215      -3.7408699318065111       1.3843058235303374        501
  95.131598      47.089664      -3.8023691415831973       1.5252146878396919        501
  98.525799      47.462196      -3.8510946321001294       1.6726648515351814        501
  101.947645      47.817366      -3.8865401046967167       1.8260974395731633        501
  105.396561      48.153765      -3.9082425801330101       1.9848749695587424        501
  108.871762      48.470024      -3.2756814814915547       1.7749319150118301          0
  112.372240      48.764825      -2.7532506534131667       1.5830362352123477          0
  115.896762      49.036914      -1.8280673862736361       1.0896435431761062          0
  119.443865      49.285107      -1.2966680140197548       0.7562055978146904          0
  123.011866      49.508305      -0.9960618430491264       0.5243730949447200          0
  126.598861      49.705499      -0.8321842573091440       0.3551556716089016          0
  130.202742      49.875784      -0.7959881766789445       0.2669923884020720          0
  27.336546      34.847139      -1.1845415492261873       0.1378754437643997        715
  30.257917      35.247065      -1.2061493472572868       0.1685200032176057        715
  33.191503      35.658746      -1.2246927451881873       0.2004860549865456        715
  36.138145      36.081151      -0.0000000000000000       0.0000000000000000          0
  39.098704      36.513208      -0.0000000000000000       0.0000000000000000          0
  42.074056      36.953809      -2.1991605387818423       0.5837052319061086        503
  45.065093      37.401805      -0.0000000000000000       0.0000000000000000        505
  48.072710      37.856014      -0.0000000000000000       0.0000000000000000        505
  51.097809      38.315216      -2.6258882570063609       0.7231157132640644        503
  54.141285      38.778155      -2.7556358917814041       0.7821308428822758        503
  57.204025      39.243546      -2.8783566036162322       0.8475859312967896        503
  60.286897      39.710070      -2.9935792615361709       0.9195355488746337        503
  63.390742      40.176380      -3.1008318133492647       0.9979986045375164        503
  66.516368      40.641101      -0.1857571886530640       0.0246123808518095          0
  69.664535      41.102834      -0.0000000000000000       0.0000000000000000        466
  72.835945      41.560159      -3.1631256406417601       0.8980334494805934        501
  76.031235      42.011637      -3.2868694701061871       0.9878274597713037        501
  79.250958      42.455814      -3.4012212178192716       1.0855751457229124        501
  82.495575      42.891227      -3.5055936435794908       1.1911480837580100        501
  85.765440      43.316406      -3.5994069055611346       1.3043551125202479        501
  89.060784      43.729882      -3.6820931306135480       1.4249387949419989        501
  92.381707      44.130191      -3.7531016416362117       1.5525724316666674        501
  95.728160      44.515881      -3.8119048298825238       1.6868577684233790        501
  99.099935      44.885523      -3.8580046341863730       1.8273235474776690        501
  102.496653      45.237710      -3.8909395592506568       1.9734250558331785        501
  105.917754      45.571074      -4.1261293590563595       2.3211550909305219        607
  109.362487      45.884291      -1.7066762407617686       0.9798820264894079          0
  112.829910      46.176088      -1.7485891095883863       1.0073798966316334          0
  116.318879      46.445259      -1.5390449707312226       0.8817997155018053          0
  119.828055      46.690665      -1.1960143064502118       0.6401138942565785          0
  123.355902      46.911254      -1.0024738568299751       0.4608679927619340          0
  126.900697      47.106061      -0.9346433171526458       0.3496378102662304          0
  130.460542      47.274222      -0.9928875854344768       0.3277636109275443          0
  27.837032      32.273556      -1.1884635807105735       0.1724304546830860        715
  30.776294      32.675604      -1.2096574838536893       0.2011951138800996        715
  33.726732      33.089287      -1.2277310156104277       0.2312482816115409        715
  36.689126      33.513552      -0.0000000000000000       0.0000000000000000          0
  39.664273      33.947305      -0.0000000000000000       0.0000000000000000          0
  42.652985      34.389418      -0.0000000000000000       0.0000000000000000          0
  45.656082      34.838723      -2.3756896310264217       0.8149041613727737        503
  48.674390      35.294019      -0.0000000000000000       0.0000000000000000        505
  51.708737      35.754071      -0.0000000000000000       0.0000000000000000        505
  54.759943      36.217610      -0.0000000000000000       0.0000000000000000        505
  57.828818      36.683338      -0.0000000000000000       0.0000000000000000        505
  60.916150      37.149929      -3.0160433211633810       1.0923826774973480        503
  64.022702      37.616028      -3.1215640397934594       1.1664895983870658        503
  67.149200      38.080258      -3.2184986882158944       1.2468333311005091        503
  70.296325      38.541222      -0.0000000000000000       0.0000000000000000        467
  73.464701      38.997500      -0.0000000000000000       0.0000000000000000          0
  76.654889      39.447663      -3.3098411727565100       1.1775993216263720        501
  79.867370      39.890268      -3.4218995898997271       1.2702079461655464        501
  83.102537      40.323865      -3.5238799260976692       1.3702887843196594        501
  86.360685      40.747004      -3.6152320606797694       1.4776491889160963        501
  89.641994      41.158238      -3.6954207080201198       1.5920327621862747        501
  92.946523      41.556129      -3.7639303434359688       1.7131169338194077        501
  96.274195      41.939256      -3.8202706679324843       1.8405112345787615        501
  99.624788      42.306220      -3.8639825676814832       1.9737563934143221        501
  102.997927      42.655652      -0.0005727312911438       0.0546744314270925        457
  106.393073      42.986222      -1.4252958296034355       0.6011151115363036          0
  109.809519      43.296644      -0.4401026394948024       0.2436685101562524          0
  113.246387      43.585690      -0.5467285772070381       0.2687599289585159          0
  116.702622      43.852191      -0.6782161015975089       0.2863380616957577          0
  120.176996      44.095055      -0.8005885205452090       0.3210274489016357          0
  123.668111      44.313268      -0.9345951968459060       0.3504605840878682          0
  127.174405      44.505904      -1.0672145733628171       0.3851635629279874          0
  130.694164      44.672137      -1.2150468578289804       0.4182786635222780          0
  28.309880      29.698110      -1.1920857208700277       0.2056025827083178        715
  31.265632      30.102132      -1.2128782558646458       0.2323667882576929        715
  34.231535      30.517671      -1.2304984066277509       0.2603866161818742        715
  37.208313      30.943654      -1.2448684619905857       0.2896461185300749        715
  40.196704      31.378967      -0.0000000000000000       0.0000000000000000          0
  43.197460      31.822462      -0.0000000000000000       0.0000000000000000          0
  46.211339      32.272955      -0.0000000000000000       0.0000000000000000          0
  49.239106      32.729227      -2.5429816015627695       1.0417946288569195        503
  52.281522      33.190030      -0.0000000000000000       0.0000000000000000        505
  55.339342      33.654082      -0.0000000000000000       0.0000000000000000        505
  58.413308      34.120077      -0.0000000000000000       0.0000000000000000        505
  61.504142      34.586679      -0.0000000000000000       0.0000000000000000        506
  64.612538      35.052530      -0.0000000000000000       0.0000000000000000        506
  67.739155      35.516252      -0.0000000000000000       0.0000000000000000        301
  70.884606      35.976447      -0.0000000000000000       0.0000000000000000      50601
  74.049454      36.431703      -0.0000000000000000       0.0000000000000000          0
  77.234194      36.880596      -0.0000000000000000       0.0000000000000000          0
  80.439252      37.321694      -3.4407300470451343       1.4484677128048378        501
  83.664969      37.753564      -3.5404716773670488       1.5427375272676414        501
  86.911594      38.174772      -3.6295308402492048       1.6439468240515542        501
  90.179269      38.583894      -3.7074026118030443       1.7518435672901655        501
  93.468026      38.979516      -3.7736038930162339       1.8661124504951583        501
  96.777772      39.360245      -3.8276784789448226       1.9863736358402455        501
  100.108282      39.724713      -0.0000000000000000       0.0000000000000000          0
  103.459193      40.071583      -0.0000000000000000       0.0000000000000000          0
  106.829993      40.399561      -1.2551811433791507       0.2670644712822236          0
  110.220023      40.707399      -0.8648599190363679       0.1120567891769348          0
  113.628468      40.993904      -0.9046252464417193       0.1563049431981964          0
  117.054357      41.257947      -0.9478811133002172       0.2042273958376995          0
  120.496568      41.498473      -0.9987280623565709       0.2528190071470544          0
  123.953828      41.714503      -1.0727744771259851       0.2963971707350565          0
  127.424720      41.905149      -1.1492882342883437       0.3351489626880525          0
  130.907695      42.069616      -1.2233044189460147       0.3635790336157819          0
  28.759066      27.121067      -1.1954514155673563       0.2373975780178357        715
  31.730109      27.526938      -1.2158535583917394       0.2620511199796841        715
  34.710290      27.944210      -1.2330347503258172       0.2879276432801582        715
  37.700281      28.371790      -1.2469208015015401       0.3150150019596077        715
  40.700768      28.808547      -0.0000000000000000       0.0000000000000000          0
  43.712447      29.253315      -0.0000000000000000       0.0000000000000000          0
  46.736023      29.704891      -0.0000000000000000       0.0000000000000000          0
  49.772202      30.162046      -2.5670376961369885       1.2209779174048383        503
  52.821690      30.623515      -0.0000000000000000       0.0000000000000000        505
  55.885184      31.088008      -0.0000000000000000       0.0000000000000000        505
  58.963368      31.554209      -0.0000000000000000       0.0000000000000000        505
  62.056905      32.020778      -0.0000000000000000       0.0000000000000000      50601
  65.166431      32.486352      -0.0000000000000000       0.0000000000000000      50601
  68.292549      32.949552      -0.0000000000000000       0.0000000000000000      50601
  71.435817      33.408983      -0.0000000000000000       0.0000000000000000          0
  74.596743      33.863237      -0.0000000000000000       0.0000000000000000          0
  77.775775      34.310900      -0.0000000000000000       0.0000000000000000          0
  80.973292      34.750550      -0.0000000000000000       0.0000000000000000          0
  84.189595      35.180769      -3.5556406435967247       1.7085038751405122        501
  87.424897      35.600142      -3.6425516414018850       1.8032892123042150        501
  90.679318      36.007264      -3.7182614489967900       1.9044415678754729        501
  93.952868      36.400745      -0.0000000000000000       0.0000000000000000          0
  97.245451      36.779218      -0.0000000000000000       0.0000000000000000          0
  100.556845      37.141345      -1.2735352246121274      -0.1736638875455513        602
  103.886705      37.485819      -1.6128830944941881       0.1931872000581735          0
  107.234552      37.811378      -1.2599594868257724      -0.0303662863447923          0
  110.599774      38.116809      -1.2866842859360781      -0.0210756471011549          0
  113.981618      38.400952      -1.2248003260061004       0.0549483778837833          0
  117.379197      38.662715      -1.1795503779412364       0.1294639607718793          0
  120.791484      38.901074      -1.1701681705900482       0.1918149685717666          0
  124.217321      39.115086      -1.1988986477444150       0.2392099645419924          0
  127.655425      39.303893      -1.2360502133565776       0.2785771168686408          0
  131.104394      39.466730      -1.2761423901664810       0.3068608705273165          0
  29.188004      24.542660      -1.1985968136049943       0.2678119999370189        715
  32.173304      24.950271      -1.2186180449642652       0.2902542286592606        715
  35.166741      25.369170      -1.2353727685385656       0.3138871658718877        715
  38.168939      25.798244      -1.2487903978460149       0.3387029753246079        715
  41.180534      26.236345      -0.0000000000000000       0.0000000000000000          0
  44.202175      26.682290      -0.0000000000000000       0.0000000000000000          0
  47.234516      27.134863      -0.0000000000000000       0.0000000000000000          0
  50.278214      27.592819      -0.0000000000000000       0.0000000000000000          0
  53.333923      28.054883      -2.7219598152725082       1.4330276069668901        503
  56.402291      28.519756      -0.0000000000000000       0.0000000000000000        505
  59.483951      28.986113      -0.0000000000000000       0.0000000000000000        505
  62.579517      29.452610      -0.0000000000000000       0.0000000000000000      50601
  65.689575      29.917882      -0.0000000000000000       0.0000000000000000      50601
  68.814680      30.380550      -0.0000000000000000       0.0000000000000000          0
  71.955345      30.839221      -0.0000000000000000       0.0000000000000000          0
  75.112034      31.292494      -0.0000000000000000       0.0000000000000000          0
  78.285155      31.738962      -0.0000000000000000       0.0000000000000000          0
  81.475052      32.177216      -0.0000000000000000       0.0000000000000000          0
  84.681994      32.605852      -3.5696066277347911       1.8675490519369158        501
  87.906171      33.023471      -3.6544944000787805       1.9556656868336100        501
  91.147684      33.428689      -3.7281754312012354       2.0498421808673433        501
  94.406536      33.820140      -0.0000000000000000       0.0000000000000000          0
  97.682629      34.196480      -0.0000000000000000       0.0000000000000000          0
  100.975754      34.556398      -1.2770609313520820      -0.1465841630557354        602
  104.285587      34.898618      -1.3055071432553849      -0.1104848035206245          0
  107.611684      35.221906      -1.3225773573340465      -0.0728418503657413          0
  110.953482      35.525080      -1.3379404668339048      -0.0270737741674971          0
  114.310290      35.807014      -1.3501745054634451       0.0207701678626417          0
  117.681297      36.066646      -1.3598167663814191       0.0688008913883811          0
  121.065568      36.302986      -1.3143916074282189       0.1368900601096903          0
  124.462052      36.515118      -1.3108505080429596       0.1890557653448903          0
  127.869585      36.702215      -1.3148226008346837       0.2341484739123085          0
  131.286898      36.863537      -1.3270088872387678       0.2696951637538064          0
  29.599654      21.963089      -1.2015522674055363       0.2968351651477277        715
  32.598318      22.372347      -1.2212006325478302       0.3169743792807822        715
  35.604127      22.792781      -1.2375395690225930       0.3382725050464032        715
  38.617660      23.223260      -1.2505021670365106       0.3607264763808952        715
  41.639510      23.662619      -0.0000000000000000       0.0000000000000000          0
  44.670282      24.109660      -0.0000000000000000       0.0000000000000000          0
  47.710583      24.563154      -0.0000000000000000       0.0000000000000000          0
  50.761028      25.021841      -0.0000000000000000       0.0000000000000000          0
  53.822227      25.484439      -0.0000000000000000       0.0000000000000000          0
  56.894782      25.949639      -0.0000000000000000       0.0000000000000000      50602
  59.979283      26.416109      -0.0000000000000000       0.0000000000000000      50602
  63.076300      26.882502      -0.0000000000000000       0.0000000000000000      50602
  66.186381      27.347451      -0.0000000000000000       0.0000000000000000      50602
  69.310038      27.809578      -0.0000000000000000       0.0000000000000000          0
  72.447747      28.267494      -0.0000000000000000       0.0000000000000000          0
  75.599937      28.719803      -0.0000000000000000       0.0000000000000000          0
  78.766984      29.165107      -0.0000000000000000       0.0000000000000000          0
  81.949205      29.602010      -0.0000000000000000       0.0000000000000000          0
  85.146846      30.029121      -0.0000000000000000       0.0000000000000000          0
  88.360081      30.445058      -3.6655218713407960       2.1010264943259975        501
  91.588999      30.848456      -3.7372888736933834       2.1880195752168179        501
  94.833602      31.237971      -0.0000000000000000       0.0000000000000000          0
  98.093797      31.612284      -1.1740881967033898      -0.2692629118396358        603
  101.369391      31.970107      -1.3168264372349725      -0.1349566222457939          0
  104.660086      32.310193      -1.3009334757195963      -0.1162822778233415          0
  107.965474      32.631336      -1.3248795521171939      -0.0639764215598107          0
  111.285040      32.932383      -1.3385818407911780      -0.0154226882202836          0
  114.618155      33.212238      -1.3485379874689547       0.0320078227201737          0
  117.964080      33.469869      -1.3560513865194701       0.0786954103456803          0
  121.321966      33.704312      -1.3609655507359868       0.1232636787114271          0
  124.690861      33.914683      -1.3593745397642700       0.1676336951843121          0
  128.069710      34.100178      -1.3520837967775097       0.2123278332293614          0
  131.457369      34.260083      -1.3428089463339994       0.2577324552594437        602
  29.996609      19.382529      -1.2043434858575597       0.3244506980477464        715
  33.007862      19.793354      -1.2236256518506170       0.3422036630950583        715
  36.025275      20.215243      -1.2395577825699315       0.3610843180364874        715
  39.049387      20.647051      -1.2520767135017081       0.3810947833931743        715
  42.080751      21.087594      -0.0000000000000000       0.0000000000000000          0
  45.119929      21.535661      -1.4221211806024772       0.9344942543596195        710
  48.167493      21.990009      -0.0000000000000000       0.0000000000000000          0
  51.224015      22.449369      -0.0000000000000000       0.0000000000000000          0
  54.290065      22.912447      -0.0000000000000000       0.0000000000000000          0
  57.366210      23.377927      -0.0000000000000000       0.0000000000000000          0
  60.453001      23.844474      -0.0000000000000000       0.0000000000000000      50602
  63.550972      24.310735      -0.0000000000000000       0.0000000000000000      50602
  66.660634      24.775343      -0.0000000000000000       0.0000000000000000          0
  69.782468      25.236921      -0.0000000000000000       0.0000000000000000          0
  72.916918      25.694085      -0.0000000000000000       0.0000000000000000          0
  76.064386      26.145445      -0.0000000000000000       0.0000000000000000          0
  79.225223      26.589613      -0.0000000000000000       0.0000000000000000          0
  82.399724      27.025203      -0.0000000000000000       0.0000000000000000          0
  85.588121      27.450838      -0.0000000000000000       0.0000000000000000          0
  88.790576      27.865155      -3.6757679456858181       2.2392927077420763        501
  92.007174      28.266806      -0.0000000000000000       0.0000000000000000          0
  95.237921      28.654467      -0.0000000000000000       0.0000000000000000          0
  98.482734      29.026842      -1.1785656266714644      -0.2374411835069219        603
  101.741437      29.382668      -1.2603276797201499      -0.1813805374320226          0
  105.013762      29.720724      -1.3100182260256736      -0.1086885590953400          0
  108.299339      30.039830      -1.3312714025651382      -0.0530938027286490          0
  111.597700      30.338861      -1.3420982934595607      -0.0031864173228254          0
  114.908276      30.616748      -1.3496419188399413       0.0434009753270152          0
  118.230396      30.872486      -1.3553239748642789       0.0881481129121129          0
  121.563295      31.105140      -1.3594262856232318       0.1298940528465139          0
  124.906109      31.313850      -1.3586763542140665       0.1710066707844268          0
  128.257887      31.497836      -1.3529370295961289       0.2126119981702234          0
  131.617597      31.656408      -0.0000000000000000       0.0000000000000000          0
  30.381171      16.801134      -1.2069924294747252       0.3506377711649821        715
  33.404338      17.213457      -1.2259137357524863       0.3659293378761888        715
  36.432686      17.636735      -1.2414464360665440       0.3823180431233376        715
  39.466717      18.069804      -1.2535311783256955       0.3998115690701063        715
  42.506945      18.511467      -0.0000000000000000       0.0000000000000000          0
  45.553898      18.960498      -0.0000000000000000       0.0000000000000000          0
  48.608110      19.415644      -1.8523731276854152       1.2635929181603860        710
  51.670121      19.875624      -0.0000000000000000       0.0000000000000000          0
  54.740466      20.339136      -0.0000000000000000       0.0000000000000000          0
  57.819676      20.804857      -0.0000000000000000       0.0000000000000000          0
  60.908272      21.271447      -0.0000000000000000       0.0000000000000000          0
  64.006758      21.737550      -0.0000000000000000       0.0000000000000000          0
  67.115615      22.201801      -0.0000000000000000       0.0000000000000000          0
  70.235297      22.662824      -0.0000000000000000       0.0000000000000000          0
  73.366222      23.119238      -0.0000000000000000       0.0000000000000000          0
  76.508771      23.569662      -0.0000000000000000       0.0000000000000000          0
  79.663276      24.012716      -0.0000000000000000       0.0000000000000000          0
  82.830018      24.447026      -0.0000000000000000       0.0000000000000000          0
  86.009218      24.871229      -0.0000000000000000       0.0000000000000000          0
  89.201032      25.283977      -0.0000000000000000       0.0000000000000000          0
  92.405549      25.683942      -0.0000000000000000       0.0000000000000000          0
  95.622778      26.069819      -0.0000000000000000       0.0000000000000000          0
  98.852652      26.440334      -1.1827737259036417      -0.2059158121306508        603
  102.095016      26.794248      -1.2673938787408994      -0.1304196441362190      60401
  105.349633      27.130362      -1.3251630853534129      -0.0988424280307525          0
  108.616170      27.447524      -1.3427518197102910      -0.0392954165107294          0
  111.894209      27.744633      -1.3481099383491837       0.0108687452045511          0
  115.183236      28.020648      -1.3527059835868680       0.0560588589668334          0
  118.482648      28.274587      -1.3568849433246812       0.0980674660930353          0
  121.791755      28.505542      -1.3612146223770312       0.1359707734715794          0
  125.109780      28.712677      -0.0000000000000000       0.0000000000000000          0
  128.435867      28.895234      -0.0000000000000000       0.0000000000000000          0
  131.769085      29.052543      -0.0000000000000000       0.0000000000000000          0
  30.755402      14.219045      -1.2095180124792517       0.3753721007732020        701
  33.789896      14.632807      -1.2280825120803587       0.3881348999901700        715
  36.828595      15.057414      -1.2432216289358333       0.4019650517364544        715
  39.871964      15.491686      -1.2548798917488608       0.4168761358789426        715
  42.920487      15.934413      -0.0000000000000000       0.0000000000000000          0
  45.974657      16.384356      -0.0000000000000000       0.0000000000000000          0
  49.034978      16.840250      -1.9045858327413123       1.6206085283052873        710
  52.101957      17.300804      -0.0000000000000000       0.0000000000000000          0
  55.176101      17.764708      -0.0000000000000000       0.0000000000000000          0
  58.257913      18.230635      -0.0000000000000000       0.0000000000000000          0
  61.347885      18.697239      -0.0000000000000000       0.0000000000000000          0
  64.446495      19.163163      -0.0000000000000000       0.0000000000000000          0
  67.554201      19.627041      -0.0000000000000000       0.0000000000000000          0
  70.671434      20.087501      -0.0000000000000000       0.0000000000000000          0
  73.798595      20.543168      -0.0000000000000000       0.0000000000000000          0
  76.936045      20.992665      -0.0000000000000000       0.0000000000000000          0
  80.084105      21.434623      -0.0000000000000000       0.0000000000000000          0
  83.243045      21.867681      -0.0000000000000000       0.0000000000000000          0
  86.413081      22.290488      -0.0000000000000000       0.0000000000000000          0
  89.594370      22.701712      -0.0000000000000000       0.0000000000000000          0
  92.787002      23.100043      -0.0000000000000000       0.0000000000000000          0
  95.991000      23.484195      -0.0000000000000000       0.0000000000000000          0
  99.206312      23.852916      -1.1867507887477284      -0.1747022689671051        603
  102.432809      24.204988      -1.2737010377695661      -0.0758586854518523      60401
  105.670282      24.539237      -1.3318735321681627      -0.0518960145615094      60405
  108.918441      24.854534      -1.3581342614847527      -0.0186820170102295          0
  112.176912      25.149803      -1.3540988146239730       0.0288571404595829          0
  115.445238      25.424026      -1.3556801951274211       0.0712361933974650          0
  118.722880      25.676247      -1.3613088821008066       0.1075805929817726          0
  122.009219      25.905581      -1.3633742315932753       0.1412689679314329        602
  125.303560      26.111213      -0.0000000000000000       0.0000000000000000          0
  128.605134      26.292409      -7.1173091196028473       1.0420790578227934        684
  131.913107      26.448516      -7.1425099565753660       1.2221157859756024        684
  31.121176      11.636386      -1.2119366586832752       0.3986267461851540        701
  34.166485      12.051537      -1.2301471485434534       0.4088009421685297        715
  37.215020      12.477423      -1.2448970614064154       0.4200135674491823        715
  40.267220      12.912849      -1.2561348786276871       0.4322843986431837        715
  43.323534      13.356592      -1.2604276693141574       0.9827511228938022        709
  46.384428      13.807400      -1.2323782599411210       1.0007555803709440        709
  49.450377      14.263998      -1.2007575110910231       1.0193884568862903        709
  52.521861      14.725085      -1.1656329705205857       1.0385718532168575        709
  55.599362      15.189346      -1.1270808963138670       1.0582167167964378        709
  58.683358      15.655446      -0.0000000000000000       0.0000000000000000          0
  61.774318      16.122037      -0.0000000000000000       0.0000000000000000          0
  64.872699      16.587761      -0.0000000000000000       0.0000000000000000          0
  67.978940      17.051253      -0.0000000000000000       0.0000000000000000          0
  71.093454      17.511143      -0.0000000000000000       0.0000000000000000          0
  74.216627      17.966060      -0.0000000000000000       0.0000000000000000          0
  77.348809      18.414638      -0.0000000000000000       0.0000000000000000          0
  80.490312      18.855516      -0.0000000000000000       0.0000000000000000          0
  83.641400      19.287343      -0.0000000000000000       0.0000000000000000          0
  86.802289      19.708783      -0.0000000000000000       0.0000000000000000          0
  89.973137      20.118521      -0.0000000000000000       0.0000000000000000          0
  93.154045      20.515261      -0.0000000000000000       0.0000000000000000          0
  96.345049      20.897739      -1.1532911720009806      -0.1631849148923815      60302
  99.546114      21.264722      -0.0000000000000000       0.0000000000000000          0
  102.757140      21.615014      -1.2797151887137619      -0.0218431374963252        604
  105.977949      21.947462      -1.3371834338955875      -0.0009028442457736        604
  109.208289      22.260961      -1.3905784491061024       0.0224248038041215      60405
  112.447834      22.554458      -0.0000000000000000       0.0000000000000000          0
  115.696181      22.826959      -0.0000000000000000       0.0000000000000000          0
  118.952852      23.077531      -0.0000000000000000       0.0000000000000000          0
  122.217297      23.305309      -0.0000000000000000       0.0000000000000000          0
  125.488897      23.509502      -0.0000000000000000       0.0000000000000000          0
  128.766965      23.689395      -7.1190947487186520       1.1049980526773591        801
  132.050756      23.844352      -7.1430430814020607       1.2671101278542862        801
  31.480217       9.053275      -1.2142627455541006       0.4203727488201283        701
  34.535892       9.469772      -1.2321207847225639       0.4279058371454759        712
  37.593816       9.896893      -1.2464844497589880       0.4364493963682993        712
  40.654395      10.333430      -0.0000000000000000       0.0000000000000000          0
  43.718054      10.778147      -1.2570126726031399       0.9711426794904938        709
  46.785232      11.229780      -1.2284431734348547       0.9866282423356481        709
  49.856379      11.687042      -1.1963103850327639       1.0028124303188370        709
  52.931952      12.148628      -1.1606875701351478       1.0196228802750511        709
  56.012409      12.613212      -0.0000000000000000       0.0000000000000000          0
  59.098210      13.079456      -0.0000000000000000       0.0000000000000000          0
  62.189804      13.546010      -0.0000000000000000       0.0000000000000000          0
  65.287632      14.011515      -0.0000000000000000       0.0000000000000000          0
  68.392115      14.474605      -0.0000000000000000       0.0000000000000000          0
  71.503657      14.933917      -0.0000000000000000       0.0000000000000000          0
  74.622630      15.388084      -0.0000000000000000       0.0000000000000000          0
  77.749379      15.835746      -0.0000000000000000       0.0000000000000000          0
  80.884209      16.275554      -0.0000000000000000       0.0000000000000000          0
  84.027384      16.706168      -0.0000000000000000       0.0000000000000000          0
  87.179121      17.126266      -0.0000000000000000       0.0000000000000000          0
  90.339587      17.534547      -0.0000000000000000       0.0000000000000000          0
  93.508893      17.929734      -0.0000000000000000       0.0000000000000000          0
  96.687089      18.310579      -1.1574440312699130      -0.1298854742577377      60302
  99.874166      18.675871      -1.1941376646688524      -0.1133088143178115        603
  103.070048      19.024433      -1.2854786630758892       0.0315492208894359        604
  106.274591      19.355135      -1.3422665698967857       0.0494250184412312        604
  109.487583      19.666893      -1.3949897329266914       0.0695244223486097        604
  112.708743      19.958676      -1.3474902610400505       0.0708975793231331        612
  115.937721      20.229514      -0.0000000000000000       0.0000000000000000          0
  119.174098      20.478494      -0.0000000000000000       0.0000000000000000          0
  122.417390      20.704773      -0.0000000000000000       0.0000000000000000          0
  125.667048      20.907580      -0.0000000000000000       0.0000000000000000          0
  128.922466      21.086218      -7.1207570295540732       1.1636862771824790        801
  132.182980      21.240070      -7.1435163720817219       1.3078179205371832        801
  31.834133       6.469819      -1.2165089619431750       0.4405796378034227        701
  34.899784       6.887625      -1.2340148768168868       0.4454262769950450        712
  37.966700       7.315945      -1.2479938542859579       0.4512565020364925        712
  41.035261       7.753557      -1.2790516742075655       0.9446612730844095        709
  44.105867       8.199211      -1.2535976468208025       0.9567741983364111        709
  47.178934       8.651633      -1.2245192890398933       0.9697140373805597        709
  50.254890       9.109527      -1.1918868888092629       0.9834258219801780        709
  53.334172       9.571578      -0.0000000000000000       0.0000000000000000          0
  56.417221      10.036457      -0.0000000000000000       0.0000000000000000          0
  59.504478      10.502819      -0.0000000000000000       0.0000000000000000          0
  62.596379      10.969312      -0.0000000000000000       0.0000000000000000          0
  65.693349      11.434578      -0.0000000000000000       0.0000000000000000          0
  68.795800      11.897254      -0.0000000000000000       0.0000000000000000          0
  71.904126      12.355977      -0.0000000000000000       0.0000000000000000          0
  75.018693      12.809389      -0.0000000000000000       0.0000000000000000          0
  78.139841      13.256138      -0.0000000000000000       0.0000000000000000          0
  81.267875      13.694883      -0.0000000000000000       0.0000000000000000          0
  84.403061      14.124297      -0.0000000000000000       0.0000000000000000          0
  87.545621      14.543071      -0.0000000000000000       0.0000000000000000          0
  90.695732      14.949919      -0.0000000000000000       0.0000000000000000          0
  93.853519      15.343581      -0.0000000000000000       0.0000000000000000          0
  97.019051      15.722828      -1.1614350713208104      -0.0969540188521238      60302
  100.192341      16.086467      -0.0000000000000000       0.0000000000000000          0
  103.373342      16.433341      -1.2910284656267532       0.0842359893946925      60402
  106.561944      16.762342      -1.3471562311887100       0.0990127888895417        604
  109.757976      17.072407      -1.3992288458185234       0.1158523929994214        604
  112.961200      17.362526      -1.3483931835595919       0.0837816996191677        612
  116.171318      17.631749      -0.0000000000000000       0.0000000000000000          0
  119.387968      17.879186      -0.0000000000000000       0.0000000000000000          0
  122.610728      18.104014      -7.0113213099512297       0.9769406828489311        801
  125.839120      18.305480      -7.0780237458846162       1.0954040784781309        801
  129.072608      18.482905      -7.1223122601231585       1.2181277113828992        801
  132.310611      18.635689      -7.1439371342494553       1.3442463298687557        801
  32.184445       3.886121      -1.2186865985247695       0.4592158216673822        712
  35.259732       4.305207      -1.2358394742230312       0.4613376901009868        712
  38.335293       4.734695      -1.2494339389169811       0.4644174492964921        712
  41.411482       5.173350      -1.2761290182654670       0.9302186242502504        709
  44.488678       5.619910      -1.2501703378322759       0.9396951237108269        709
  47.567278       6.073090      -1.2205921671609798       0.9500688671886897        709
  50.647689       6.531585      -0.0000000000000000       0.0000000000000000          0
  53.730333       6.994073      -0.0000000000000000       0.0000000000000000          0
  56.815635       7.459218      -0.0000000000000000       0.0000000000000000          0
  59.904023       7.925673      -0.0000000000000000       0.0000000000000000          0
  62.995921       8.392085      -0.0000000000000000       0.0000000000000000          0
  66.091745       8.857093      -0.0000000000000000       0.0000000000000000          0
  69.191900       9.319339      -0.0000000000000000       0.0000000000000000          0
  72.296772       9.777463      -0.0000000000000000       0.0000000000000000          0
  75.406726      10.230115      -0.0000000000000000       0.0000000000000000          0
  78.522102      10.675948      -0.0000000000000000       0.0000000000000000          0
  81.643204      11.113634      -0.0000000000000000       0.0000000000000000          0
  84.770307      11.541855      -0.0000000000000000       0.0000000000000000          0
  87.903640      11.959319      -0.0000000000000000       0.0000000000000000          0
  91.043393      12.364752      -0.0000000000000000       0.0000000000000000          0
  94.189706      12.756912      -0.0000000000000000       0.0000000000000000          0
  97.342671      13.134588      -1.1652882908974127      -0.0644362248837986      60302
  100.502323      13.496604      -1.2652826368866421       0.0364887882634647        647
  103.668646      13.841826      -1.2963972982245604       0.1361310397555694      60402
  106.841564      14.169162      -1.3518817651734651       0.1477818812772837      60402
  110.020945      14.477572      -1.4033216950094971       0.1613375969134371        604
  113.206598      14.766067      -1.3492457706449661       0.0959401592320442        613
  116.398273      15.033717      -1.3580751752608822       0.1144377088750223        613
  119.595663      15.279652      -6.9289242000969882       0.9664542757277511        801
  122.798408      15.503068      -7.0158106422629407       1.0625499793013025        801
  126.006093      15.703230      -7.0808641100101264       1.1634147548756666        801
  129.218255      15.879478      -7.1237741905713925       1.2682970318259692        801
  132.434384      16.031224      -7.1443113247067309       1.3763957253668262        801
  32.532616       1.302279      -1.2208057852803638       0.4762488800477034        712
  35.617245       1.722620      -1.2376034421681188       0.4756145514927739        712
  38.701143       2.153251      -1.2508121765036195       0.4759137348098193        713
  41.784646       2.592923      -0.0000000000000000       0.0000000000000000          0
  44.868111       3.040362      -1.2467182097774103       0.9199556410695493        709
  47.951917       3.494272      -0.0000000000000000       0.0000000000000000          0
  51.036459       3.953341      -0.0000000000000000       0.0000000000000000          0
  54.122142       4.416240      -0.0000000000000000       0.0000000000000000          0
  57.209380       4.881627      -0.0000000000000000       0.0000000000000000          0
  60.298592       5.348152      -0.0000000000000000       0.0000000000000000          0
  63.390192       5.814460      -0.0000000000000000       0.0000000000000000          0
  66.484591       6.279193      -0.0000000000000000       0.0000000000000000          0
  69.582189       6.740993      -0.0000000000000000       0.0000000000000000          0
  72.683370       7.198507      -0.0000000000000000       0.0000000000000000          0
  75.788501       7.650388      -0.0000000000000000       0.0000000000000000          0
  78.897921       8.095302      -0.0000000000000000       0.0000000000000000          0
  82.011944       8.531928      -0.0000000000000000       0.0000000000000000          0
  85.130849       8.958961      -0.0000000000000000       0.0000000000000000          0
  88.254880       9.375122      -0.0000000000000000       0.0000000000000000          0
  91.384239       9.779153      -0.0000000000000000       0.0000000000000000          0
  94.519086      10.169828      -1.2069459291732727       0.0435759342981315      67352
  97.659534      10.545952      -0.0000000000000000       0.0000000000000000          0
  100.805646      10.906370      -1.2678776175798196       0.0610532330502094        647
  103.957435      11.249964      -1.2927259131830100       0.0717517966152562      64701
  107.114861      11.575666      -1.3564693350138146       0.1956506772263098      60402
  110.277832      11.882452      -1.3374600426059848       0.0931548283361877        613
  113.446199      12.169356      -1.3500543357252575       0.1073684281766711        613
  116.619762      12.435466      -1.3585318071042598       0.1225119236652506        613
  119.798270      12.679931      -0.0000000000000000       0.0000000000000000          0
  122.981417      12.901967      -7.0201157534391196       1.1438406853603518        801
  126.168854      13.100857      -7.0835749213135957       1.2271089800927479        801
  129.360182      13.275955      -7.1251544996342666       1.3141621161425274        801
  132.554964      13.426690      -7.1446437986282216       1.4042618223764505        801
  32.880073      -1.281611      -1.2228756868653481       0.4916457646310276        701
  35.973789      -0.860034      -1.2393146410048215       0.4882305972617655        712
  39.065755      -0.428281      -1.2521350100569215       0.4857260165012387        713
  42.156289       0.012386      -1.2613063679454153       0.4841860725288628        713
  45.245732       0.460681      -0.0000000000000000       0.0000000000000000          0
  48.334447       0.915298      -0.0000000000000000       0.0000000000000000          0
  51.422817       1.374918      -0.0000000000000000       0.0000000000000000          0
  54.511236       1.838202      -0.0000000000000000       0.0000000000000000          0
  57.600109       2.303808      -0.0000000000000000       0.0000000000000000          0
  60.689848       2.770380      -0.0000000000000000       0.0000000000000000          0
  63.780864       3.236564      -0.0000000000000000       0.0000000000000000          0
  66.873563       3.701002      -0.0000000000000000       0.0000000000000000          0
  69.968344       4.162340      -0.0000000000000000       0.0000000000000000          0
  73.065594       4.619229      -0.0000000000000000       0.0000000000000000          0
  76.165682       5.070330      -0.0000000000000000       0.0000000000000000          0
  79.268952       5.514317      -0.0000000000000000       0.0000000000000000          0
  82.375728       5.949878      -0.0000000000000000       0.0000000000000000          0
  85.486299       6.375723      -0.0000000000000000       0.0000000000000000          0
  88.600923       6.790584      -0.0000000000000000       0.0000000000000000          0
  91.719820       7.193219      -0.0000000000000000       0.0000000000000000          0
  94.843169       7.582419      -0.0000000000000000       0.0000000000000000          0
  97.971107       7.957006      -1.2422521518073619       0.0784900777932482      67352
  101.103726       8.315842      -1.2703931292574544       0.0848855151151046        647
  104.241070       8.657829      -1.2947712743466286       0.0924878095959301      64701
  107.383134       8.981918      -1.3152961247465649       0.1012370621847778      64701
  110.529864       9.287105      -1.3386121504143635       0.1071525180179963      61404
  113.681158       9.572442      -0.0000000000000000       0.0000000000000000          0
  116.836863       9.837038      -0.0000000000000000       0.0000000000000000          0
  119.996778      10.080060      -6.9409978258746898       1.1592030813816907        801
  123.160657      10.300742      -7.0242627616586786       1.2207143510195935        801
  126.328207      10.498384      -7.0861736053081579       1.2864194208987672        801
  129.499096      10.672355      -7.1264631670447605       1.3556860229921210        801
  132.672953      10.822100      -7.1449384981209159       1.4278373632520256        801
  33.228233      -3.865454      -1.2249046640473487       0.5053729146472626        701
  36.330815      -3.442654      -1.2409800700250788       0.4991589495339198        701
  39.430613      -3.009795      -1.2534079774020352       0.4938342496756411        713
  42.527925      -2.568151      -0.0000000000000000       0.0000000000000000          0
  45.623079      -2.119020      -0.0000000000000000       0.0000000000000000          0
  48.716427      -1.663716      -0.0000000000000000       0.0000000000000000          0
  51.808340      -1.203569      -0.0000000000000000       0.0000000000000000          0
  54.899206      -0.739919      -0.0000000000000000       0.0000000000000000          0
  57.989425      -0.274118      -0.0000000000000000       0.0000000000000000          0
  61.079404       0.192481      -1.0504610041586007       0.8962044433619774        704
  64.169552       0.658519      -0.0000000000000000       0.0000000000000000          0
  67.260276       1.122643      -0.0000000000000000       0.0000000000000000          0
  70.351977       1.583501      -0.0000000000000000       0.0000000000000000          0
  73.445046       2.039749      -0.0000000000000000       0.0000000000000000          0
  76.539858       2.490055      -0.0000000000000000       0.0000000000000000          0
  79.636768       2.933103      -0.0000000000000000       0.0000000000000000          0
  82.736108       3.367592      -0.0000000000000000       0.0000000000000000          0
  85.838183       3.792244      -0.0000000000000000       0.0000000000000000          0
  88.943266       4.205803      -0.0000000000000000       0.0000000000000000          0
  92.051596       4.607045      -0.0000000000000000       0.0000000000000000          0
  95.163376       4.994773      -0.0000000000000000       0.0000000000000000          0
  98.278767       5.367830      -0.0000000000000000       0.0000000000000000          0
  101.397890       5.725095      -1.2728418781022974       0.1079482005018486      67301
  104.520821       6.065488      -1.2967575473699706       0.1124551292184612      64701
  107.647592       6.387979      -1.3168439822083080       0.1180379337805369      64701
  110.778188       6.691584      -0.0000000000000000       0.0000000000000000          0
  113.912550       6.975373      -0.0000000000000000       0.0000000000000000          0
  117.050573       7.238473      -4.6061001784857192      -6.6977903388559294        667
  120.192108       7.480072      -0.0000000000000000       0.0000000000000000          0
  123.336960       7.699420      -7.0282747850183291       1.2930665120351779        801
  126.484898       7.895833      -7.0886754299688102       1.3412740248098487        801
  129.635649       8.068695      -7.1277087665416889       1.3928285490967780        801
  132.788908       8.217466      -7.1451985959509674       1.4471134273706503        801
>