>anchorPlateId 301
>reconstructionTime 82
>DeformingMeshPoints.gpml lat_lon_velocity_domain_28_32.gpml
>MeshNode <identity>GPlates-b7a3af0e-8119-4abb-9ae6-39bb7e5702ce</identity> <revision>GPlates-7b04c5e6-7801-49f1-bcc4-23d6f4e5417f</revision>
> reconstructionPlateId 0
> validTime TimePeriod <begin> TimeInstant <timePosition>http://gplates.org/times/distantPast</timePosition></begin> <end> TimeInstant <timePosition>http://gplates.org/times/distantFuture</timePosition></end>
  32.583739      71.792414      -0.0000000000000000       0.0000000000000000        302
  35.487202      71.924611      -0.0000000000000000       0.0000000000000000        302
  38.409883      72.060267      -0.0000000000000000       0.0000000000000000        302
  41.352722      72.199050      -0.0000000000000000       0.0000000000000000        302
  44.316659      72.340615      -0.0000000000000000       0.0000000000000000        302
  47.302625      72.484601      -0.0000000000000000       0.0000000000000000        302
  50.311542      72.630635      -0.0000000000000000       0.0000000000000000        302
  53.344315      72.778328      -0.0000000000000000       0.0000000000000000        373
  56.401830      72.927279      -0.0000000000000000       0.0000000000000000        373
  59.484938      73.077071      -0.0000000000000000       0.0000000000000000        372
  62.594460      73.227276      -0.0000000000000000       0.0000000000000000        372
  65.731167      73.377455      -0.0000000000000000       0.0000000000000000        372
  68.895779      73.527153      -0.0000000000000000       0.0000000000000000        372
  72.088947      73.675909      -0.0000000000000000       0.0000000000000000        372
  75.311250      73.823250      -0.0000000000000000       0.0000000000000000        401
  78.563176      73.968695      -0.0000000000000000       0.0000000000000000        404
  81.845115      74.111756      -0.0000000000000000       0.0000000000000000        404
  85.157342      74.251940      -0.0000000000000000       0.0000000000000000        404
  88.500004      74.388749      -0.0000000000000000       0.0000000000000000        404
  91.873109      74.521685      -0.0000000000000000       0.0000000000000000        401
  95.276510      74.650250      -0.0000000000000000       0.0000000000000000        401
  98.709892      74.773950      -0.0000000000000000       0.0000000000000000        401
  102.172763      74.892298      -0.0000000000000000       0.0000000000000000        401
  105.664438      75.004813      -0.0000000000000000       0.0000000000000000        401
  109.184033      75.111029      -0.0000000000000000       0.0000000000000000        401
  112.730460      75.210495      -0.0000000000000000       0.0000000000000000        401
  116.302417      75.302778      -0.0000000000000000       0.0000000000000000        401
  119.898391      75.387468      -0.0000000000000000       0.0000000000000000          0
  123.516659      75.464183      -0.0000000000000000       0.0000000000000000          0
  127.155292      75.532568      -0.0000000000000000       0.0000000000000000          0
  130.812168      75.592303      -0.0000000000000000       0.0000000000000000          0
  134.484981      75.643103      -0.0000000000000000       0.0000000000000000          0
  138.171265      75.684724      -0.0000000000000000       0.0000000000000000          0
  33.631401      69.208730      -0.0000000000000000       0.0000000000000000        302
  36.570599      69.342233      -0.0000000000000000       0.0000000000000000        302
  39.527008      69.479104      -0.0000000000000000       0.0000000000000000        302
  42.501410      69.618998      -0.0000000000000000       0.0000000000000000        302
  45.494575      69.761555      -0.0000000000000000       0.0000000000000000        302
  48.507256      69.906403      -0.0000000000000000       0.0000000000000000        302
  51.540193      70.053154      -0.0000000000000000       0.0000000000000000        302
  54.594098      70.201410      -0.0000000000000000       0.0000000000000000        302
  57.669657      70.350757      -0.0000000000000000       0.0000000000000000        302
  60.767519      70.500773      -0.0000000000000000       0.0000000000000000        372
  63.888296      70.651021      -0.0000000000000000       0.0000000000000000        372
  67.032547      70.801057      -0.0000000000000000       0.0000000000000000        372
  70.200780      70.950424      -0.0000000000000000       0.0000000000000000        372
  73.393437      71.098661      -0.0000000000000000       0.0000000000000000        401
  76.610888      71.245296      -0.0000000000000000       0.0000000000000000        401
  79.853425      71.389852      -0.0000000000000000       0.0000000000000000        401
  83.121247      71.531848      -0.0000000000000000       0.0000000000000000        401
  86.414456      71.670802      -0.0000000000000000       0.0000000000000000        401
  89.733044      71.806229      -0.0000000000000000       0.0000000000000000        401
  93.076886      71.937646      -0.0000000000000000       0.0000000000000000        401
  96.445733      72.064574      -0.0000000000000000       0.0000000000000000        401
  99.839200      72.186539      -0.0000000000000000       0.0000000000000000        401
  103.256760      72.303076      -0.0000000000000000       0.0000000000000000        401
  106.697741      72.413733      -0.0000000000000000       0.0000000000000000        401
  110.161316      72.518068      -0.0000000000000000       0.0000000000000000        401
  113.646505      72.615659      -0.0000000000000000       0.0000000000000000        401
  117.152170      72.706104      -0.0000000000000000       0.0000000000000000        401
  120.677019      72.789022      -0.0000000000000000       0.0000000000000000          0
  124.219606      72.864060      -0.0000000000000000       0.0000000000000000          0
  127.778341      72.930892      -0.0000000000000000       0.0000000000000000          0
  131.351494      72.989225      -0.0000000000000000       0.0000000000000000          0
  134.937207      73.038800      -0.0000000000000000       0.0000000000000000          0
  138.533512      73.079394      -0.0000000000000000       0.0000000000000000          0
  34.456310      66.620041      -0.0000000000000000       0.0000000000000000        302
  37.422284      66.754538      -0.0000000000000000       0.0000000000000000        302
  40.403746      66.892328      -0.0000000000000000       0.0000000000000000        302
  43.401353      67.033055      -0.0000000000000000       0.0000000000000000        302
  46.415749      67.176349      -0.0000000000000000       0.0000000000000000        302
  49.447559      67.321826      -0.0000000000000000       0.0000000000000000        302
  52.497386      67.469090      -0.0000000000000000       0.0000000000000000        302
  55.565805      67.617735      -0.0000000000000000       0.0000000000000000        302
  58.653363      67.767341      -0.0000000000000000       0.0000000000000000        302
  61.760567      67.917479      -0.0000000000000000       0.0000000000000000        302
  64.887885      68.067708      -0.0000000000000000       0.0000000000000000        302
  68.035737      68.217581      -0.0000000000000000       0.0000000000000000        372
  71.204492      68.366642      -0.0000000000000000       0.0000000000000000        401
  74.394456      68.514427      -0.0000000000000000       0.0000000000000000        401
  77.605871      68.660469      -0.0000000000000000       0.0000000000000000        401
  80.838908      68.804295      -0.0000000000000000       0.0000000000000000        401
  84.093655      68.945432      -0.0000000000000000       0.0000000000000000        401
  87.370116      69.083405      -0.0000000000000000       0.0000000000000000        401
  90.668203      69.217740      -0.0000000000000000       0.0000000000000000        401
  93.987728      69.347966      -0.0000000000000000       0.0000000000000000        401
  97.328398      69.473620      -0.0000000000000000       0.0000000000000000        401
  100.689811      69.594244      -0.0000000000000000       0.0000000000000000        401
  104.071450      69.709391      -0.0000000000000000       0.0000000000000000        401
  107.472680      69.818626      -0.0000000000000000       0.0000000000000000        401
  110.892745      69.921531      -0.0000000000000000       0.0000000000000000        401
  114.330768      70.017704      -0.0000000000000000       0.0000000000000000        401
  117.785753      70.106763      -0.0000000000000000       0.0000000000000000        401
  121.256580      70.188350      -0.0000000000000000       0.0000000000000000        401
  124.742017      70.262132      -0.0000000000000000       0.0000000000000000        401
  128.240720      70.327805      -0.0000000000000000       0.0000000000000000      43102
  131.751242      70.385095      -0.0000000000000000       0.0000000000000000      43101
  135.272039      70.433759      -0.0000000000000000       0.0000000000000000      43101
  138.801486      70.473591       0.1064108792363430       0.1795248384161150      43202
  35.124926      64.027846      -0.0000000000000000       0.0000000000000000        302
  38.111709      64.163127      -0.0000000000000000       0.0000000000000000        302
  41.112491      64.301637      -0.0000000000000000       0.0000000000000000        302
  44.127835      64.443012      -0.0000000000000000       0.0000000000000000        302
  47.158289      64.586873      -0.0000000000000000       0.0000000000000000        302
  50.204378      64.732829      -0.0000000000000000       0.0000000000000000        302
  53.266604      64.880478      -0.0000000000000000       0.0000000000000000        302
  56.345442      65.029405      -0.0000000000000000       0.0000000000000000        302
  59.441334      65.179187      -0.0000000000000000       0.0000000000000000        302
  62.554689      65.329390      -0.0000000000000000       0.0000000000000000        390
  65.685872      65.479572      -0.0000000000000000       0.0000000000000000        390
  68.835206      65.629282      -0.0000000000000000       0.0000000000000000        468
  72.002965      65.778065      -0.0000000000000000       0.0000000000000000        401
  75.189366      65.925459      -0.0000000000000000       0.0000000000000000        401
  78.394566      66.070999      -0.0000000000000000       0.0000000000000000        401
  81.618660      66.214217      -0.0000000000000000       0.0000000000000000        401
  84.861670      66.354646      -0.0000000000000000       0.0000000000000000        401
  88.123544      66.491816      -0.0000000000000000       0.0000000000000000        401
  91.404149      66.625265      -0.0000000000000000       0.0000000000000000        401
  94.703270      66.754532      -0.0000000000000000       0.0000000000000000        401
  98.020601      66.879164      -0.0000000000000000       0.0000000000000000        401
  101.355744      66.998718      -0.0000000000000000       0.0000000000000000        401
  104.708209      67.112760      -0.0000000000000000       0.0000000000000000        401
  108.077407      67.220872      -0.0000000000000000       0.0000000000000000        401
  111.462651      67.322649      -0.0000000000000000       0.0000000000000000        401
  114.863156      67.417706      -0.0000000000000000       0.0000000000000000        401
  118.278041      67.505679      -0.0000000000000000       0.0000000000000000        401
  121.706329      67.586226      -0.0000000000000000       0.0000000000000000        401
  125.146951      67.659031      -0.0000000000000000       0.0000000000000000        401
  128.598751      67.723802      -0.0000000000000000       0.0000000000000000      43101
  132.060494      67.780282      -0.0000000000000000       0.0000000000000000      43101
  135.530869      67.828241       0.0466922012232972       0.0626257199846614      43202
  139.008500      67.867484       0.1101811581005385       0.0600112434607066      43202
  35.679781      61.433101      -0.0000000000000000       0.0000000000000000        302
  38.683215      61.569018      -0.0000000000000000       0.0000000000000000        302
  41.699354      61.708110      -0.0000000000000000       0.0000000000000000        302
  44.728688      61.850005      -0.0000000000000000       0.0000000000000000        302
  47.771685      61.994317      -0.0000000000000000       0.0000000000000000        302
  50.828796      62.140649      -0.0000000000000000       0.0000000000000000        302
  53.900445      62.288594      -0.0000000000000000       0.0000000000000000        302
  56.987029      62.437734      -0.0000000000000000       0.0000000000000000        302
  60.088915      62.587639      -0.0000000000000000       0.0000000000000000        390
  63.206435      62.737875      -0.0000000000000000       0.0000000000000000        390
  66.339883      62.887995      -0.0000000000000000       0.0000000000000000        468
  69.489512      63.037551      -0.0000000000000000       0.0000000000000000        468
  72.655526      63.186086      -0.0000000000000000       0.0000000000000000        401
  75.838084      63.333139      -0.0000000000000000       0.0000000000000000        401
  79.037286      63.478249      -0.0000000000000000       0.0000000000000000        401
  82.253176      63.620952      -0.0000000000000000       0.0000000000000000        401
  85.485736      63.760785      -0.0000000000000000       0.0000000000000000        401
  88.734882      63.897287      -0.0000000000000000       0.0000000000000000        401
  92.000459      64.030001      -0.0000000000000000       0.0000000000000000        401
  95.282239      64.158476      -0.0000000000000000       0.0000000000000000        401
  98.579922      64.282268      -0.0000000000000000       0.0000000000000000        401
  101.893125      64.400945      -0.0000000000000000       0.0000000000000000        401
  105.221388      64.514086      -0.0000000000000000       0.0000000000000000        401
  108.564168      64.621283      -0.0000000000000000       0.0000000000000000        401
  111.920842      64.722145      -0.0000000000000000       0.0000000000000000        401
  115.290706      64.816300      -0.0000000000000000       0.0000000000000000        401
  118.672975      64.903397      -0.0000000000000000       0.0000000000000000        401
  122.066787      64.983106      -0.0000000000000000       0.0000000000000000        401
  125.471204      65.055123      -0.0000000000000000       0.0000000000000000        401
  128.885220      65.119172      -0.0000000000000000       0.0000000000000000      43102
  132.307761      65.175002      -0.0000000000000000       0.0000000000000000      43101
  135.737697      65.222397      -0.0000000000000000       0.0000000000000000      43101
  139.173842      65.261168      -0.0000000000000000       0.0000000000000000      43101
  36.149340      58.836446      -0.0000000000000000       0.0000000000000000        302
  39.166424      58.972891      -0.0000000000000000       0.0000000000000000        302
  42.195078      59.112463      -0.0000000000000000       0.0000000000000000        302
  45.235731      59.254785      -0.0000000000000000       0.0000000000000000        302
  48.288792      59.399465      -0.0000000000000000       0.0000000000000000        302
  51.354648      59.546101      -0.0000000000000000       0.0000000000000000        302
  54.433663      59.694283      -0.0000000000000000       0.0000000000000000        302
  57.526175      59.843586      -0.0000000000000000       0.0000000000000000        302
  60.632492      59.993581      -0.0000000000000000       0.0000000000000000        390
  63.752889      60.143828      -0.0000000000000000       0.0000000000000000        390
  66.887605      60.293883      -0.0000000000000000       0.0000000000000000        468
  70.036843      60.443294      -0.0000000000000000       0.0000000000000000        401
  73.200758      60.591606      -0.0000000000000000       0.0000000000000000        401
  76.379466      60.738361      -0.0000000000000000       0.0000000000000000        401
  79.573027      60.883098      -0.0000000000000000       0.0000000000000000        401
  82.781455      61.025359      -0.0000000000000000       0.0000000000000000        401
  86.004705      61.164683      -0.0000000000000000       0.0000000000000000        401
  89.242674      61.300617      -0.0000000000000000       0.0000000000000000        401
  92.495199      61.432710      -0.0000000000000000       0.0000000000000000        401
  95.762052      61.560517      -0.0000000000000000       0.0000000000000000        401
  99.042941      61.683605      -0.0000000000000000       0.0000000000000000        401
  102.337505      61.801549      -0.0000000000000000       0.0000000000000000        401
  105.645315      61.913937      -0.0000000000000000       0.0000000000000000        401
  108.965873      62.020372      -0.0000000000000000       0.0000000000000000        401
  112.298614      62.120475      -0.0000000000000000       0.0000000000000000        401
  115.642900      62.213882      -0.0000000000000000       0.0000000000000000        401
  118.998031      62.300254      -0.0000000000000000       0.0000000000000000        401
  122.363238      62.379271      -0.0000000000000000       0.0000000000000000        401
  125.737692      62.450639      -0.0000000000000000       0.0000000000000000        401
  129.120507      62.514092      -0.0000000000000000       0.0000000000000000        401
  132.510739      62.569389      -0.0000000000000000       0.0000000000000000        401
  135.907398      62.616319      -0.0000000000000000       0.0000000000000000        401
  139.309451      62.654704      -0.0000000000000000       0.0000000000000000      43101
  36.553370      56.238325      -0.0000000000000000       0.0000000000000000        302
  39.581872      56.375216      -0.0000000000000000       0.0000000000000000        302
  42.620939      56.515193      -0.0000000000000000       0.0000000000000000        302
  45.670951      56.657873      -0.0000000000000000       0.0000000000000000        302
  48.732265      56.802859      -0.0000000000000000       0.0000000000000000        302
  51.805220      56.949747      -0.0000000000000000       0.0000000000000000        302
  54.890132      57.098120      -0.0000000000000000       0.0000000000000000        302
  57.987290      57.247553      -0.0000000000000000       0.0000000000000000        302
  61.096957      57.397614      -0.0000000000000000       0.0000000000000000        390
  64.219365      57.547861      -0.0000000000000000       0.0000000000000000        390
  67.354710      57.697848      -0.0000000000000000       0.0000000000000000        468
  70.503155      57.847125      -0.0000000000000000       0.0000000000000000        468
  73.664824      57.995237      -0.0000000000000000       0.0000000000000000        401
  76.839797      58.141727      -0.0000000000000000       0.0000000000000000        401
  80.028112      58.286138      -0.0000000000000000       0.0000000000000000        401
  83.229758      58.428013      -0.0000000000000000       0.0000000000000000        401
  86.444675      58.566898      -0.0000000000000000       0.0000000000000000        401
  89.672752      58.702342      -0.0000000000000000       0.0000000000000000        401
  92.913823      58.833900      -0.0000000000000000       0.0000000000000000        401
  96.167665      58.961136      -0.0000000000000000       0.0000000000000000        401
  99.434000      59.083622      -0.0000000000000000       0.0000000000000000        401
  102.712489      59.200941      -0.0000000000000000       0.0000000000000000        401
  106.002736      59.312689      -0.0000000000000000       0.0000000000000000        401
  109.304283      59.418479      -0.0000000000000000       0.0000000000000000        401
  112.616613      59.517938      -0.0000000000000000       0.0000000000000000        401
  115.939153      59.610713      -0.0000000000000000       0.0000000000000000        401
  119.271269      59.696472      -0.0000000000000000       0.0000000000000000        401
  122.612275      59.774906      -0.0000000000000000       0.0000000000000000        401
  125.961431      59.845729      -0.0000000000000000       0.0000000000000000        401
  129.317947      59.908680      -0.0000000000000000       0.0000000000000000        401
  132.680990      59.963528      -0.0000000000000000       0.0000000000000000        401
  136.049684      60.010069      -0.0000000000000000       0.0000000000000000        401
  139.423117      60.048129      -0.0000000000000000       0.0000000000000000      43101
  36.906024      53.639055      -0.0000000000000000       0.0000000000000000        302
  39.944243      53.776330      -0.0000000000000000       0.0000000000000000        302
  42.992131      53.916654      -0.0000000000000000       0.0000000000000000        302
  46.050022      54.059638      -0.0000000000000000       0.0000000000000000        302
  49.118235      54.204885      -0.0000000000000000       0.0000000000000000        302
  52.197067      54.351984      -0.0000000000000000       0.0000000000000000        302
  55.286794      54.500516      -0.0000000000000000       0.0000000000000000        302
  58.387669      54.650054      -0.0000000000000000       0.0000000000000000        302
  61.499916      54.800164      -0.0000000000000000       0.0000000000000000        390
  64.623732      54.950403      -0.0000000000000000       0.0000000000000000        468
  67.759284      55.100324      -0.0000000000000000       0.0000000000000000        468
  70.906704      55.249477      -0.0000000000000000       0.0000000000000000        468
  74.066088      55.397408      -0.0000000000000000       0.0000000000000000        468
  77.237495      55.543662      -0.0000000000000000       0.0000000000000000        401
  80.420944      55.687783      -0.1048398790098353       0.0102608457076499          0
  83.616410      55.829318      -0.2374646824804528       0.0330545758494676          0
  86.823825      55.967817      -0.2680981768554250       0.0485641662218032          0
  90.043072      56.102832      -0.2008848145944125       0.0449584477363180          0
  93.273988      56.233925      -0.0496863578555611       0.0132799893297485          0
  96.516361      56.360665      -0.0000000000000000       0.0000000000000000        401
  99.769925      56.482628      -0.0000000000000000       0.0000000000000000        401
  103.034367      56.599407      -0.0000000000000000       0.0000000000000000        401
  106.309317      56.710603      -0.0000000000000000       0.0000000000000000        401
  109.594357      56.815835      -0.0000000000000000       0.0000000000000000          0
  112.889016      56.914740      -0.0001395455086840       0.0048201677023494          0
  116.192771      57.006972       0.0012026360247180       0.0511747111441187          0
  119.505051      57.092205       0.0070386557182419       0.0859508940597222          0
  122.825238      57.170139       0.0162651389349947       0.1059691379508067          0
  126.152669      57.240494       0.0284302506152941       0.1124376993067255          0
  129.486636      57.303016       0.0396748533015726       0.1038829849999430          0
  132.826394      57.357481       0.0482961510824066       0.0906223356662582          0
  136.171165      57.403689       0.0475859189583523       0.0724630134462525          0
  139.520138      57.441472       0.0295074358444591       0.0406968577321094          0
  37.217706      51.038869      -0.0000000000000000       0.0000000000000000        302
  40.264320      51.176479      -0.0000000000000000       0.0000000000000000        302
  43.319792      51.317104      -0.0000000000000000       0.0000000000000000        302
  46.384424      51.460353      -0.0000000000000000       0.0000000000000000        302
  49.458497      51.605823      -0.0000000000000000       0.0000000000000000        302
  52.542277      51.753102      -0.0000000000000000       0.0000000000000000        302
  55.636005      51.901769      -0.0000000000000000       0.0000000000000000        302
  58.739904      52.051394      -0.0000000000000000       0.0000000000000000        302
  61.854168      52.201540      -0.0000000000000000       0.0000000000000000        390
  64.978967      52.351766      -0.0000000000000000       0.0000000000000000        465
  68.114441      52.501623      -0.0000000000000000       0.0000000000000000        458
  71.260700      52.650661      -0.0000000000000000       0.0000000000000000        459
  74.417821      52.798427      -0.0312081890915768       0.0006771001908733          0
  77.585847      52.944468      -0.5296956228017141       0.0325293253533779          0
  80.764781      53.088330      -0.8505736973099933       0.0865130140600779          0
  83.954592      53.229563      -1.0099991990162251       0.1440362064994257          0
  87.155205      53.367718      -1.0296953372043711       0.1895978253692296          0
  90.366505      53.502355      -0.9296474318939813       0.2103931364912915          0
  93.588334      53.633038      -0.7123031590379392       0.1917640768523232          0
  96.820489      53.759340      -0.4059892609204517       0.1270429983343869          0
  100.062722      53.880845      -0.0087420892134590       0.0031247013499300          0
  103.314739      53.997148      -0.0000000000000000       0.0000000000000000        401
  106.576202      54.107860      -0.0000000000000000       0.0000000000000000        401
  109.846725      54.212606      -0.0067785389275317       0.0740924709062634          0
  113.125877      54.311027      -0.0060557961023584       0.1825428607525228          0
  116.413183      54.402785       0.0070424924161502       0.2527114212946243          0
  119.708126      54.487561       0.0294602106197685       0.2963724240859381          0
  123.010146      54.565059       0.0586498731336775       0.3217821830004755          0
  126.318645      54.635007       0.0922181078098935       0.3363168753116617          0
  129.632988      54.697157       0.1279740832120580       0.3399075214215723          0
  132.952506      54.751288       0.1657052158254597       0.3360139663142599          0
  136.276499      54.797207       0.2064550340665532       0.3341102777318418          0
  139.604243      54.834750       0.2467943595253944       0.3378695772279536          0
  37.496238      48.437943      -0.0000000000000000       0.0000000000000000        302
  40.550199      48.575848      -0.0000000000000000       0.0000000000000000        302
  43.612283      48.716738      -0.0000000000000000       0.0000000000000000        302
  46.682760      48.860219      -0.0000000000000000       0.0000000000000000        302
  49.761883      49.005884      -0.0000000000000000       0.0000000000000000        302
  52.849889      49.153320      -0.0000000000000000       0.0000000000000000        302
  55.946992      49.302102      -0.0000000000000000       0.0000000000000000        302
  59.053387      49.451799      -0.0000000000000000       0.0000000000000000        302
  62.169247      49.601974      -0.0000000000000000       0.0000000000000000        467
  65.294718      49.752182      -0.0000000000000000       0.0000000000000000        458
  68.429920      49.901977      -0.0000000000000000       0.0000000000000000        459
  71.574946      50.050908      -0.0414154464581111      -0.0005120001222064          0
  74.729856      50.198524      -0.7893182031902103       0.0207680233717430          0
  77.894681      50.344371      -1.3511209337870080       0.0882997124855149          0
  81.069417      50.487999      -1.7153127579826668       0.1804424050419941          0
  84.254026      50.628960      -1.8783322246108196       0.2737741475726219          0
  87.448432      50.766808      -1.8683078925614707       0.3492758663139595          0
  90.652523      50.901106      -1.7139558365318539       0.3920140745836858          0
  93.866146      51.031422      -1.4362602998128526       0.3892494495731558          0
  97.089112      51.157335      -1.0619256671838682       0.3406375518001585          0
  100.321187      51.278432      -0.6227102458997038       0.2699758672542735          0
  103.562100      51.394314      -0.2241569951760289       0.2144799085008028          0
  106.811537      51.504598      -0.0543253679505041       0.2436551526287911          0
  110.069145      51.608912      -0.0359732839907417       0.3375650448082077          0
  113.334530      51.706905      -0.0164512435576431       0.4264926034077774          0
  116.607259      51.798244       0.0145526194465139       0.4881882697122401          0
  119.886860      51.882616       0.0555391599085027       0.5282795914923903          0
  123.172828      51.959730       0.1030303469570693       0.5521897671566700          0
  126.464620      52.029320       0.1554442173309406       0.5642077460091144          0
  129.761663      52.091142       0.2113787846632952       0.5666170610680458          0
  133.063354      52.144980       0.2722799828029571       0.5650259985859628          0
  136.369064      52.190645       0.3416877675709284       0.5682390320037934          0
  139.678139      52.227976       0.4230527162072646       0.5879224638610650          0
  37.747618      45.836409      -0.0000000000000000       0.0000000000000000        302
  40.808084      45.974578      -0.0000000000000000       0.0000000000000000        301
  43.875999      46.115704      -0.0000000000000000       0.0000000000000000        301
  46.951608      46.259391      -0.0000000000000000       0.0000000000000000        301
  50.035137      46.405229      -0.0000000000000000       0.0000000000000000        302
  53.126799      46.552802      -0.0000000000000000       0.0000000000000000        302
  56.226786      46.701684      -0.0000000000000000       0.0000000000000000        302
  59.335271      46.851442      -0.0000000000000000       0.0000000000000000        302
  62.452406      47.001638      -0.0000000000000000       0.0000000000000000        467
  65.578319      47.151828      -0.0000000000000000       0.0000000000000000        458
  68.713113      47.301563      -0.0000000000000000       0.0000000000000000        459
  71.856868      47.450395      -0.7872637485676579      -0.0047940955228163          0
  75.009634      47.597871      -1.6589557612277357       0.0513755766889666          0
  78.171430      47.743542      -2.2880830449363883       0.1581581811906544          0
  81.342248      47.886956      -2.6812779830804856       0.2907884364564392          0
  84.522046      48.027670      -2.8303729185027575       0.4210202044001777          0
  87.710749      48.165240      -2.7675587214508077       0.5250888590759467          0
  90.908250      48.299232      -2.5408943001997280       0.5873133710460164          0
  94.114404      48.429218      -2.1834724531529841       0.6043722750190261          0
  97.329031      48.554780      -1.7023894704175935       0.6199449290913509          0
  100.551917      48.675511      -1.1501229686299321       0.6186746837348580          0
  103.782808      48.791016      -0.6211658172433582       0.6095102164519568          0
  107.021417      48.900915      -0.2428353900908348       0.6070546288363447          0
  110.267419      49.004844      -0.0755652524263420       0.6378829678352380          0
  113.520452      49.102454      -0.0295383006120587       0.6992079049860405          0
  116.780123      49.193419       0.0210286266219117       0.7440423419345867          0
  120.046002      49.277431       0.0802124467033762       0.7734727666703078          0
  123.317627      49.354203       0.1450388354076676       0.7885936704306830          0
  126.594509      49.423473       0.2144351313425398       0.7912522628335261          0
  129.876128      49.485003       0.2877728771949504       0.7843220808151488          0
  133.161937      49.538580       0.3666439917132445       0.7722346337866224          0
  136.451368      49.584019       0.4558976746572178       0.7664905881447458          0
  139.743833      49.621162       0.5645662735903700       0.7873320860434334          0
  37.976527      43.234374      -0.0000000000000000       0.0000000000000000        551
  41.042811      43.372781      -0.0000000000000000       0.0000000000000000        551
  44.115925      43.514119      -0.0000000000000000       0.0000000000000000        301
  47.196087      43.657990      -0.0000000000000000       0.0000000000000000        301
  50.283504      43.803982      -0.0000000000000000       0.0000000000000000        301
  53.378366      43.951677      -0.0000000000000000       0.0000000000000000        301
  56.480847      44.100647      -0.0000000000000000       0.0000000000000000        301
  59.591099      44.250458      -0.0000000000000000       0.0000000000000000        390
  62.709260      44.400670      -0.0000000000000000       0.0000000000000000        467
  65.835441      44.550839      -0.0000000000000000       0.0000000000000000        466
  68.969733      44.700517      -0.3949424256490091      -0.0088056060788879          0
  72.112205      44.849255      -1.6923550857492726       0.0143153614879789          0
  75.262895      44.996603      -2.7465086707687849       0.0976520080053646          0
  78.421820      45.142110      -3.3936350674072751       0.2474059569931352          0
  81.588966      45.285329      -3.7780276496491876       0.4216708393624904        580
  84.764291      45.425816      -3.7596116242966700       0.5702422799829449        580
  87.947722      45.563133      -3.6656087523025196       0.7059700844407982          0
  91.139155      45.696846      -3.3710925057479333       0.7877832293865554          0
  94.338457      45.826532      -2.9091469727339390       0.8408944727433467          0
  97.545458      45.951776      -2.2943356918145801       0.9238387284037292          0
  100.759959      46.072175      -1.6354161322089760       0.9751768295584332          0
  103.981728      46.187338      -0.9727740070035855       0.9922524874635674          0
  107.210498      46.296889      -0.4298761532109702       0.9737931610184272          0
  110.445972      46.400469      -0.1312074870698340       0.9583243426831164          0
  113.687820      46.497735      -0.0455246134991182       0.9866981136281814          0
  116.935681      46.588362       0.0257529868711746       1.0103380284039780          0
  120.189163      46.672049       0.1021569137644270       1.0249263426816515          0
  123.447848      46.748512       0.1831571726353820       1.0283194362306471          0
  126.711289      46.817495       0.2677739033421515       1.0168439299113039          0
  129.979014      46.878762       0.3559950728669526       0.9935781557172142          0
  133.250529      46.932104       0.4489916725141394       0.9597928296101415          0
  136.525319      46.977340       0.5492418594225741       0.9260693755903717          0
  139.802850      47.014314       0.6662445757868178       0.9162843255449447          0
  38.186675      40.631920      -0.0000000000000000       0.0000000000000000        526
  41.258213      40.770542      -0.0000000000000000       0.0000000000000000        526
  44.336004      40.912074      -0.0000000000000000       0.0000000000000000        526
  47.420247      41.056111      -0.0000000000000000       0.0000000000000000        301
  50.511128      41.202242      -0.0000000000000000       0.0000000000000000        301
  53.608820      41.350046      -0.0000000000000000       0.0000000000000000        301
  56.713479      41.499094      -0.0000000000000000       0.0000000000000000        301
  59.825243      41.648950      -0.0000000000000000       0.0000000000000000        301
  62.944232      41.799175      -0.0000000000000000       0.0000000000000000        467
  66.070548      41.949322      -0.0000000000000000       0.0000000000000000        467
  69.204271      42.098946      -1.1920997776523425       0.1338060483532302          0
  72.345459      42.247596      -2.5917179358542781       0.2412397156756860          0
  75.494145      42.394823      -3.7808541699879532       0.1549636448463275        580
  78.650341      42.540179      -3.7847357410936295       0.2949264543690994        580
  81.814032      42.683217      -3.7771038551643357       0.4359349710028074        580
  84.985174      42.823496      -3.7579002491100386       0.5775329814332976        580
  88.163699      42.960579      -3.7271032304984799       0.7192493964268525        580
  91.349510      43.094037      -3.6847288298029079       0.8606000547008009        580
  94.542479      43.223447      -3.4839160714162549       1.0731036026423684          0
  97.742453      43.348400      -2.8291201216641317       1.2164251543758755          0
  100.949246      43.468495      -2.1200591260979493       1.3081221253092288          0
  104.162643      43.583346      -1.3618087829306817       1.3479188497837535          0
  107.382400      43.692580      -0.6079513132851826       1.3380797342449247          0
  110.608245      43.795842      -0.1663790014856705       1.2956512875252941          0
  113.839876      43.892793      -0.0658350088543775       1.2854670204462235          0
  117.076962      43.983114       0.0288126933196453       1.2823163684935490          0
  120.319148      44.066504       0.1215122872942951       1.2771084639504613          0
  123.566051      44.142688       0.2170641179342684       1.2676437363786062          0
  126.817265      44.211409       0.3157426464496789       1.2443920832983029          0
  130.072362      44.272437       0.4169734187515001       1.2002168958151684          0
  133.330893      44.325567       0.5180603947572833       1.1274491100126789          0
  136.592390      44.370618       0.6167729122975802       1.0254608630119062          0
  139.856370      44.407439      -0.0000000000000000       0.0000000000000000          0
  38.381045      38.029113      -2.1549877073511166       0.0164491874573117        503
  41.457367      38.167934      -2.3328030426460771       0.0805186306317474        503
  44.539404      38.309642      -0.0000000000000000       0.0000000000000000        526
  47.627336      38.453832      -0.0000000000000000       0.0000000000000000        505
  50.721333      38.600089      -0.0000000000000000       0.0000000000000000        301
  53.821551      38.747991      -0.0000000000000000       0.0000000000000000        301
  56.928130      38.897109      -0.0000000000000000       0.0000000000000000        301
  60.041196      39.047005      -0.0000000000000000       0.0000000000000000        301
  63.160858      39.197238      -0.0000000000000000       0.0000000000000000        301
  66.287205      39.347364      -0.1411349111073688       0.0181959868189166          0
  69.420309      39.496935      -2.2211615375832423       0.3597538364018018          0
  72.560221      39.645502      -3.5366145077665876       0.6469977628787325        501
  75.706971      39.792616      -1.8901796818767549       2.5662139643728752        590
  78.860565      39.937830      -3.7773967836552611       0.4430458754310790          0
  82.020988      40.080700      -3.7762029513312401       0.4475391048568184        580
  85.188199      40.220786      -3.7648401024707745       0.6113796652633041          0
  88.362133      40.357652      -3.7745723519048178       0.8439180972402604          0
  91.542700      40.490873      -3.8039027430670487       1.0427305141059595          0
  94.729781      40.620030      -3.7755959105036618       1.2749971575966219          0
  97.923233      40.744714      -3.3202063690209895       1.4711260804322726          0
  101.122887      40.864529      -2.6236189527371718       1.5931993441740988          0
  104.328545      40.979092      -1.7513636559843990       1.6074803052726792          0
  107.539984      41.088035      -0.8554049746048530       1.5572319065480662          0
  110.756953      41.191005      -0.1893448581402120       1.4315402258603567          0
  113.979178      41.287667      -0.0795403936146544       1.4543013766639699          0
  117.206356      41.377706       0.0299779357406141       1.4723929357384375          0
  120.438164      41.460825       0.1404977787012629       1.4902657881184007          0
  123.674253      41.536752       0.2514871778508108       1.4884899038556569          0
  126.914254      41.605233       0.3596054136326052       1.4606799272368332          0
  130.157777      41.666043       0.4717568327818283       1.4471499874233880          0
  133.404414      41.718978       0.5632663782715183       1.2476827207721177          0
  136.653741      41.763861       0.7137544796309897       1.4213825263039874        454
  139.905320      41.800541      -0.0000000000000000       0.0000000000000000          0
  38.562067      35.426009      -2.1656281189658158       0.2153511773755384        503
  41.642781      35.565013      -2.3433103756353617       0.2754836963498871        503
  44.728702      35.706883      -2.5145025094035569       0.3414931028936794        503
  47.819997      35.851213      -0.0000000000000000       0.0000000000000000        505
  50.916819      35.997586      -0.0000000000000000       0.0000000000000000        505
  54.019309      36.145578      -0.0000000000000000       0.0000000000000000        505
  57.127596      36.294758      -0.0000000000000000       0.0000000000000000        505
  60.241794      36.444689      -0.0000000000000000       0.0000000000000000        301
  63.362000      36.594929      -0.0000000000000000       0.0000000000000000        301
  66.488296      36.745033      -0.0000000000000000       0.0000000000000000        301
  69.620746      36.894553      -3.1580262490121740       0.6780240839911629          0
  72.759395      37.043041      -3.5454596740427173       0.8284935138563918        501
  75.904270      37.190049      -3.6793738480699627       0.9386095182116572        501
  79.055375      37.335130      -3.8024379189272044       1.0541727710157398        501
  82.212696      37.477842      -3.8476974493459752       0.9485287228588346          0
  85.376192      37.617747      -3.8895780388184584       1.0308927525156317          0
  88.545805      37.754412      -3.9157071787720619       1.1794493031566946          0
  91.721451      37.887412      -3.9590161891912317       1.3280798274562395          0
  94.903020      38.016332      -4.0315917220024104       1.5071478865455541          0
  98.090382      38.140767      -3.8272684724126700       1.7006992417000666          0
  101.283381      38.260322      -3.1063405894025546       1.7801495262178191          0
  104.481836      38.374619      -1.9918567756526970       1.6556909404163709          0
  107.685543      38.483291      -0.9275826473486966       1.4357879914246083          0
  110.894273      38.585991      -0.2126310852660006       1.2311653720152582          0
  114.107776      38.682386      -0.0526433370790299       1.2314808772769814          0
  117.325777      38.772164       0.0492014875709535       1.2589174990577292          0
  120.547980      38.855033       0.1529693115083333       1.2812353736275104          0
  123.774068      38.930722       0.2582213078454343       1.2831314072544726          0
  127.003707      38.998983       0.3627304122837671       1.2564680555583887          0
  130.236541      39.059591       0.4628543867212095       1.1896849546268826          0
  133.472200      39.112346       0.5496158916351535       1.0343381957286826          0
  136.710299      39.157073      -0.0000000000000000       0.0000000000000000          0
  139.950440      39.193624      -0.0000000000000000       0.0000000000000000          0
  38.731747      32.822651      -2.1755821985949577       0.4131070870592727        503
  41.816519      32.961825      -2.3531338356023745       0.4690981677206912        503
  44.906021      33.103846      -2.5241224043397241       0.5306174322989539        503
  48.000403      33.248306      -2.6880261108141372       0.5975851538756642        503
  51.099806      33.394786      -0.0000000000000000       0.0000000000000000        505
  54.204358      33.542860      -0.0000000000000000       0.0000000000000000        505
  57.314175      33.692098      -0.0000000000000000       0.0000000000000000        505
  60.429363      33.842060      -0.0000000000000000       0.0000000000000000        505
  63.550008      33.992304      -0.0000000000000000       0.0000000000000000        506
  66.676187      34.142386      -0.0000000000000000       0.0000000000000000      50601
  69.807956      34.291856      -0.0000000000000000       0.0000000000000000      50601
  72.945357      34.440269      -3.5536794007607266       1.0069622432811194        501
  76.088413      34.587176      -3.6868752625855894       1.1100961785572128        501
  79.237128      34.732132      -3.8091887976090337       1.2183832682776632        501
  82.391488      34.874695      -3.9201892115018246       1.3315399072624681        501
  85.551458      35.014430      -4.0194762838588636       1.4492548764256850        501
  88.716983      35.150905      -4.0576786984396556       1.5099119926996574          0
  91.887984      35.283699      -4.1023110060889314       1.6122215785427780          0
  95.064365      35.412398      -4.1747297950143185       1.7571768976637867          0
  98.246004      35.536599      -4.2715324039465568       1.9377709994508501          0
  101.432759      35.655912      -3.4428539334078239       1.8587707759852017          0
  104.624467      35.769960      -1.9122886793292597       1.4982748555418188          0
  107.820940      35.878380      -0.7304974210170605       1.1599165462931835          0
  111.021972      35.980827      -0.1364023509027802       0.9903930906998755          0
  114.227333      36.076973      -0.0275740928300353       1.0138994997040862          0
  117.436774      36.166509       0.0670668949906228       1.0498647634870788          0
  120.650027      36.249145       0.1645331922271069       1.0743202751523753          0
  123.866804      36.324613       0.2635808390186730       1.0686010230205845          0
  127.086799      36.392669       0.3612652048724564       1.0329916672293107          0
  130.309693      36.453089       0.4536211768447571       0.9518043000420129          0
  133.535147      36.505677      -0.0000000000000000       0.0000000000000000          0
  136.762813      36.550259      -0.0000000000000000       0.0000000000000000          0
  139.992330      36.586690      -0.0000000000000000       0.0000000000000000          0
  38.891758      30.219078      -2.1849515487780971       0.6093646961155650        503
  41.980306      30.358411      -2.3623748073647741       0.6610257449502456        503
  45.073131      30.500573      -2.5331662765695766       0.7178560509037182        503
  48.170367      30.645153      -2.6968059407614282       0.7797869214382274        503
  51.272144      30.791732      -2.8527893584201687       0.8467310958229193        503
  54.378579      30.939884      -0.0000000000000000       0.0000000000000000        505
  57.489778      31.089173      -0.0000000000000000       0.0000000000000000        505
  60.605835      31.239163      -0.0000000000000000       0.0000000000000000        505
  63.726834      31.389410      -0.0000000000000000       0.0000000000000000      50601
  66.852840      31.539469      -0.0000000000000000       0.0000000000000000      50601
  69.983907      31.688892      -3.4183896717662154       1.0913456440506426        501
  73.120074      31.837232      -3.5613680247245920       1.1821528268565944        501
  76.261361      31.984043      -3.6938859956713745       1.2780535992401174        501
  79.407774      32.128880      -3.8154922338511184       1.3788111261260247        501
  82.559298      32.271303      -3.9257643793310670       1.4841619644754056        501
  85.715903      32.410877      -4.0243110238584201       1.5938162540706338        501
  88.877538      32.547173      -4.1107736393618737       1.7074581352144098        501
  92.044134      32.679772      -4.1848284596718832       1.8247464020566881        501
  95.215602      32.808263      -4.2461882997813358       1.9453153978080511        501
  98.391832      32.932244      -4.4577651471287734       2.3214886426097512        607
  101.572697      33.051329      -2.4028502598543424       1.4333875948117831          0
  104.758046      33.165143      -1.2813621483869850       1.1163888292903217          0
  107.947711      33.273327      -0.2275335436708674       0.7735181226541756          0
  111.141503      33.375537      -0.0894524033679116       0.7561639441302922          0
  114.339217      33.471450      -0.0040970119317424       0.7974280755317104          0
  117.540625      33.560758       0.0831919925061069       0.8475571103537485          0
  120.745484      33.643176       0.1747337780925930       0.8783444321081956          0
  123.953534      33.718438       0.2683622123216881       0.8722824525200242          0
  127.164497      33.786301       0.3607377375735393       0.8416054993608684          0
  130.378084      33.846546       0.4489715010725206       0.7768199823338388          0
  133.593990      33.898977      -0.0000000000000000       0.0000000000000000          0
  136.811898      33.943425      -5.8462362651873931       3.0120416269280179        609
  140.031481      33.979743      -0.0000000000000000       0.0000000000000000          0
  39.043511      27.615320      -2.1938216369893637       0.8037652968398430        503
  42.135596      27.754803      -2.3711184853587461       0.8509227684198728        503
  45.231522      27.897098      -2.5417184384759057       0.9028811038844040        503
  48.331414      28.041792      -2.7051032736210816       0.9595835348871853        503
  51.435390      28.188463      -2.8607710883976916       1.0209557290155742        503
  54.543556      28.336686      -3.0082378637501161       1.0869048866521620        503
  57.656009      28.486024      -0.0000000000000000       0.0000000000000000        505
  60.772837      28.636039      -0.0000000000000000       0.0000000000000000        505
  63.894114      28.786287      -0.0000000000000000       0.0000000000000000      50601
  67.019902      28.936323      -0.0000000000000000       0.0000000000000000          0
  70.150252      29.085700      -3.4262343971539457       1.2701398619232687        501
  73.285198      29.233970      -3.5686040259615162       1.3538005884574162        501
  76.424760      29.380688      -3.7004786900812370       1.4422362033405394        501
  79.568944      29.525412      -3.8214146065247498       1.5352298086137286        501
  82.717740      29.667700      -3.9309974101936547       1.6325390756239706        501
  85.871119      29.807122      -4.0288440233614216       1.7338964164660973        501
  89.029036      29.943249      -4.1146044856841346       1.8390093755585910        501
  92.191431      30.075663      -4.1879637313443414       1.9475612490909098        501
  95.358223      30.203956      -4.4831655487826847       2.2374138277692031        607
  98.529314      30.327729      -4.4563174138245820       2.3604444506728073       7250
  101.704587      30.446599      -1.3590540049942543       0.9953625154328720          0
  104.883910      30.560192      -0.2628403091515923       0.6600685896418910          0
  108.067130      30.668152      -0.1770847349102857       0.6652700501826863          0
  111.254077      30.770140      -0.0875597078888486       0.6737387329707094          0
  114.444565      30.865832       0.0033572261179314       0.6816905629262986          0
  117.638388      30.954926       0.0943595151974861       0.6867431495427017          0
  120.835328      31.037138       0.1833288487996000       0.6948822100196475          0
  124.035149      31.112205       0.2724568811124173       0.6979582933734470          0
  127.237602      31.179887       0.3609378264750172       0.6851258932097293          0
  130.442424      31.239967       0.4481478281737106       0.6626608850404241          0
  133.649340      31.292251      -0.0000000000000000       0.0000000000000000          0
  136.858064      31.336572      -0.0000000000000000       0.0000000000000000          0
  140.068301      31.372785      -0.0000000000000000       0.0000000000000000          0
  39.188211      25.011404      -0.0000000000000000       0.0000000000000000          0
  42.283626      25.151030      -2.3794372561445383       1.0384408671301726        503
  45.382466      25.293450      -2.5498504486271156       1.0853593754092430        503
  48.484845      25.438251      -2.7129883186449515       1.1366576249430167        503
  51.590869      25.585010      -2.8683514803211700       1.1922750472993968        503
  54.700636      25.733299      -3.0154591239995918       1.2521336230579760        503
  57.814236      25.882682      -0.0000000000000000       0.0000000000000000      50602
  60.931747      26.032719      -0.0000000000000000       0.0000000000000000      50602
  64.053240      26.182968      -0.0000000000000000       0.0000000000000000      50602
  67.178772      26.332981      -0.0000000000000000       0.0000000000000000          0
  70.308390      26.482312      -0.0000000000000000       0.0000000000000000          0
  73.442126      26.630515      -3.5754534307927037       1.5216316831236942        501
  76.580001      26.777145      -3.7067143745139508       1.6023889943797098        501
  79.722022      26.921759      -3.8270115974348129       1.6874032250753752        501
  82.868180      27.063919      -3.9359383517851874       1.7764540189300768        501
  86.018452      27.203195      -4.0331194770403069       1.8692968837928037        501
  89.172799      27.339160      -4.1182131361496861       1.9656635503097661        501
  92.331167      27.471398      -4.1909124936628670       2.0652625512544578        501
  95.493486      27.599503      -0.0000000000000000       0.0000000000000000          0
  98.659667      27.723079      -4.4549210393417802       2.3934264820463791       7250
  101.829608      27.841743      -0.6078778495842545       0.6281495705439244          0
  105.003190      27.955126      -0.2604237522422843       0.5657131117235800          0
  108.180275      28.062874      -0.1774247020058606       0.5852185416941289          0
  111.360712      28.164650      -0.0873457094414874       0.5988478646958737          0
  114.544333      28.260134       0.0045287194898130       0.6091728140455510          0
  117.730956      28.349024       0.0964047522309453       0.6162788582250541          0
  120.920382      28.431041       0.1861835014861188       0.6171261661808393          0
  124.112401      28.505924       0.2747838436636661       0.6133256266488041          0
  127.306787      28.573434       0.3627381821034558       0.6067697382011010          0
  130.503306      28.633358      -0.0000000000000000       0.0000000000000000          0
  133.701709      28.685503      -0.0000000000000000       0.0000000000000000          0
  136.901739      28.729703      -0.0000000000000000       0.0000000000000000          0
  140.103131      28.765816      -0.0000000000000000       0.0000000000000000          0
  39.326898      22.407355      -0.0000000000000000       0.0000000000000000          0
  42.425467      22.547116      -0.0000000000000000       0.0000000000000000          0
  45.527060      22.689655      -2.5576237111836870       1.2649546639700564        503
  48.631779      22.834557      -2.7205212524501734       1.3106883652882009        503
  51.739722      22.981399      -2.8755890401264605       1.3603842377242066        503
  54.850979      23.129751      -3.0223494241444042       1.4139798181519254        503
  57.965631      23.279176      -0.0000000000000000       0.0000000000000000      50602
  61.083752      23.429234      -0.0000000000000000       0.0000000000000000      50602
  64.205407      23.579481      -0.0000000000000000       0.0000000000000000      50602
  67.330648      23.729471      -0.0000000000000000       0.0000000000000000          0
  70.459521      23.878759      -0.0000000000000000       0.0000000000000000          0
  73.592058      24.026896      -0.0000000000000000       0.0000000000000000          0
  76.728278      24.173440      -3.7126448867862489       1.7582511751722489        501
  79.868190      24.317948      -3.8323304313292672       1.8350894410785037        501
  83.011788      24.459986      -3.9406295808183769       1.9156837891644132        501
  86.159055      24.599121      -4.0371747374224052       1.9998135625562763        501
  89.309957      24.734930      -0.0000000000000000       0.0000000000000000          0
  92.464447      24.867000      -0.0000000000000000       0.0000000000000000          0
  95.622465      24.994925      -0.0000000000000000       0.0000000000000000          0
  98.783934      25.118311      -4.4535684037977488       2.4204462568609695        607
  101.948762      25.236779      -0.3240956255086890       0.4319002568302786          0
  105.116844      25.349962      -0.2636058096681350       0.4821190064087069          0
  108.288060      25.457507      -0.1798460536273475       0.5078915477616524          0
  111.462274      25.559081      -0.0878191059481453       0.5256624525445073          0
  114.639337      25.654366       0.0056728181870761       0.5382377738251946          0
  117.819086      25.743063       0.0985320629789365       0.5467812041823945          0
  121.001345      25.824894       0.1884949369214277       0.5485630367385662          0
  124.185924      25.899601       0.2769434334684284       0.5459516060107539          0
  127.372625      25.966948      -6.3667874425108426       3.2588126466229759        737
  130.561234      26.026723      -0.0000000000000000       0.0000000000000000          0
  133.751532      26.078735      -0.0000000000000000       0.0000000000000000          0
  136.943288      26.122821      -0.0000000000000000       0.0000000000000000          0
  140.136263      26.158839      -0.0000000000000000       0.0000000000000000          0
  39.460479      19.803191      -1.2072135830731925       0.3039869077217567        715
  42.562051      19.943082      -0.0000000000000000       0.0000000000000000          0
  45.666257      20.085735      -2.5650915021856950       1.4413297898836674        503
  48.773192      20.230734      -2.7277542241981054       1.4813535931647142        503
  51.882943      20.377655      -2.8825344063361582       1.5249768207625727        503
  54.995593      20.526065      -3.0289575185614979       1.5721532689495030        503
  58.111217      20.675530      -0.0000000000000000       0.0000000000000000          0
  61.229883      20.825606      -0.0000000000000000       0.0000000000000000          0
  64.351651      20.975852      -0.0000000000000000       0.0000000000000000          0
  67.476572      21.125819      -0.0000000000000000       0.0000000000000000          0
  70.604688      21.275063      -0.0000000000000000       0.0000000000000000          0
  73.736031      21.423137      -0.0000000000000000       0.0000000000000000          0
  76.870622      21.569597      -3.7183147401354404       1.9095590758248542        501
  80.008470      21.714004      -3.8374115981227885       1.9780436664435288        501
  83.149575      21.855922      -3.9451073700821349       2.0500026287853577        501
  86.293921      21.994921      -0.0000000000000000       0.0000000000000000          0
  89.441484      22.130581      -0.0000000000000000       0.0000000000000000          0
  92.592223      22.262488      -0.0000000000000000       0.0000000000000000          0
  95.746087      22.390240      -0.0000000000000000       0.0000000000000000          0
  98.903010      22.513445      -4.4522526078822553       2.4415143416638379       7250
  102.062912      22.631724      -0.3223249919673746       0.3927116298384309      60401
  105.225702      22.744714      -0.2700611558768166       0.4015220213811182          0
  108.391274      22.852066      -0.1856313371444743       0.4345457466935880          0
  111.559510      22.953446      -0.0887153387996251       0.4554740189816280          0
  114.730276      23.048539       0.0075297339897032       0.4699821519069453          0
  117.903431      23.137051       0.1014326910098990       0.4791188414244099          0
  121.078817      23.218704       0.1906625139643739       0.4805567979527334          0
  124.256268      23.293242      -0.0000000000000000       0.0000000000000000          0
  127.435606      23.360433      -0.0000000000000000       0.0000000000000000          0
  130.616643      23.420066      -6.4235562497690228       3.5285714256235643        678
  133.799183      23.471951      -0.0000000000000000       0.0000000000000000          0
  136.983021      23.515927      -0.0000000000000000       0.0000000000000000          0
  140.167945      23.551855      -0.0000000000000000       0.0000000000000000          0
  39.589756      17.198932      -1.2081293986328163       0.3291199487535986        715
  42.694200      17.338947      -0.0000000000000000       0.0000000000000000          0
  45.800901      17.481710      -2.5723005704127164       1.6141483184353378        503
  48.909942      17.626802      -2.7347329376004117       1.6483316140648432        503
  52.021405      17.773797      -0.0000000000000000       0.0000000000000000          0
  55.135364      17.922264      -0.0000000000000000       0.0000000000000000          0
  58.251890      18.071766      -0.0000000000000000       0.0000000000000000          0
  61.371044      18.221860      -0.0000000000000000       0.0000000000000000          0
  64.492883      18.372102      -0.0000000000000000       0.0000000000000000          0
  67.617456      18.522047      -0.0000000000000000       0.0000000000000000          0
  70.744804      18.671247      -0.0000000000000000       0.0000000000000000          0
  73.874957      18.819258      -0.0000000000000000       0.0000000000000000          0
  77.007938      18.965637      -0.0000000000000000       0.0000000000000000          0
  80.143760      19.109945      -3.8422901948278949       2.1160206952750880        501
  83.282424      19.251747      -3.9494031071904363       2.1791844911584777        501
  86.423922      19.390616      -0.0000000000000000       0.0000000000000000          0
  89.568233      19.526131      -0.0000000000000000       0.0000000000000000          0
  92.715327      19.657880      -0.0000000000000000       0.0000000000000000          0
  95.865161      19.785465      -0.0000000000000000       0.0000000000000000          0
  99.017678      19.908494      -0.3553755632622078       0.2677866678548558        603
  102.172813      20.026592      -0.3205279944932635       0.3538390544358692      60401
  105.330485      20.139396      -0.2684189177069267       0.3611374081911388      60405
  108.490604      20.246560      -0.1959316504893811       0.3702897127013946          0
  111.653068      20.347753      -0.0876375005832376       0.3906913089135723          0
  114.817761      20.442663       0.0123791872634786       0.4059029911615611          0
  117.984558      20.530996       0.1040200849730370       0.4115340758445559        612
  121.153322      20.612477      -0.0000000000000000       0.0000000000000000          0
  124.323908      20.686854      -0.0000000000000000       0.0000000000000000          0
  127.496159      20.753894      -0.0000000000000000       0.0000000000000000          0
  130.669909      20.813390      -0.0000000000000000       0.0000000000000000          0
  133.844987      20.865153      -0.0000000000000000       0.0000000000000000          0
  137.021211      20.909024      -0.0000000000000000       0.0000000000000000          0
  140.198394      20.944864      -0.0000000000000000       0.0000000000000000          0
  39.715443      14.594592      -1.2090138880843511       0.3533187492894674        715
  42.822649      14.734728      -1.2693109711560691       1.2067109763493442        710
  45.931742      14.877596      -0.0000000000000000       0.0000000000000000          0
  49.042797      15.022778      -0.0000000000000000       0.0000000000000000          0
  52.155888      15.169845      -0.0000000000000000       0.0000000000000000          0
  55.271084      15.318366      -0.0000000000000000       0.0000000000000000          0
  58.388449      15.467903      -0.0000000000000000       0.0000000000000000          0
  61.508041      15.618013      -0.0000000000000000       0.0000000000000000          0
  64.629913      15.768251      -0.0000000000000000       0.0000000000000000          0
  67.754112      15.918173      -0.0000000000000000       0.0000000000000000          0
  70.880678      16.067331      -0.0000000000000000       0.0000000000000000          0
  74.009642      16.215280      -0.0000000000000000       0.0000000000000000          0
  77.141028      16.361580      -0.0000000000000000       0.0000000000000000          0
  80.274852      16.505791      -3.8469969851005690       2.2487769232928518        501
  83.411119      16.647480      -3.9535442550187585       2.3030050664250434        501
  86.549825      16.786221      -0.0000000000000000       0.0000000000000000          0
  89.690958      16.921594      -0.0000000000000000       0.0000000000000000          0
  92.834495      17.053192      -0.0000000000000000       0.0000000000000000          0
  95.980400      17.180613      -0.0000000000000000       0.0000000000000000          0
  99.128629      17.303472      -0.3525991919791081       0.2028322400878171        603
  102.279127      17.421393      -0.3187885072630186       0.3141744201805941        604
  105.431828      17.534018      -0.2667321660417203       0.3207664129232433        604
  108.586655      17.641000      -0.2138325465374980       0.3264549836379150      60404
  111.743520      17.742012      -0.0000000000000000       0.0000000000000000          0
  114.902326      17.836744      -0.0000000000000000       0.0000000000000000          0
  118.062965      17.924904      -0.0000000000000000       0.0000000000000000          0
  121.225319      18.006220      -0.0000000000000000       0.0000000000000000          0
  124.389262      18.080440      -0.0000000000000000       0.0000000000000000          0
  127.554657      18.147335      -0.0000000000000000       0.0000000000000000          0
  130.721363      18.206698      -0.0000000000000000       0.0000000000000000          0
  133.889228      18.258344      -0.0000000000000000       0.0000000000000000          0
  137.058095      18.302113      -0.0000000000000000       0.0000000000000000          0
  140.227800      18.337868      -0.0000000000000000       0.0000000000000000          0
  39.838187      11.990187      -1.2098720564128680       0.3765425815154749        715
  42.948061      12.130440      -1.2859759682674665       1.5782456347960476        710
  46.059458      12.273411      -1.1925900984571953       0.9662736037290443        709
  49.172448      12.418678      -1.1744937720977695       0.9803503243885945        709
  52.287095      12.565816      -1.1529188449203174       0.9945191954571316        709
  55.403464      12.714389      -0.0000000000000000       0.0000000000000000          0
  58.521613      12.863958      -0.0000000000000000       0.0000000000000000          0
  61.641598      13.014083      -0.0000000000000000       0.0000000000000000          0
  64.763468      13.164317      -0.0000000000000000       0.0000000000000000          0
  67.887268      13.314215      -0.0000000000000000       0.0000000000000000          0
  71.013039      13.463331      -0.0000000000000000       0.0000000000000000          0
  74.140811      13.611220      -0.0000000000000000       0.0000000000000000          0
  77.270611      13.757441      -0.0000000000000000       0.0000000000000000          0
  80.402457      13.901557      -3.8515592471999094       2.3760720330327776        501
  83.536360      14.043135      -0.0000000000000000       0.0000000000000000          0
  86.672320      14.181751      -0.0000000000000000       0.0000000000000000          0
  89.810333      14.316987      -0.0000000000000000       0.0000000000000000          0
  92.950382      14.448435      -0.0000000000000000       0.0000000000000000          0
  96.092442      14.575698      -0.0000000000000000       0.0000000000000000          0
  99.236478      14.698391      -0.3498991584213550       0.1373914360991030      60302
  102.382448      14.816140      -0.3170969413169207       0.2738029889603476        604
  105.530298      14.928589      -0.2650924288659610       0.2796862514805951        604
  108.679965      15.035395      -0.2122572731027266       0.2847923742165114        604
  111.831376      15.136231      -0.0000000000000000       0.0000000000000000          0
  114.984451      15.230790       0.0197479765452959       0.2663063172066760        612
  118.139097      15.318782      -0.0000000000000000       0.0000000000000000          0
  121.295216      15.399936      -0.0000000000000000       0.0000000000000000          0
  124.452701      15.474004      -0.0000000000000000       0.0000000000000000          0
  127.611436      15.540758      -0.0000000000000000       0.0000000000000000          0
  130.771299      15.599993      -0.0000000000000000       0.0000000000000000          0
  133.932159      15.651524      -0.0000000000000000       0.0000000000000000          0
  137.093884      15.695194      -0.0000000000000000       0.0000000000000000          0
  140.256332      15.730868      -0.0000000000000000       0.0000000000000000          0
  39.958583       9.385729      -1.2178074293470429       0.9391792029180981        709
  43.071044       9.526096      -1.2066516642554170       0.9501250062255698        709
  46.184672       9.669167      -1.1919298232029170       0.9612762387898438        709
  49.299527       9.814519      -1.1736810028274929       0.9726021859309866        709
  52.415669       9.961723      -0.0000000000000000       0.0000000000000000          0
  55.533155      10.110346      -0.0000000000000000       0.0000000000000000          0
  58.652040      10.259948      -0.0000000000000000       0.0000000000000000          0
  61.772376      10.410086      -0.0000000000000000       0.0000000000000000          0
  64.894211      10.560315      -0.0000000000000000       0.0000000000000000          0
  68.017589      10.710189      -0.0000000000000000       0.0000000000000000          0
  71.142548      10.859263      -0.0000000000000000       0.0000000000000000          0
  74.269122      11.007092      -0.0000000000000000       0.0000000000000000          0
  77.397340      11.153236      -0.0000000000000000       0.0000000000000000          0
  80.527221      11.297258      -0.0000000000000000       0.0000000000000000          0
  83.658783      11.438728      -0.0000000000000000       0.0000000000000000          0
  86.792031      11.577221      -0.0000000000000000       0.0000000000000000          0
  89.926968      11.712321      -0.0000000000000000       0.0000000000000000          0
  93.063583      11.843623      -0.0000000000000000       0.0000000000000000          0
  96.201863      11.970731      -0.0000000000000000       0.0000000000000000          0
  99.341784      12.093261      -0.3472616186162295       0.0716029920525974      60302
  102.483312      12.210842      -0.3154446152900181       0.2328109451187467      60402
  105.626408      12.323120      -0.2634912471065418       0.2379841196862892        604
  108.771022      12.429753      -0.2107195040643508       0.2425074765222977        604
  111.917096      12.530417      -0.0664672832957249       0.1905092409302824        612
  115.064565      12.624807      -0.0000000000000000       0.0000000000000000          0
  118.213354      12.712634      -0.0000000000000000       0.0000000000000000          0
  121.363383      12.793632      -0.0000000000000000       0.0000000000000000          0
  124.514562      12.867551      -0.0000000000000000       0.0000000000000000          0
  127.666795      12.934168      -0.0000000000000000       0.0000000000000000          0
  130.819980      12.993277      -0.0000000000000000       0.0000000000000000          0
  133.974010      13.044697      -0.0000000000000000       0.0000000000000000          0
  137.128769      13.088271      -0.0000000000000000       0.0000000000000000          0
  140.284141      13.123864      -0.0000000000000000       0.0000000000000000          0
  40.077181       6.781231      -1.2174480121712081       0.9376216365616006        709
  43.192164       6.921710      -1.2061453325568232       0.9457188165964218        709
  46.307960       7.064878      -1.1912741410149541       0.9540546103690042        709
  49.424622       7.210312      -1.1728752844370030       0.9626064828726386        709
  52.542205       7.357583      -0.0000000000000000       0.0000000000000000          0
  55.660759       7.506254      -0.0000000000000000       0.0000000000000000          0
  58.780337       7.655887      -0.0000000000000000       0.0000000000000000          0
  61.900988       7.806037      -0.0000000000000000       0.0000000000000000          0
  65.022756       7.956261      -0.0000000000000000       0.0000000000000000          0
  68.145686       8.106111      -0.0000000000000000       0.0000000000000000          0
  71.269817       8.255142      -0.0000000000000000       0.0000000000000000          0
  74.395183       8.402911      -0.0000000000000000       0.0000000000000000          0
  77.521815       8.548979      -0.0000000000000000       0.0000000000000000          0
  80.649739       8.692909      -0.0000000000000000       0.0000000000000000          0
  83.778973       8.834271      -0.0000000000000000       0.0000000000000000          0
  86.909532       8.972642      -0.0000000000000000       0.0000000000000000          0
  90.041423       9.107610      -0.0000000000000000       0.0000000000000000          0
  93.174646       9.238767      -0.0000000000000000       0.0000000000000000          0
  96.309195       9.365722      -0.0000000000000000       0.0000000000000000          0
  99.445056       9.488092      -0.4086718343225300       0.0973042415715294        647
  102.582209       9.605508      -0.3138235638102594       0.1912852887954653      60402
  105.720625       9.717617      -0.2619208672434160       0.1957481196169705      60402
  108.860270       9.824081      -0.2092117613803541       0.1996892405316175        604
  112.001098       9.924576      -0.0641076024857810       0.1172962055087821        613
  115.143061      10.018800       0.0242066945837777       0.1201397646364688        613
  118.286102      10.106467      -0.0000000000000000       0.0000000000000000          0
  121.430154      10.187310       0.7119222340797055       0.7174861185786727        677
  124.575149      10.261084      -0.0000000000000000       0.0000000000000000          0
  127.721008      10.327566      -0.0000000000000000       0.0000000000000000          0
  130.867650      10.386552      -0.0000000000000000       0.0000000000000000          0
  134.014986      10.437862      -0.0000000000000000       0.0000000000000000          0
  137.162923      10.481342      -6.5648071774763137       4.6509584393457377        680
  140.311366      10.516858      -0.0000000000000000       0.0000000000000000          0
  40.194504       4.176705      -1.2170873298728548       0.9338974113873024        709
  43.311954       4.317294      -1.2056392605392234       0.9391265944347120        709
  46.429866       4.460558      -1.1906203863336120       0.9446285148112377        709
  49.548286       4.606072      -0.0000000000000000       0.0000000000000000          0
  52.667263       4.753407      -0.0000000000000000       0.0000000000000000          0
  55.786843       4.902126      -0.0000000000000000       0.0000000000000000          0
  58.907075       5.051788      -0.0000000000000000       0.0000000000000000          0
  62.028005       5.201950      -0.0000000000000000       0.0000000000000000          0
  65.149678       5.352167      -0.0000000000000000       0.0000000000000000          0
  68.272135       5.501992      -0.0000000000000000       0.0000000000000000          0
  71.395417       5.650981      -0.0000000000000000       0.0000000000000000          0
  74.519561       5.798691      -0.0000000000000000       0.0000000000000000          0
  77.644600       5.944682      -0.0000000000000000       0.0000000000000000          0
  80.770564       6.088520      -0.0000000000000000       0.0000000000000000          0
  83.897476       6.229776      -0.0000000000000000       0.0000000000000000          0
  87.025357       6.368027      -0.0000000000000000       0.0000000000000000          0
  90.154220       6.502862      -0.0000000000000000       0.0000000000000000          0
  93.284076       6.633878      -0.0000000000000000       0.0000000000000000          0
  96.414927       6.760681      -0.4201007841085610      -0.0660163035811401      60302
  99.546769       6.882893      -0.4059189111828735       0.0265817979863222        647
  102.679594       7.000147      -0.3205432666542868       0.0321935525018336      64701
  105.813386       7.112089      -0.2603740818600686       0.1530671239208220      60402
  108.948122       7.218385      -0.0000000000000000       0.0000000000000000          0
  112.083774       7.318715      -0.0617850716122093       0.0438308101981153        613
  115.220306       7.412775       0.0263780579718370       0.0466107187987717        613
  118.357678       7.500283      -0.0000000000000000       0.0000000000000000          0
  121.495842       7.580975      -0.0000000000000000       0.0000000000000000          0
  124.634746       7.654606      -0.0000000000000000       0.0000000000000000          0
  127.774330       7.720955      -0.0000000000000000       0.0000000000000000          0
  130.914531       7.779820      -0.0000000000000000       0.0000000000000000          0
  134.055281       7.831023      -6.5231010823007711       1.2685388512805436      61501
  137.196507       7.874410      -0.0000000000000000       0.0000000000000000          0
  140.338134       7.909849      -7.3060294281735105       1.6853869217713076        615
  40.311049       1.572161      -1.2167239833677514       0.9280172714389059        709
  43.430924       1.712859      -1.2051314362837682       0.9303651744427097        709
  46.550910       1.856217      -0.0000000000000000       0.0000000000000000          0
  49.671047       2.001811      -0.0000000000000000       0.0000000000000000          0
  52.791378       2.149209      -0.0000000000000000       0.0000000000000000          0
  55.911947       2.297974      -0.0000000000000000       0.0000000000000000          0
  59.032798       2.447665      -0.0000000000000000       0.0000000000000000          0
  62.153975       2.597838      -0.0000000000000000       0.0000000000000000          0
  65.275522       2.748047      -0.0000000000000000       0.0000000000000000          0
  68.397481       2.897848      -0.0000000000000000       0.0000000000000000          0
  71.519892       3.046794      -0.0000000000000000       0.0000000000000000          0
  74.642796       3.194444      -0.0000000000000000       0.0000000000000000          0
  77.766228       3.340359      -0.0000000000000000       0.0000000000000000          0
  80.890222       3.484105      -0.0000000000000000       0.0000000000000000          0
  84.014808       3.625254      -0.0000000000000000       0.0000000000000000          0
  87.140011       3.763387      -0.0000000000000000       0.0000000000000000          0
  90.265854       3.898091      -0.0000000000000000       0.0000000000000000          0
  93.392355       4.028965      -0.0000000000000000       0.0000000000000000          0
  96.519525       4.155618      -0.4872673556042400      -0.0493460907954471      67352
  99.647371       4.277673      -0.4031948049018229      -0.0442623752833947      67301
  102.775897       4.394765      -0.3179023264574972      -0.0395663681409440      64701
  105.905099       4.506543      -0.2316435494920705      -0.0353060628259643      64701
  109.034967       4.612674      -0.0000000000000000       0.0000000000000000          0
  112.165488       4.712839      -0.0000000000000000       0.0000000000000000          0
  115.296641       4.806737      -0.0000000000000000       0.0000000000000000          0
  118.428402       4.894088       0.4185065326792959      -0.2676175556710880      61407
  121.560739       4.974630      -0.0000000000000000       0.0000000000000000          0
  124.693618       5.048120      -0.0000000000000000       0.0000000000000000          0
  127.826997       5.114337      -0.0000000000000000       0.0000000000000000          0
  130.960832       5.173083      -5.5357754927567324       2.0937928983689376        681
  134.095074       5.224180      -7.3626521257554618       1.5781890383805284        684
  137.229671       5.267475      -7.3451203056100285       1.6151146747180829        801
  140.364566       5.302838      -7.3056046403963499       1.6523970470112659        615
  40.427304      -1.032389      -1.2163565275398518       0.9199950101553249        709
  43.549571      -0.891583      -0.0000000000000000       0.0000000000000000          0
  46.671597      -0.748131      -0.0000000000000000       0.0000000000000000          0
  49.793418      -0.602459      -0.0000000000000000       0.0000000000000000          0
  52.915071      -0.454999      -0.0000000000000000       0.0000000000000000          0
  56.036595      -0.306189      -0.0000000000000000       0.0000000000000000          0
  59.158033      -0.156470      -0.0000000000000000       0.0000000000000000          0
  62.279426      -0.006287      -0.0000000000000000       0.0000000000000000          0
  65.400818       0.143914      -0.0000000000000000       0.0000000000000000          0
  68.522250       0.293689      -0.0000000000000000       0.0000000000000000          0
  71.643766       0.442592      -0.0000000000000000       0.0000000000000000          0
  74.765406       0.590182      -0.0000000000000000       0.0000000000000000          0
  77.887212       0.736021      -0.0000000000000000       0.0000000000000000          0
  81.009219       0.879675      -0.0000000000000000       0.0000000000000000          0
  84.131465       1.020718      -0.0000000000000000       0.0000000000000000          0
  87.253981       1.158731      -0.0000000000000000       0.0000000000000000          0
  90.376798       1.293304      -0.0000000000000000       0.0000000000000000          0
  93.499941       1.424037      -0.0000000000000000       0.0000000000000000          0
  96.623433       1.550541      -0.0000000000000000       0.0000000000000000          0
  99.747291       1.672440      -0.4004879478249328      -0.1150800810354647      67301
  102.871529       1.789371      -0.3152789046861531      -0.1112937178806396      64701
  105.996156       1.900986      -0.2291218876801678      -0.1077303087346234      64701
  109.121177       2.006952      -0.1422726424904977      -0.1044322512524591        614
  112.246591       2.106953      -0.0000000000000000       0.0000000000000000          0
  115.372394       2.200691      -0.0000000000000000       0.0000000000000000          0
  118.498577       2.287886       0.1198403802983107      -0.0965043152411792      61405
  121.625124       2.368279      -1.4975716961005043      -0.4170846236912809        667
  124.752018       2.441628      -7.2843248165103569       1.5265356787429929        684
  127.879236       2.507715      -7.3322699656040333       1.5426726629725784        684
  131.006753       2.566342      -7.3583791149812949       1.5598649251686219        801
  134.134537       2.617334      -7.3625683036651672       1.5779079777230141        801
  137.262557       2.660539      -7.3448197188594362       1.5965871401529914        801
  140.390775       2.695826      -7.3051818927780818       1.6156801004042562        801
>