>anchorPlateId 301
>reconstructionTime 108
>DeformingMeshPoints.gpml lat_lon_velocity_domain_28_32.gpml
>MeshNode <identity>GPlates-b7a3af0e-8119-4abb-9ae6-39bb7e5702ce</identity> <revision>GPlates-7b04c5e6-7801-49f1-bcc4-23d6f4e5417f</revision>
> reconstructionPlateId 0
> validTime TimePeriod <begin> TimeInstant <timePosition>http://gplates.org/times/distantPast</timePosition></begin> <end> TimeInstant <timePosition>http://gplates.org/times/distantFuture</timePosition></end>
  49.565529      73.362875      -0.0000000000000000       0.0000000000000000        302
  52.742265      73.296895      -0.0000000000000000       0.0000000000000000        373
  55.906564      73.230146      -0.0000000000000000       0.0000000000000000        373
  59.058457      73.162836      -0.0000000000000000       0.0000000000000000        372
  62.198012      73.095169      -0.0000000000000000       0.0000000000000000        372
  65.325334      73.027350      -0.0000000000000000       0.0000000000000000        372
  68.440566      72.959581      -0.0000000000000000       0.0000000000000000        372
  71.543881      72.892061      -0.0000000000000000       0.0000000000000000        372
  74.635485      72.824988      -0.0000000000000000       0.0000000000000000        401
  77.715612      72.758554      -0.0000000000000000       0.0000000000000000        401
  80.784524      72.692950      -0.0000000000000000       0.0000000000000000        401
  83.842507      72.628358      -0.0000000000000000       0.0000000000000000        401
  86.889868      72.564961      -0.0000000000000000       0.0000000000000000        401
  89.926938      72.502932      -0.0000000000000000       0.0000000000000000        401
  92.954065      72.442441      -0.0000000000000000       0.0000000000000000        401
  95.971615      72.383651      -0.0000000000000000       0.0000000000000000        401
  98.979971      72.326721      -0.0000000000000000       0.0000000000000000        401
  101.979527      72.271801      -0.0000000000000000       0.0000000000000000        401
  104.970695      72.219036      -0.0000000000000000       0.0000000000000000        401
  107.953893      72.168564      -0.0000000000000000       0.0000000000000000        401
  110.929552      72.120515      -0.0000000000000000       0.0000000000000000        401
  113.898114      72.075012      -0.0000000000000000       0.0000000000000000        401
  116.860025      72.032172      -0.0000000000000000       0.0000000000000000        401
  119.815741      71.992104      -0.0000000000000000       0.0000000000000000        401
  122.765724      71.954908      -0.0000000000000000       0.0000000000000000        401
  125.710441      71.920677      -0.0000000000000000       0.0000000000000000        401
  128.650364      71.889498      -0.0000000000000000       0.0000000000000000          0
  131.585969      71.861446      -0.0000000000000000       0.0000000000000000          0
  134.517735      71.836591      -0.0000000000000000       0.0000000000000000          0
  137.446147      71.814995      -0.0000000000000000       0.0000000000000000          0
  140.371687      71.796710      -0.0000000000000000       0.0000000000000000          0
  143.294845      71.781781       0.1878510387743061       0.2282446560191093      42201
  146.216109      71.770245       0.2402093655755687       0.2173525129964365      42201
  48.998238      70.761564      -0.0000000000000000       0.0000000000000000        302
  52.169317      70.695743      -0.0000000000000000       0.0000000000000000        302
  55.329794      70.629118      -0.0000000000000000       0.0000000000000000        373
  58.479670      70.561896      -0.0000000000000000       0.0000000000000000        302
  61.618982      70.494279      -0.0000000000000000       0.0000000000000000        372
  64.747800      70.426473      -0.0000000000000000       0.0000000000000000        372
  67.866221      70.358679      -0.0000000000000000       0.0000000000000000        372
  70.974376      70.291099      -0.0000000000000000       0.0000000000000000        372
  74.072420      70.223929      -0.0000000000000000       0.0000000000000000        401
  77.160536      70.157365      -0.0000000000000000       0.0000000000000000        401
  80.238932      70.091598      -0.0000000000000000       0.0000000000000000        401
  83.307836      70.026815      -0.0000000000000000       0.0000000000000000        401
  86.367500      69.963197      -0.0000000000000000       0.0000000000000000        401
  89.418194      69.900924      -0.0000000000000000       0.0000000000000000        401
  92.460206      69.840167      -0.0000000000000000       0.0000000000000000        401
  95.493843      69.781093      -0.0000000000000000       0.0000000000000000        401
  98.519426      69.723863      -0.0000000000000000       0.0000000000000000        401
  101.537288      69.668631      -0.0000000000000000       0.0000000000000000        401
  104.547779      69.615546      -0.0000000000000000       0.0000000000000000        401
  107.551258      69.564748      -0.0000000000000000       0.0000000000000000        401
  110.548094      69.516373      -0.0000000000000000       0.0000000000000000        401
  113.538668      69.470546      -0.0000000000000000       0.0000000000000000        401
  116.523368      69.427388      -0.0000000000000000       0.0000000000000000        401
  119.502590      69.387010      -0.0000000000000000       0.0000000000000000        401
  122.476737      69.349516      -0.0000000000000000       0.0000000000000000        401
  125.446218      69.315003      -0.0000000000000000       0.0000000000000000        401
  128.411448      69.283559      -0.0000000000000000       0.0000000000000000      43102
  131.372845      69.255264      -0.0000000000000000       0.0000000000000000      43101
  134.330833      69.230189      -0.0000000000000000       0.0000000000000000      43202
  137.285840      69.208398      -0.0000000000000000       0.0000000000000000      43202
  140.238294      69.189946      -0.0000000000000000       0.0000000000000000      43202
  143.188628      69.174879      -0.0000000000000000       0.0000000000000000      43200
  146.137277      69.163235      -0.0000000000000000       0.0000000000000000      43200
  48.561666      68.158907      -0.0000000000000000       0.0000000000000000        302
  51.727955      68.093213      -0.0000000000000000       0.0000000000000000        302
  54.885046      68.026689      -0.0000000000000000       0.0000000000000000        302
  58.032925      67.959539      -0.0000000000000000       0.0000000000000000        302
  61.171610      67.891966      -0.0000000000000000       0.0000000000000000        302
  64.301145      67.824174      -0.0000000000000000       0.0000000000000000        302
  67.421603      67.756367      -0.0000000000000000       0.0000000000000000        390
  70.533082      67.688744      -0.0000000000000000       0.0000000000000000        401
  73.635706      67.621504      -0.0000000000000000       0.0000000000000000        401
  76.729621      67.554843      -0.0000000000000000       0.0000000000000000        401
  79.814996      67.488954      -0.0000000000000000       0.0000000000000000        401
  82.892021      67.424025      -0.0000000000000000       0.0000000000000000        401
  85.960904      67.360241      -0.0000000000000000       0.0000000000000000        401
  89.021873      67.297781      -0.0000000000000000       0.0000000000000000        401
  92.075173      67.236819      -0.0000000000000000       0.0000000000000000        401
  95.121063      67.177526      -0.0000000000000000       0.0000000000000000        401
  98.159819      67.120065      -0.0000000000000000       0.0000000000000000        401
  101.191729      67.064592      -0.0000000000000000       0.0000000000000000        401
  104.217094      67.011259      -0.0000000000000000       0.0000000000000000        401
  107.236227      66.960209      -0.0000000000000000       0.0000000000000000        401
  110.249450      66.911579      -0.0000000000000000       0.0000000000000000        401
  113.257097      66.865500      -0.0000000000000000       0.0000000000000000        401
  116.259506      66.822093      -0.0000000000000000       0.0000000000000000        401
  119.257029      66.781473      -0.0000000000000000       0.0000000000000000        401
  122.250019      66.743747      -0.0000000000000000       0.0000000000000000        401
  125.238841      66.709013      -0.0000000000000000       0.0000000000000000        401
  128.223861      66.677362      -0.0000000000000000       0.0000000000000000      43101
  131.205452      66.648876      -0.0000000000000000       0.0000000000000000      43101
  134.183991      66.623628      -0.0000000000000000       0.0000000000000000      43101
  137.159859      66.601685      -0.0000000000000000       0.0000000000000000      43202
  140.133441      66.583101      -0.0000000000000000       0.0000000000000000      43200
  143.105122      66.567925      -0.0000000000000000       0.0000000000000000      43200
  146.075292      66.556196      -0.0000000000000000       0.0000000000000000      43200
  48.214046      65.555335      -0.0000000000000000       0.0000000000000000        302
  51.376250      65.489746      -0.0000000000000000       0.0000000000000000        302
  54.530368      65.423305      -0.0000000000000000       0.0000000000000000        302
  57.676379      65.356215      -0.0000000000000000       0.0000000000000000        302
  60.814287      65.288680      -0.0000000000000000       0.0000000000000000        302
  63.944121      65.220903      -0.0000000000000000       0.0000000000000000        390
  67.065936      65.153087      -0.0000000000000000       0.0000000000000000        468
  70.179810      65.085433      -0.0000000000000000       0.0000000000000000        401
  73.285840      65.018140      -0.0000000000000000       0.0000000000000000        401
  76.384149      64.951404      -0.0000000000000000       0.0000000000000000        401
  79.474877      64.885420      -0.0000000000000000       0.0000000000000000        401
  82.558183      64.820377      -0.0000000000000000       0.0000000000000000        401
  85.634246      64.756461      -0.0000000000000000       0.0000000000000000        401
  88.703259      64.693853      -0.0000000000000000       0.0000000000000000        401
  91.765434      64.632729      -0.0000000000000000       0.0000000000000000        401
  94.820996      64.573262      -0.0000000000000000       0.0000000000000000        401
  97.870184      64.515616      -0.0000000000000000       0.0000000000000000        401
  100.913250      64.459950      -0.0000000000000000       0.0000000000000000        401
  103.950457      64.406418      -0.0000000000000000       0.0000000000000000        401
  106.982081      64.355165      -0.0000000000000000       0.0000000000000000        401
  110.008406      64.306332      -0.0000000000000000       0.0000000000000000        401
  113.029727      64.260050      -0.0000000000000000       0.0000000000000000        401
  116.046345      64.216443      -0.0000000000000000       0.0000000000000000        401
  119.058571      64.175628      -0.0000000000000000       0.0000000000000000        401
  122.066723      64.137714      -0.0000000000000000       0.0000000000000000        401
  125.071124      64.102802      -0.0000000000000000       0.0000000000000000        401
  128.072102      64.070984      -0.0000000000000000       0.0000000000000000      43102
  131.069992      64.042344      -0.0000000000000000       0.0000000000000000      43102
  134.065133      64.016957      -0.0000000000000000       0.0000000000000000      43101
  137.057866      63.994889      -0.0000000000000000       0.0000000000000000      43101
  140.048536      63.976199      -0.0000000000000000       0.0000000000000000      43101
  143.037493      63.960936      -0.0000000000000000       0.0000000000000000      43101
  146.025086      63.949138      -0.0000000000000000       0.0000000000000000      43202
  47.929657      62.951114      -0.0000000000000000       0.0000000000000000        302
  51.088341      62.885612      -0.0000000000000000       0.0000000000000000        302
  54.239845      62.819240      -0.0000000000000000       0.0000000000000000        302
  57.384142      62.752202      -0.0000000000000000       0.0000000000000000        302
  60.521230      62.684699      -0.0000000000000000       0.0000000000000000        390
  63.651128      62.616937      -0.0000000000000000       0.0000000000000000        390
  66.773877      62.549116      -0.0000000000000000       0.0000000000000000        468
  69.889539      62.481438      -0.0000000000000000       0.0000000000000000        468
  72.998196      62.414103      -0.0000000000000000       0.0000000000000000        401
  76.099948      62.347308      -0.0000000000000000       0.0000000000000000        401
  79.194916      62.281247      -0.0000000000000000       0.0000000000000000        401
  82.283237      62.216112      -0.0000000000000000       0.0000000000000000        401
  85.365063      62.152089      -0.0000000000000000       0.0000000000000000        401
  88.440564      62.089360      -0.0000000000000000       0.0000000000000000        401
  91.509923      62.028105      -0.0000000000000000       0.0000000000000000        401
  94.573338      61.968494      -0.0000000000000000       0.0000000000000000        401
  97.631019      61.910697      -0.0000000000000000       0.0000000000000000        401
  100.683189      61.854873      -0.0000000000000000       0.0000000000000000        401
  103.730081      61.801178      -0.0000000000000000       0.0000000000000000        401
  106.771939      61.749759      -0.0000000000000000       0.0000000000000000        401
  109.809017      61.700757      -0.0000000000000000       0.0000000000000000        401
  112.841577      61.654307      -0.0000000000000000       0.0000000000000000        401
  115.869890      61.610535      -0.0000000000000000       0.0000000000000000        401
  118.894234      61.569560      -0.0000000000000000       0.0000000000000000        401
  121.914894      61.531491      -0.0000000000000000       0.0000000000000000        401
  124.932160      61.496431      -0.0000000000000000       0.0000000000000000        401
  127.946329      61.464475      -0.0000000000000000       0.0000000000000000        401
  130.957701      61.435707      -0.0000000000000000       0.0000000000000000        401
  133.966584      61.410205      -0.0000000000000000       0.0000000000000000        401
  136.973284      61.388035      -0.0000000000000000       0.0000000000000000      43101
  139.978116      61.369257      -0.0000000000000000       0.0000000000000000      43101
  142.981395      61.353920      -0.0000000000000000       0.0000000000000000      43400
  145.983437      61.342065      -0.0000000000000000       0.0000000000000000      43400
  47.691793      60.346415      -0.0000000000000000       0.0000000000000000        302
  50.847410      60.280986      -0.0000000000000000       0.0000000000000000        302
  53.996601      60.214674      -0.0000000000000000       0.0000000000000000        302
  57.139338      60.147680      -0.0000000000000000       0.0000000000000000        302
  60.275613      60.080207      -0.0000000000000000       0.0000000000000000        390
  63.405437      60.012457      -0.0000000000000000       0.0000000000000000        390
  66.528844      59.944634      -0.0000000000000000       0.0000000000000000        468
  69.645883      59.876937      -0.0000000000000000       0.0000000000000000        468
  72.756623      59.809569      -0.0000000000000000       0.0000000000000000        401
  75.861150      59.742725      -0.0000000000000000       0.0000000000000000        401
  78.959567      59.676601      -0.0000000000000000       0.0000000000000000        401
  82.051992      59.611389      -0.0000000000000000       0.0000000000000000        401
  85.138561      59.547277      -0.0000000000000000       0.0000000000000000        401
  88.219420      59.484448      -0.0000000000000000       0.0000000000000000        401
  91.294733      59.423082      -0.0000000000000000       0.0000000000000000        401
  94.364674      59.363353      -0.0000000000000000       0.0000000000000000        401
  97.429428      59.305429      -0.0000000000000000       0.0000000000000000        401
  100.489196      59.249472      -0.0000000000000000       0.0000000000000000        401
  103.544184      59.195639      -0.0000000000000000       0.0000000000000000        401
  106.594612      59.144081      -0.0000000000000000       0.0000000000000000        401
  109.640707      59.094938      -0.0000000000000000       0.0000000000000000        401
  112.682704      59.048347      -0.0000000000000000       0.0000000000000000        401
  115.720847      59.004436      -0.0000000000000000       0.0000000000000000        401
  118.755388      58.963325      -0.0000000000000000       0.0000000000000000        401
  121.786582      58.925125      -0.0000000000000000       0.0000000000000000        401
  124.814692      58.889941      -0.0000000000000000       0.0000000000000000        401
  127.839988      58.857868      -0.0000000000000000       0.0000000000000000        401
  130.862742      58.828993      -0.0000000000000000       0.0000000000000000        401
  133.883230      58.803392      -0.0000000000000000       0.0000000000000000        401
  136.901735      58.781136      -0.0000000000000000       0.0000000000000000      43101
  139.918539      58.762283      -0.0000000000000000       0.0000000000000000      43400
  142.933929      58.746884      -0.0000000000000000       0.0000000000000000      43400
  145.948194      58.734981      -0.0000000000000000       0.0000000000000000          0
  47.489133      57.741353      -0.0000000000000000       0.0000000000000000        302
  50.642047      57.675989      -0.0000000000000000       0.0000000000000000        302
  53.789177      57.609729      -0.0000000000000000       0.0000000000000000        302
  56.930492      57.542774      -0.0000000000000000       0.0000000000000000        302
  60.065982      57.475326      -0.0000000000000000       0.0000000000000000        390
  63.195653      57.407589      -0.0000000000000000       0.0000000000000000        390
  66.319530      57.339763      -0.0000000000000000       0.0000000000000000        468
  69.437656      57.272053      -0.0000000000000000       0.0000000000000000        468
  72.550089      57.204656      -0.0000000000000000       0.0000000000000000        468
  75.656902      57.137771      -0.0000000000000000       0.0000000000000000        401
  78.758186      57.071594      -0.0000000000000000       0.0000000000000000        401
  81.854045      57.006318      -0.0000000000000000       0.0000000000000000        401
  84.944596      56.942130      -0.0000000000000000       0.0000000000000000        401
  88.029972      56.879216      -0.0000000000000000       0.0000000000000000        401
  91.110316      56.817757      -0.0000000000000000       0.0000000000000000        401
  94.185784      56.757926      -0.0000000000000000       0.0000000000000000        401
  97.256543      56.699893      -0.0000000000000000       0.0000000000000000        401
  100.322770      56.643823      -0.0000000000000000       0.0000000000000000        401
  103.384653      56.589874      -0.0000000000000000       0.0000000000000000        401
  106.442389      56.538195      -0.0000000000000000       0.0000000000000000        401
  109.496182      56.488932      -0.0000000000000000       0.0000000000000000        401
  112.546245      56.442220      -0.0000000000000000       0.0000000000000000        401
  115.592799      56.398190      -0.0000000000000000       0.0000000000000000        401
  118.636070      56.356962      -0.0000000000000000       0.0000000000000000        401
  121.676293      56.318651      -0.0000000000000000       0.0000000000000000        401
  124.713704      56.283360      -0.0000000000000000       0.0000000000000000        401
  127.748549      56.251186      -0.0000000000000000       0.0000000000000000        401
  130.781075      56.222218      -0.0000000000000000       0.0000000000000000        401
  133.811535      56.196533      -0.0000000000000000       0.0000000000000000        401
  136.840184      56.174203      -0.0000000000000000       0.0000000000000000        401
  139.867282      56.155286      -0.0000000000000000       0.0000000000000000        301
  142.893088      56.139834      -0.0000000000000000       0.0000000000000000          0
  145.917868      56.127890      -0.0000000000000000       0.0000000000000000          0
  47.313727      55.136012      -0.0000000000000000       0.0000000000000000        302
  50.464237      55.070704      -0.0000000000000000       0.0000000000000000        302
  53.609515      55.004489      -0.0000000000000000       0.0000000000000000        302
  56.749531      54.937568      -0.0000000000000000       0.0000000000000000        302
  59.884273      54.870144      -0.0000000000000000       0.0000000000000000        302
  63.013742      54.802418      -0.0000000000000000       0.0000000000000000        390
  66.137961      54.734592      -0.0000000000000000       0.0000000000000000        468
  69.256963      54.666869      -0.0000000000000000       0.0000000000000000        468
  72.370798      54.599449      -0.0000000000000000       0.0000000000000000        468
  75.479533      54.532529      -0.0000000000000000       0.0000000000000000        468
  78.583244      54.466307      -0.0000000000000000       0.0000000000000000        401
  81.682025      54.400975      -0.0000000000000000       0.0000000000000000        401
  84.775981      54.336723      -0.0000000000000000       0.0000000000000000        401
  87.865227      54.273735      -0.0000000000000000       0.0000000000000000        401
  90.949895      54.212194      -0.0000000000000000       0.0000000000000000        401
  94.030122      54.152275      -0.0000000000000000       0.0000000000000000        401
  97.106060      54.094150      -0.0000000000000000       0.0000000000000000        401
  100.177868      54.037982      -0.0000000000000000       0.0000000000000000        401
  103.245716      53.983930      -0.0000000000000000       0.0000000000000000        401
  106.309780      53.932148      -0.0000000000000000       0.0000000000000000        401
  109.370248      53.882779      -0.0000000000000000       0.0000000000000000        401
  112.427311      53.835963      -0.0000000000000000       0.0000000000000000        401
  115.481170      53.791829      -0.0000000000000000       0.0000000000000000        401
  118.532032      53.750500      -0.0000000000000000       0.0000000000000000        401
  121.580107      53.712090      -0.0000000000000000       0.0000000000000000        401
  124.625615      53.676706      -0.0000000000000000       0.0000000000000000        430
  127.668776      53.644446      -0.0000000000000000       0.0000000000000000        430
  130.709818      53.615396      -0.0000000000000000       0.0000000000000000        401
  133.748970      53.589639      -0.0000000000000000       0.0000000000000000        401
  136.786466      53.567243      -0.0000000000000000       0.0000000000000000        454
  139.822543      53.548270      -0.0000000000000000       0.0000000000000000        622
  142.857439      53.532772      -0.0000000000000000       0.0000000000000000          0
  145.891395      53.520791      -0.0000000000000000       0.0000000000000000          0
  47.159830      52.530450      -0.0000000000000000       0.0000000000000000        302
  50.308181      52.465191      -0.0000000000000000       0.0000000000000000        302
  53.451783      52.399017      -0.0000000000000000       0.0000000000000000        302
  56.590607      52.332127      -0.0000000000000000       0.0000000000000000        302
  59.724639      52.264723      -0.0000000000000000       0.0000000000000000        390
  62.853880      52.197007      -0.0000000000000000       0.0000000000000000        390
  65.978346      52.129182      -0.0000000000000000       0.0000000000000000        465
  69.098066      52.061449      -0.0000000000000000       0.0000000000000000        458
  72.213085      51.994008      -0.0000000000000000       0.0000000000000000        459
  75.323460      51.927059      -0.0000000000000000       0.0000000000000000        462
  78.429260      51.860798      -0.0000000000000000       0.0000000000000000        401
  81.530567      51.795417      -0.0000000000000000       0.0000000000000000        401
  84.627475      51.731108      -0.0000000000000000       0.0000000000000000        401
  87.720089      51.668057      -0.0000000000000000       0.0000000000000000        401
  90.808525      51.606444      -0.0000000000000000       0.0000000000000000        401
  93.892909      51.546448      -0.0000000000000000       0.0000000000000000        401
  96.973377      51.488240      -0.0000000000000000       0.0000000000000000        401
  100.050073      51.431986      -0.0000000000000000       0.0000000000000000        401
  103.123151      51.377845      -0.0000000000000000       0.0000000000000000        401
  106.192771      51.325971      -0.0000000000000000       0.0000000000000000        401
  109.259103      51.276510      -0.0000000000000000       0.0000000000000000        401
  112.322322      51.229601      -0.0000000000000000       0.0000000000000000        430
  115.382611      51.185376      -0.0000000000000000       0.0000000000000000        430
  118.440157      51.143958      -0.0000000000000000       0.0000000000000000        430
  121.495153      51.105462      -0.0000000000000000       0.0000000000000000        430
  124.547799      51.069996      -0.0000000000000000       0.0000000000000000        430
  127.598297      51.037658      -0.0000000000000000       0.0000000000000000        430
  130.646854      51.008537      -0.0000000000000000       0.0000000000000000        455
  133.693680      50.982715      -0.0000000000000000       0.0000000000000000        455
  136.738990      50.960262      -0.0000000000000000       0.0000000000000000        454
  139.782999      50.941239      -0.0000000000000000       0.0000000000000000        619
  142.825927      50.925701      -0.0000000000000000       0.0000000000000000          0
  145.867993      50.913688      -0.0000000000000000       0.0000000000000000          0
  47.023184      49.924710      -0.0000000000000000       0.0000000000000000        302
  50.169579      49.859496      -0.0000000000000000       0.0000000000000000        302
  53.311652      49.793359      -0.0000000000000000       0.0000000000000000        302
  56.449376      49.726496      -0.0000000000000000       0.0000000000000000        302
  59.582736      49.659111      -0.0000000000000000       0.0000000000000000        302
  62.711733      49.591405      -0.0000000000000000       0.0000000000000000        465
  65.836378      49.523581      -0.0000000000000000       0.0000000000000000        458
  68.956698      49.455839      -0.0000000000000000       0.0000000000000000        459
  72.072730      49.388381      -0.0000000000000000       0.0000000000000000        461
  75.184526      49.321405      -0.0000000000000000       0.0000000000000000        463
  78.292146      49.255109      -0.0000000000000000       0.0000000000000000        462
  81.395666      49.189686      -0.0000000000000000       0.0000000000000000        401
  84.495169      49.125327      -0.0000000000000000       0.0000000000000000        401
  87.590749      49.062218      -0.0000000000000000       0.0000000000000000        401
  90.682512      49.000543      -0.0000000000000000       0.0000000000000000        401
  93.770571      48.940479      -0.0000000000000000       0.0000000000000000        430
  96.855050      48.882198      -0.0000000000000000       0.0000000000000000        430
  99.936079      48.825867      -0.0000000000000000       0.0000000000000000        430
  103.013798      48.771646      -0.0000000000000000       0.0000000000000000        430
  106.088354      48.719691      -0.0000000000000000       0.0000000000000000        430
  109.159900      48.670148      -0.0000000000000000       0.0000000000000000        430
  112.228596      48.623156      -0.0000000000000000       0.0000000000000000        430
  115.294609      48.578849      -0.0000000000000000       0.0000000000000000        430
  118.358110      48.537351      -0.0000000000000000       0.0000000000000000        430
  121.419275      48.498779      -0.0000000000000000       0.0000000000000000        430
  124.478287      48.463239      -0.0000000000000000       0.0000000000000000        455
  127.535331      48.430832      -0.0000000000000000       0.0000000000000000        455
  130.590595      48.401648      -0.0000000000000000       0.0000000000000000        455
  133.644274      48.375768      -0.0000000000000000       0.0000000000000000        454
  136.696562      48.353263      -0.0000000000000000       0.0000000000000000        454
  139.747657      48.334197      -0.0000000000000000       0.0000000000000000        619
  142.797761      48.318621      -0.0000000000000000       0.0000000000000000          0
  145.847076      48.306580      -0.0000000000000000       0.0000000000000000          0
  46.900563      47.318826      -0.0000000000000000       0.0000000000000000        302
  50.045170      47.253653      -0.0000000000000000       0.0000000000000000        302
  53.185839      47.187548      -0.0000000000000000       0.0000000000000000        302
  56.322543      47.120711      -0.0000000000000000       0.0000000000000000        302
  59.455268      47.053344      -0.0000000000000000       0.0000000000000000        302
  62.584012      46.985647      -0.0000000000000000       0.0000000000000000        466
  65.708786      46.917823      -0.0000000000000000       0.0000000000000000        458
  68.829611      46.850074      -0.0000000000000000       0.0000000000000000        459
  71.946523      46.782600      -0.0000000000000000       0.0000000000000000        460
  75.059564      46.715601      -0.0000000000000000       0.0000000000000000        461
  78.168793      46.649274      -0.0000000000000000       0.0000000000000000        463
  81.274274      46.583813      -0.0000000000000000       0.0000000000000000        464
  84.376083      46.519409      -0.0000000000000000       0.0000000000000000        450
  87.474306      46.456250      -0.0000000000000000       0.0000000000000000        450
  90.569038      46.394518      -0.0000000000000000       0.0000000000000000        401
  93.660383      46.334392      -0.0000000000000000       0.0000000000000000        401
  96.748452      46.276046      -0.0000000000000000       0.0000000000000000        430
  99.833363      46.219646      -0.0000000000000000       0.0000000000000000        430
  102.915246      46.165354      -0.0000000000000000       0.0000000000000000        430
  105.994232      46.113326      -0.0000000000000000       0.0000000000000000        430
  109.070461      46.063708      -0.0000000000000000       0.0000000000000000        430
  112.144081      46.016642      -0.0000000000000000       0.0000000000000000        430
  115.215243      45.972262      -0.0000000000000000       0.0000000000000000        455
  118.284104      45.930693      -0.0000000000000000       0.0000000000000000        455
  121.350824      45.892051      -0.0000000000000000       0.0000000000000000        453
  124.415571      45.856445      -0.0000000000000000       0.0000000000000000        453
  127.478513      45.823976      -0.0000000000000000       0.0000000000000000        453
  130.539825      45.794734      -0.0000000000000000       0.0000000000000000        454
  133.599683      45.768802      -0.0000000000000000       0.0000000000000000        454
  136.658266      45.746251      -0.0000000000000000       0.0000000000000000        619
  139.715756      45.727145      -0.0000000000000000       0.0000000000000000        625
  142.772337      45.711536      -0.0000000000000000       0.0000000000000000          0
  145.828193      45.699469      -0.0000000000000000       0.0000000000000000          0
  46.789476      44.712824      -0.0000000000000000       0.0000000000000000        301
  49.932439      44.647688      -0.0000000000000000       0.0000000000000000        301
  53.071809      44.581613      -0.0000000000000000       0.0000000000000000        301
  56.207562      44.514799      -0.0000000000000000       0.0000000000000000        301
  59.339684      44.447448      -0.0000000000000000       0.0000000000000000        390
  62.468172      44.379759      -0.0000000000000000       0.0000000000000000        467
  65.593035      44.311937      -0.0000000000000000       0.0000000000000000        466
  68.714293      44.244181      -0.0000000000000000       0.0000000000000000        466
  71.831976      44.176694      -0.0000000000000000       0.0000000000000000        459
  74.946124      44.109674      -0.0000000000000000       0.0000000000000000        460
  78.056786      44.043319      -0.0000000000000000       0.0000000000000000        460
  81.164023      43.977824      -0.0000000000000000       0.0000000000000000        461
  84.267904      43.913380      -0.0000000000000000       0.0000000000000000        461
  87.368506      43.850174      -0.0000000000000000       0.0000000000000000        450
  90.465915      43.788391      -0.0000000000000000       0.0000000000000000        451
  93.560226      43.728210      -0.0000000000000000       0.0000000000000000        451
  96.651539      43.669804      -0.0000000000000000       0.0000000000000000        451
  99.739963      43.613342      -0.0000000000000000       0.0000000000000000        451
  102.825615      43.558985      -0.0000000000000000       0.0000000000000000        451
  105.908615      43.506890      -0.0000000000000000       0.0000000000000000        430
  108.989093      43.457205      -0.0000000000000000       0.0000000000000000        453
  112.067180      43.410072      -0.0000000000000000       0.0000000000000000        453
  115.143017      43.365625      -0.0000000000000000       0.0000000000000000        453
  118.216746      43.323990      -0.0000000000000000       0.0000000000000000        601
  121.288514      43.285285      -0.0000000000000000       0.0000000000000000        601
  124.358475      43.249620      -0.0000000000000000       0.0000000000000000        601
  127.426783      43.217094      -0.0000000000000000       0.0000000000000000        601
  130.493596      43.187800      -0.0000000000000000       0.0000000000000000        601
  133.559078      43.161820      -0.0000000000000000       0.0000000000000000        454
  136.623391      43.139227      -0.0000000000000000       0.0000000000000000          0
  139.686702      43.120084      -0.0000000000000000       0.0000000000000000          0
  142.749180      43.104446      -0.0000000000000000       0.0000000000000000          0
  145.810994      43.092355      -0.0000000000000000       0.0000000000000000          0
  46.687969      42.106724      -0.0000000000000000       0.0000000000000000        301
  49.829408      42.041621      -0.0000000000000000       0.0000000000000000        301
  52.967570      41.975574      -0.0000000000000000       0.0000000000000000        301
  56.102431      41.908782      -0.0000000000000000       0.0000000000000000        301
  59.233979      41.841445      -0.0000000000000000       0.0000000000000000        301
  62.362211      41.773765      -0.0000000000000000       0.0000000000000000        467
  65.487134      41.705943      -0.0000000000000000       0.0000000000000000        467
  68.608765      41.638182      -0.0000000000000000       0.0000000000000000        466
  71.727132      41.570683      -0.0000000000000000       0.0000000000000000        466
  74.842270      41.503644      -0.0000000000000000       0.0000000000000000        466
  77.954225      41.437264      -0.0000000000000000       0.0000000000000000        466
  81.063050      41.371738      -0.0000000000000000       0.0000000000000000        580
  84.168809      41.307256      -0.0000000000000000       0.0000000000000000        580
  87.271571      41.244009      -0.0000000000000000       0.0000000000000000        580
  90.371415      41.182179      -0.0000000000000000       0.0000000000000000        580
  93.468426      41.121947      -0.0000000000000000       0.0000000000000000        451
  96.562697      41.063487      -0.0000000000000000       0.0000000000000000        451
  99.654327      41.006968      -0.0000000000000000       0.0000000000000000        451
  102.743422      40.952552      -0.0000000000000000       0.0000000000000000        451
  105.830092      40.900396      -0.0000000000000000       0.0000000000000000        451
  108.914453      40.850649      -0.0000000000000000       0.0000000000000000        601
  111.996629      40.803454      -0.0000000000000000       0.0000000000000000        601
  115.076746      40.758946      -0.0000000000000000       0.0000000000000000        601
  118.154934      40.717251      -0.0000000000000000       0.0000000000000000        601
  121.231329      40.678489      -0.0000000000000000       0.0000000000000000        601
  124.306069      40.642768      -0.0000000000000000       0.0000000000000000        601
  127.379297      40.610190      -0.0000000000000000       0.0000000000000000        601
  130.451157      40.580848      -0.0000000000000000       0.0000000000000000          0
  133.521798      40.554825      -0.0000000000000000       0.0000000000000000          0
  136.591369      40.532193      -0.0000000000000000       0.0000000000000000          0
  139.660024      40.513017      -0.0000000000000000       0.0000000000000000        626
  142.727916      40.497351      -0.0000000000000000       0.0000000000000000        625
  145.795200      40.485239      -0.0000000000000000       0.0000000000000000          0
  46.594484      39.500541      -0.0000000000000000       0.0000000000000000        526
  49.734501      39.435470      -0.0000000000000000       0.0000000000000000        301
  52.871531      39.369449      -0.0000000000000000       0.0000000000000000        301
  56.005553      39.302676      -0.0000000000000000       0.0000000000000000        301
  59.136553      39.235353      -0.0000000000000000       0.0000000000000000        301
  62.264530      39.167681      -0.0000000000000000       0.0000000000000000        301
  65.389489      39.099861      -0.0000000000000000       0.0000000000000000        301
  68.511446      39.032095      -0.0000000000000000       0.0000000000000000        467
  71.630424      38.964584      -0.0000000000000000       0.0000000000000000        590
  74.746458      38.897528      -0.0000000000000000       0.0000000000000000        590
  77.859587      38.831125      -0.0000000000000000       0.0000000000000000        580
  80.969861      38.765570      -0.0000000000000000       0.0000000000000000        580
  84.077336      38.701055      -0.0000000000000000       0.0000000000000000        580
  87.182076      38.637769      -0.0000000000000000       0.0000000000000000        580
  90.284153      38.575896      -0.0000000000000000       0.0000000000000000        456
  93.383644      38.515617      -0.0000000000000000       0.0000000000000000        456
  96.480634      38.457107      -0.0000000000000000       0.0000000000000000        456
  99.575213      38.400535      -0.0000000000000000       0.0000000000000000        456
  102.667476      38.346064      -0.0000000000000000       0.0000000000000000        451
  105.757526      38.293852      -0.0000000000000000       0.0000000000000000        451
  108.845468      38.244049      -0.0000000000000000       0.0000000000000000        601
  111.931414      38.196797      -0.0000000000000000       0.0000000000000000        601
  115.015480      38.152232      -0.0000000000000000       0.0000000000000000        601
  118.097784      38.110482      -0.0000000000000000       0.0000000000000000        601
  121.178450      38.071666      -0.0000000000000000       0.0000000000000000        601
  124.257605      38.035894      -0.0000000000000000       0.0000000000000000        601
  127.335379      38.003269      -0.0000000000000000       0.0000000000000000        601
  130.411903      37.973882      -0.0000000000000000       0.0000000000000000          0
  133.487314      37.947819      -0.0000000000000000       0.0000000000000000          0
  136.561748      37.925151      -0.0000000000000000       0.0000000000000000          0
  139.635344      37.905944      -0.0000000000000000       0.0000000000000000          0
  142.708244      37.890253      -0.0000000000000000       0.0000000000000000        625
  145.780588      37.878121      -0.0000000000000000       0.0000000000000000          0
  46.507760      36.894289      -0.0000000000000000       0.0000000000000000        505
  49.646443      36.829247      -0.0000000000000000       0.0000000000000000        505
  52.782408      36.763250      -0.0000000000000000       0.0000000000000000        505
  55.915634      36.696496      -0.0000000000000000       0.0000000000000000        505
  59.046110      36.629186      -0.0000000000000000       0.0000000000000000        505
  62.173833      36.561521      -0.0000000000000000       0.0000000000000000        301
  65.298810      36.493702      -0.0000000000000000       0.0000000000000000        301
  68.421053      36.425932      -0.0000000000000000       0.0000000000000000        301
  71.540584      36.358411      -0.0000000000000000       0.0000000000000000        591
  74.657434      36.291339      -0.0000000000000000       0.0000000000000000        591
  77.771639      36.224915      -0.0000000000000000       0.0000000000000000          0
  80.883244      36.159333      -0.0000000000000000       0.0000000000000000        457
  83.992300      36.094787      -0.0000000000000000       0.0000000000000000        457
  87.098866      36.031465      -0.0000000000000000       0.0000000000000000        457
  90.203006      35.969553      -0.0000000000000000       0.0000000000000000        457
  93.304791      35.909231      -0.0000000000000000       0.0000000000000000        457
  96.404298      35.850674      -0.0000000000000000       0.0000000000000000        456
  99.501608      35.794053      -0.0000000000000000       0.0000000000000000        457
  102.596810      35.739531      -0.0000000000000000       0.0000000000000000        456
  105.689996      35.687267      -0.0000000000000000       0.0000000000000000        456
  108.781262      35.637411      -0.0000000000000000       0.0000000000000000        601
  111.870710      35.590106      -0.0000000000000000       0.0000000000000000        601
  114.958445      35.545489      -0.0000000000000000       0.0000000000000000        601
  118.044575      35.503687      -0.0000000000000000       0.0000000000000000        601
  121.129213      35.464821      -0.0000000000000000       0.0000000000000000        601
  124.212475      35.429002      -0.0000000000000000       0.0000000000000000        601
  127.294479      35.396332      -0.0000000000000000       0.0000000000000000        601
  130.375344      35.366904      -0.0000000000000000       0.0000000000000000          0
  133.455195      35.340803      -0.0000000000000000       0.0000000000000000          0
  136.534156      35.318102      -0.0000000000000000       0.0000000000000000          0
  139.612355      35.298867      -0.0000000000000000       0.0000000000000000        629
  142.689918      35.283151      -0.0000000000000000       0.0000000000000000          0
  145.766976      35.271001      -0.0000000000000000       0.0000000000000000          0
  46.426768      34.287978      -0.0000000000000000       0.0000000000000000          0
  49.564192      34.222963      -0.0000000000000000       0.0000000000000000        505
  52.699147      34.156989      -0.0000000000000000       0.0000000000000000        505
  55.831616      34.090253      -0.0000000000000000       0.0000000000000000        505
  58.961588      34.022955      -0.0000000000000000       0.0000000000000000        505
  62.089060      33.955297      -0.0000000000000000       0.0000000000000000        506
  65.214039      33.887479      -0.0000000000000000       0.0000000000000000        506
  68.336535      33.819705      -0.0000000000000000       0.0000000000000000      50601
  71.456569      33.752175      -3.2966103360959238       1.1701096003647373        517
  74.574169      33.685089      -2.4470240557930030       0.8244466065531567        606
  77.689367      33.618644      -2.3812734903664703       0.8961806139138198        606
  80.802204      33.553038      -0.0000000000000000       0.0000000000000000          0
  83.912727      33.488463      -2.2290618134011098       1.0323438498785746        606
  87.020989      33.425108      -2.1430774068139291       1.0964187004982551        606
  90.127048      33.363158      -2.0508550360006512       1.1576029618981620        606
  93.230970      33.302796      -0.0000000000000000       0.0000000000000000          0
  96.332823      33.244196      -0.0000000000000000       0.0000000000000000          0
  99.432683      33.187529      -0.0000000000000000       0.0000000000000000        457
  102.530628      33.132960      -0.0000000000000000       0.0000000000000000        602
  105.626742      33.080647      -0.0000000000000000       0.0000000000000000        602
  108.721115      33.030741      -0.0000000000000000       0.0000000000000000        602
  111.813836      32.983386      -0.0000000000000000       0.0000000000000000        601
  114.905003      32.938720      -0.0000000000000000       0.0000000000000000        601
  117.994714      32.896871      -0.0000000000000000       0.0000000000000000        601
  121.083070      32.857958      -0.0000000000000000       0.0000000000000000        601
  124.170177      32.822094      -0.0000000000000000       0.0000000000000000        601
  127.256142      32.789383      -0.0000000000000000       0.0000000000000000        601
  130.341074      32.759916      -0.0000000000000000       0.0000000000000000          0
  133.425085      32.733780      -0.0000000000000000       0.0000000000000000          0
  136.508289      32.711048      -0.0000000000000000       0.0000000000000000          0
  139.590801      32.691785      -0.0000000000000000       0.0000000000000000          0
  142.672736      32.676047      -0.0000000000000000       0.0000000000000000          0
  145.754213      32.663879      -0.0000000000000000       0.0000000000000000          0
  46.350652      31.681616      -2.8603034190710259      -0.2599079229941175        503
  49.486880      31.616628      -0.0000000000000000       0.0000000000000000          0
  52.620875      31.550675      -0.0000000000000000       0.0000000000000000        505
  55.752620      31.483955      -0.0000000000000000       0.0000000000000000        505
  58.882106      31.416669      -0.0000000000000000       0.0000000000000000        505
  62.009330      31.349018      -0.0000000000000000       0.0000000000000000      50601
  65.134297      31.281202      -0.0000000000000000       0.0000000000000000      50601
  68.257019      31.213424      -0.0000000000000000       0.0000000000000000        501
  71.377515      31.145885      -0.0000000000000000       0.0000000000000000        501
  74.495807      31.078785      -0.0000000000000000       0.0000000000000000        501
  77.611928      31.012323      -0.0000000000000000       0.0000000000000000        501
  80.725914      30.946694      -2.3104078843198104       0.9155743789250694        606
  83.837807      30.882091      -2.2310543760322217       0.9776709163349606        606
  86.947655      30.818704      -2.1451797133634951       1.0372155890427059        606
  90.055512      30.756720      -2.0530478933379421       1.0940590116269389        606
  93.161436      30.696319      -1.9549398876632185       1.1480615280988613        606
  96.265491      30.637679      -1.8511527428760783       1.1990932778111714        606
  99.367743      30.580969      -0.0000000000000000       0.0000000000000000        602
  102.468265      30.526355      -0.0000000000000000       0.0000000000000000        602
  105.567133      30.473996      -0.0000000000000000       0.0000000000000000        602
  108.664426      30.424044      -0.0000000000000000       0.0000000000000000        602
  111.760227      30.376643      -0.0000000000000000       0.0000000000000000        602
  114.854624      30.331930      -0.0000000000000000       0.0000000000000000        602
  117.947705      30.290035      -0.0000000000000000       0.0000000000000000        602
  121.039563      30.251079      -0.0000000000000000       0.0000000000000000        602
  124.130292      30.215173      -0.0000000000000000       0.0000000000000000        602
  127.219990      30.182422      -0.0000000000000000       0.0000000000000000        602
  130.308755      30.152919      -0.0000000000000000       0.0000000000000000          0
  133.396688      30.126749      -0.0000000000000000       0.0000000000000000          0
  136.483892      30.103988      -0.0000000000000000       0.0000000000000000          0
  139.570471      30.084700      -0.0000000000000000       0.0000000000000000          0
  142.656530      30.068941      -0.0000000000000000       0.0000000000000000          0
  145.742174      30.056757      -0.0000000000000000       0.0000000000000000          0
  46.278695      29.075212      -2.8539092279841825       0.0033029392345330        503
  49.413784      29.010248      -3.1281882083447852       0.0893033957700017        503
  52.546860      28.944316      -0.0000000000000000       0.0000000000000000          0
  55.677909      28.877612      -0.0000000000000000       0.0000000000000000        505
  58.806924      28.810338      -0.0000000000000000       0.0000000000000000        505
  61.933902      28.742692      -0.0000000000000000       0.0000000000000000        505
  65.058848      28.674878      -0.0000000000000000       0.0000000000000000      50601
  68.181773      28.607097      -0.0000000000000000       0.0000000000000000        501
  71.302693      28.539550      -0.0000000000000000       0.0000000000000000        501
  74.421631      28.472437      -0.0000000000000000       0.0000000000000000        501
  77.538615      28.405957      -0.0000000000000000       0.0000000000000000        501
  80.653677      28.340306      -0.0000000000000000       0.0000000000000000        501
  83.766858      28.275678      -2.2329378033543632       0.9212740339850757        606
  86.878199      28.212262      -2.1471676148876884       0.9761473305827534        606
  89.987749      28.150245      -2.0551221222442111       1.0285132536532595        606
  93.095562      28.089808      -1.9570813434556507       1.0782446965389185        606
  96.201694      28.031129      -1.8533415971631693       1.1252237194291377        606
  99.306206      27.974378      -0.0000000000000000       0.0000000000000000        602
  102.409163      27.919722      -0.0000000000000000       0.0000000000000000        602
  105.510633      27.867320      -0.0000000000000000       0.0000000000000000        602
  108.610689      27.817323      -0.0000000000000000       0.0000000000000000        602
  111.709405      27.769878      -0.0000000000000000       0.0000000000000000        602
  114.806860      27.725122      -0.0000000000000000       0.0000000000000000        602
  117.903132      27.683184      -0.0000000000000000       0.0000000000000000        602
  120.998307      27.644186      -0.0000000000000000       0.0000000000000000        602
  124.092468      27.608241      -0.0000000000000000       0.0000000000000000        602
  127.185703      27.575452      -0.0000000000000000       0.0000000000000000          0
  130.278101      27.545914      -0.0000000000000000       0.0000000000000000          0
  133.369753      27.519713      -0.0000000000000000       0.0000000000000000          0
  136.460750      27.496924      -0.0000000000000000       0.0000000000000000          0
  139.551186      27.477612      -0.0000000000000000       0.0000000000000000          0
  142.641156      27.461833      -0.0000000000000000       0.0000000000000000          0
  145.730754      27.449633      -0.0000000000000000       0.0000000000000000          0
  46.210292      26.468772      -2.8478265650855441       0.2668781750829334        503
  49.344287      26.403831      -3.1222066387856073       0.3461078358778688        503
  52.476479      26.337918      -3.3870980609259469       0.4315990267577731        503
  55.606857      26.271230      -0.0000000000000000       0.0000000000000000          0
  58.735414      26.203966      -0.0000000000000000       0.0000000000000000      50602
  61.862148      26.136327      -0.0000000000000000       0.0000000000000000      50602
  64.987064      26.068515      -0.0000000000000000       0.0000000000000000      50602
  68.110172      26.000730      -0.0000000000000000       0.0000000000000000        501
  71.231487      25.933176      -0.0000000000000000       0.0000000000000000        501
  74.351029      25.866051      -0.0000000000000000       0.0000000000000000        501
  77.468824      25.799555      -0.0000000000000000       0.0000000000000000        501
  80.584903      25.733883      -0.0000000000000000       0.0000000000000000        501
  83.699300      25.669230      -0.0000000000000000       0.0000000000000000        501
  86.812054      25.605786      -0.0000000000000000       0.0000000000000000        501
  89.923209      25.543738      -0.0000000000000000       0.0000000000000000        501
  93.032813      25.483267      -0.0000000000000000       0.0000000000000000        501
  96.140916      25.424551      -0.0000000000000000       0.0000000000000000       7250
  99.247574      25.367762       0.0689970308565416      -0.1164424410560232        603
  102.352845      25.313066      -0.0000000000000000       0.0000000000000000        602
  105.456790      25.260622      -0.0000000000000000       0.0000000000000000        602
  108.559473      25.210583      -0.0000000000000000       0.0000000000000000        602
  111.660963      25.163096      -0.0000000000000000       0.0000000000000000        602
  114.761327      25.118298      -0.0000000000000000       0.0000000000000000        602
  117.860639      25.076319      -0.0000000000000000       0.0000000000000000        602
  120.958973      25.037281      -0.0000000000000000       0.0000000000000000        602
  124.056403      25.001298      -0.0000000000000000       0.0000000000000000          0
  127.153009      24.968474      -0.0000000000000000       0.0000000000000000          0
  130.248870      24.938903      -0.0000000000000000       0.0000000000000000          0
  133.344066      24.912672      -0.0000000000000000       0.0000000000000000          0
  136.438680      24.889856      -0.0000000000000000       0.0000000000000000          0
  139.532794      24.870521      -0.0000000000000000       0.0000000000000000          0
  142.626493      24.854724      -0.0000000000000000       0.0000000000000000          0
  145.719861      24.842509      -0.0000000000000000       0.0000000000000000          0
  46.144921      23.862300      -2.8420097342270121       0.5302452646344760        503
  49.277862      23.797382      -3.1164851813772172       0.6025784865368620        503
  52.409201      23.731488      -3.3815118865806078       0.6805680774777565        503
  55.538929      23.664814      -3.6363124732852441       0.7639187157613400        503
  58.667038      23.597561      -0.0000000000000000       0.0000000000000000      50602
  61.793530      23.529928      -0.0000000000000000       0.0000000000000000      50602
  64.918408      23.462117      -0.0000000000000000       0.0000000000000000          0
  68.041681      23.394330      -0.0000000000000000       0.0000000000000000        501
  71.163364      23.326768      -0.0000000000000000       0.0000000000000000        501
  74.283476      23.259632      -0.0000000000000000       0.0000000000000000        501
  77.402040      23.193120      -0.0000000000000000       0.0000000000000000        501
  80.519082      23.127429      -0.0000000000000000       0.0000000000000000        501
  83.634635      23.062753      -0.0000000000000000       0.0000000000000000        501
  86.748734      22.999282      -0.0000000000000000       0.0000000000000000        501
  89.861418      22.937204      -0.0000000000000000       0.0000000000000000        501
  92.972729      22.876700      -0.0000000000000000       0.0000000000000000        607
  96.082714      22.817949      -0.0000000000000000       0.0000000000000000       7250
  99.191420      22.761123       0.0691149983765036      -0.1127466985881278        603
  102.298901      22.706388       0.0103942490635226      -0.0695099815743418      60401
  105.405211      22.653905      -0.0000000000000000       0.0000000000000000        602
  108.510407      22.603826      -0.0000000000000000       0.0000000000000000        602
  111.614549      22.556298      -0.0000000000000000       0.0000000000000000        602
  114.717698      22.511460      -0.0000000000000000       0.0000000000000000        602
  117.819919      22.469442      -0.0000000000000000       0.0000000000000000        602
  120.921277      22.430367      -0.0000000000000000       0.0000000000000000        602
  124.021838      22.394347      -0.0000000000000000       0.0000000000000000          0
  127.121673      22.361489      -0.0000000000000000       0.0000000000000000          0
  130.220851      22.331887      -0.0000000000000000       0.0000000000000000          0
  133.319443      22.305627      -0.0000000000000000       0.0000000000000000          0
  136.417523      22.282785      -0.0000000000000000       0.0000000000000000          0
  139.515162      22.263429      -0.0000000000000000       0.0000000000000000          0
  142.612435      22.247613      -0.0000000000000000       0.0000000000000000          0
  145.709418      22.235383      -0.0000000000000000       0.0000000000000000          0
  46.082130      21.255802      -2.8364190654467585       0.7928365959907452        503
  49.214051      21.190906      -3.1109849797802274       0.8581596947381128        503
  52.344563      21.125030      -3.3761405236232704       0.9285209587240335        503
  55.473657      21.058370      -3.6311066955609106       1.0036488886470210        503
  58.601329      20.991127      -0.0000000000000000       0.0000000000000000          0
  61.727579      20.923500      -0.0000000000000000       0.0000000000000000          0
  64.852412      20.855691      -0.0000000000000000       0.0000000000000000          0
  67.975836      20.787901      -0.0000000000000000       0.0000000000000000          0
  71.097865      20.720332      -0.0000000000000000       0.0000000000000000        501
  74.218516      20.653185      -0.0000000000000000       0.0000000000000000        501
  77.337810      20.586658      -0.0000000000000000       0.0000000000000000        501
  80.455772      20.520948      -0.0000000000000000       0.0000000000000000        501
  83.572430      20.456250      -0.0000000000000000       0.0000000000000000        501
  86.687815      20.392753      -0.0000000000000000       0.0000000000000000        501
  89.801962      20.330646      -0.0000000000000000       0.0000000000000000          0
  92.914910      20.270112      -0.0000000000000000       0.0000000000000000        607
  96.026699      20.211327      -0.0000000000000000       0.0000000000000000       7250
  99.137372      20.154465       0.0692284810619546      -0.1088241236933654        603
  102.246975      20.099694       0.0109738729309822      -0.0392267033798102      60401
  105.355556      20.047172      -0.0237240907459913      -0.0384969696286518      60405
  108.463167      19.997055      -0.0000000000000000       0.0000000000000000      60201
  111.569858      19.949488      -0.0000000000000000       0.0000000000000000        602
  114.675686      19.904611      -0.0000000000000000       0.0000000000000000        602
  117.780704      19.862556      -0.0000000000000000       0.0000000000000000          0
  120.884971      19.823444      -0.0000000000000000       0.0000000000000000          0
  123.988546      19.787389      -0.0000000000000000       0.0000000000000000          0
  127.091489      19.754498      -0.0000000000000000       0.0000000000000000          0
  130.193861      19.724866      -0.0000000000000000       0.0000000000000000          0
  133.295723      19.698578      -0.0000000000000000       0.0000000000000000          0
  136.397140      19.675712      -0.0000000000000000       0.0000000000000000          0
  139.498175      19.656334      -0.0000000000000000       0.0000000000000000          0
  142.598892      19.640500      -0.0000000000000000       0.0000000000000000          0
  145.699356      19.628257      -0.0000000000000000       0.0000000000000000          0
  46.021525      18.649282      -2.8310197246956328       1.0540899006815239        503
  49.152454      18.584407      -3.1056718966489503       1.1123017760081635        503
  52.282160      18.518548      -3.3709507682963933       1.1749219455992164        503
  55.410635      18.451902      -3.6260757935442691       1.2417029044422918        503
  58.537876      18.384668      -0.0000000000000000       0.0000000000000000          0
  61.663885      18.317047      -0.0000000000000000       0.0000000000000000          0
  64.788666      18.249240      -0.0000000000000000       0.0000000000000000          0
  67.912228      18.181448      -0.0000000000000000       0.0000000000000000          0
  71.034583      18.113873      -0.0000000000000000       0.0000000000000000        501
  74.155748      18.046715      -0.0000000000000000       0.0000000000000000        501
  77.275741      17.980174      -0.0000000000000000       0.0000000000000000        501
  80.394583      17.914446      -0.0000000000000000       0.0000000000000000        501
  83.512301      17.849726      -0.0000000000000000       0.0000000000000000        501
  86.628923      17.786205      -0.0000000000000000       0.0000000000000000          0
  89.744479      17.724070      -0.0000000000000000       0.0000000000000000          0
  92.859003      17.663505      -0.0000000000000000       0.0000000000000000          0
  95.972530      17.604688      -0.0000000000000000       0.0000000000000000       7250
  99.085099      17.547792       0.0462329729752198      -0.0090285424594520      60301
  102.196750      17.492984       0.0115344913983427      -0.0088628475805674        604
  105.307524      17.440426      -0.0231882251775804      -0.0081554579235521        604
  108.417466      17.390271      -0.0578333493631604      -0.0069138215316861      60405
  111.526621      17.342667      -0.0000000000000000       0.0000000000000000          0
  114.635035      17.297753      -0.0000000000000000       0.0000000000000000          0
  117.742758      17.255661      -0.0000000000000000       0.0000000000000000          0
  120.849839      17.216514      -0.0000000000000000       0.0000000000000000          0
  123.956327      17.180426      -0.0000000000000000       0.0000000000000000          0
  127.062276      17.147503      -0.0000000000000000       0.0000000000000000          0
  130.167738      17.117841      -0.0000000000000000       0.0000000000000000          0
  133.272765      17.091526      -0.0000000000000000       0.0000000000000000          0
  136.377411      17.068636      -0.0000000000000000       0.0000000000000000          0
  139.481732      17.049238      -0.0000000000000000       0.0000000000000000          0
  142.585782      17.033387      -0.0000000000000000       0.0000000000000000          0
  145.689616      17.021131      -0.0000000000000000       0.0000000000000000          0
  45.962753      16.042742      -2.8257807601976381       1.3134488417377586        503
  49.092714      15.977888      -3.1005155828883719       1.3644615193530432        503
  52.221631      15.912046      -3.3659130849064858       1.4192423373510838        503
  55.349498      15.845414      -3.6211912444317238       1.4775679251330782        503
  58.476314      15.778189      -0.0000000000000000       0.0000000000000000          0
  61.602081      15.710574      -0.0000000000000000       0.0000000000000000          0
  64.726805      15.642768      -0.0000000000000000       0.0000000000000000          0
  67.850494      15.574974      -0.0000000000000000       0.0000000000000000          0
  70.973159      15.507393      -0.0000000000000000       0.0000000000000000          0
  74.094815      15.440225      -0.0000000000000000       0.0000000000000000        501
  77.215478      15.373670      -0.0000000000000000       0.0000000000000000        501
  80.335169      15.307924      -0.0000000000000000       0.0000000000000000        501
  83.453911      15.243184      -0.0000000000000000       0.0000000000000000          0
  86.571727      15.179639      -0.0000000000000000       0.0000000000000000          0
  89.688645      15.117477      -0.0000000000000000       0.0000000000000000          0
  92.804694      15.056883      -0.0000000000000000       0.0000000000000000          0
  95.919905      14.998034      -0.0000000000000000       0.0000000000000000          0
  99.034311      14.941105       0.0694447001875706      -0.1003301554791060        603
  102.147946      14.886263       0.0120792408463761       0.0215186861364646        604
  105.260847      14.833669      -0.0226674566347015       0.0222050208250338        604
  108.373050      14.783478      -0.0573395093241744       0.0233440388328257        604
  111.484595      14.735837      -0.0000000000000000       0.0000000000000000        612
  114.595522      14.690887      -0.0000000000000000       0.0000000000000000          0
  117.705871      14.648759      -0.0000000000000000       0.0000000000000000          0
  120.815683      14.609578      -0.0000000000000000       0.0000000000000000          0
  123.925003      14.573457      -0.0000000000000000       0.0000000000000000          0
  127.033873      14.540503      -0.0000000000000000       0.0000000000000000          0
  130.142337      14.510812      -0.0000000000000000       0.0000000000000000          0
  133.250440      14.484472      -0.0000000000000000       0.0000000000000000          0
  136.358226      14.461559      -0.0000000000000000       0.0000000000000000          0
  139.465742      14.442140      -0.0000000000000000       0.0000000000000000          0
  142.573032      14.426273      -0.0000000000000000       0.0000000000000000          0
  145.680144      14.414004      -0.0000000000000000       0.0000000000000000          0
  45.905501      13.436187      -2.8206743270133257       1.5703637154584977        503
  49.034512      13.371353      -3.0954887203071122       1.6141028172289431        503
  52.162653      13.305528      -0.0000000000000000       0.0000000000000000          0
  55.289921      13.238908      -0.0000000000000000       0.0000000000000000          0
  58.416316      13.171694      -0.0000000000000000       0.0000000000000000          0
  61.541841      13.104084      -0.0000000000000000       0.0000000000000000          0
  64.666502      13.036280      -0.0000000000000000       0.0000000000000000          0
  67.790307      12.968484      -0.0000000000000000       0.0000000000000000          0
  70.913267      12.900896      -0.0000000000000000       0.0000000000000000          0
  74.035394      12.833719      -0.0000000000000000       0.0000000000000000        501
  77.156706      12.767150      -0.0000000000000000       0.0000000000000000        501
  80.277218      12.701388      -0.0000000000000000       0.0000000000000000        501
  83.396951      12.636627      -0.0000000000000000       0.0000000000000000          0
  86.515926      12.573058      -0.0000000000000000       0.0000000000000000          0
  89.634167      12.510871      -0.0000000000000000       0.0000000000000000          0
  92.751699      12.450248      -0.0000000000000000       0.0000000000000000          0
  95.868548      12.391369      -0.0000000000000000       0.0000000000000000          0
  98.984742      12.334407       0.0695486155054514      -0.0957758555051956      60302
  102.100309      12.279531       0.0126109541648579       0.0518549635562509      60402
  105.215282      12.226902      -0.0221590824357141       0.0525214746863963        604
  108.329689      12.176676      -0.0568573622607731       0.0535579093802174        604
  111.443565      12.129000      -0.0000000000000000       0.0000000000000000          0
  114.556940      12.084014      -0.0000000000000000       0.0000000000000000          0
  117.669851      12.041852      -0.0000000000000000       0.0000000000000000        613
  120.782329      12.002637      -0.0000000000000000       0.0000000000000000        677
  123.894412      11.966484      -0.0000000000000000       0.0000000000000000          0
  127.006133      11.933500      -0.0000000000000000       0.0000000000000000          0
  130.117528      11.903781      -0.0000000000000000       0.0000000000000000          0
  133.228634      11.877415      -0.0000000000000000       0.0000000000000000          0
  136.339486      11.854480      -0.0000000000000000       0.0000000000000000          0
  139.450122      11.835042      -0.0000000000000000       0.0000000000000000          0
  142.560578      11.819159      -0.0000000000000000       0.0000000000000000          0
  145.670891      11.806877      -0.0000000000000000       0.0000000000000000          0
  45.849481      10.829620      -0.0000000000000000       0.0000000000000000          0
  48.977556      10.764805      -1.2060187058871790       0.9829154649179992        709
  52.104931      10.698996      -0.0000000000000000       0.0000000000000000          0
  55.231606      10.632390      -0.0000000000000000       0.0000000000000000          0
  58.357583      10.565184      -0.0000000000000000       0.0000000000000000          0
  61.482864      10.497580      -0.0000000000000000       0.0000000000000000          0
  64.607457      10.429778      -0.0000000000000000       0.0000000000000000          0
  67.731369      10.361980      -0.0000000000000000       0.0000000000000000          0
  70.854611      10.294387      -0.0000000000000000       0.0000000000000000          0
  73.977194      10.227200      -0.0000000000000000       0.0000000000000000          0
  77.099133      10.160618      -0.0000000000000000       0.0000000000000000        501
  80.220443      10.094839      -0.0000000000000000       0.0000000000000000        502
  83.341142      10.030058      -0.0000000000000000       0.0000000000000000          0
  86.461247       9.966467      -0.0000000000000000       0.0000000000000000          0
  89.580779       9.904254      -0.0000000000000000       0.0000000000000000          0
  92.699759       9.843603      -0.0000000000000000       0.0000000000000000          0
  95.818208       9.784694      -0.0000000000000000       0.0000000000000000          0
  98.936149       9.727700       0.0696504317116480      -0.0910288612936542      60302
  102.053608       9.672791       0.0131322243250917       0.0820831447247002      60402
  105.170607       9.620128      -0.0216606277768182       0.0827310240718617      60402
  108.287172       9.569867      -0.0563845648922421       0.0836650514438086        604
  111.403329       9.522156      -0.0000000000000000       0.0000000000000000        613
  114.519104       9.477136      -0.0000000000000000       0.0000000000000000        613
  117.634524       9.434940      -0.0000000000000000       0.0000000000000000        677
  120.749615       9.395692      -0.0000000000000000       0.0000000000000000          0
  123.864405       9.359508      -0.0000000000000000       0.0000000000000000          0
  126.978921       9.326494      -12.7808294438594570      -3.6187407461155585        678
  130.093191       9.296748      -0.0000000000000000       0.0000000000000000          0
  133.207242       9.270357      -0.0000000000000000       0.0000000000000000          0
  136.321101       9.247400      -0.0000000000000000       0.0000000000000000          0
  139.434798       9.227943      -0.0000000000000000       0.0000000000000000          0
  142.548359       9.212043      -0.0000000000000000       0.0000000000000000          0
  145.661813       9.199749      -0.0000000000000000       0.0000000000000000          0
  45.794427       8.223042      -1.2163938162479957       0.9706618721921476        709
  48.921577       8.158247      -1.2062334212267258       0.9800291808504101        709
  52.048194       8.092454      -0.0000000000000000       0.0000000000000000          0
  55.174280       8.025861      -0.0000000000000000       0.0000000000000000          0
  58.299838       7.958664      -0.0000000000000000       0.0000000000000000          0
  61.424874       7.891066      -0.0000000000000000       0.0000000000000000          0
  64.549393       7.823265      -0.0000000000000000       0.0000000000000000          0
  67.673404       7.755465      -0.0000000000000000       0.0000000000000000          0
  70.796917       7.687866      -0.0000000000000000       0.0000000000000000          0
  73.919942       7.620670      -0.0000000000000000       0.0000000000000000          0
  77.042493       7.554076      -0.0000000000000000       0.0000000000000000        501
  80.164582       7.488281      -0.0000000000000000       0.0000000000000000        502
  83.286225       7.423480      -0.0000000000000000       0.0000000000000000          0
  86.407436       7.359867      -0.0000000000000000       0.0000000000000000          0
  89.528233       7.297629      -0.0000000000000000       0.0000000000000000          0
  92.648633       7.236950      -0.0000000000000000       0.0000000000000000          0
  95.768652       7.178012      -0.0000000000000000       0.0000000000000000          0
  98.888310       7.120987       0.0010538978985829      -0.0003615690127602        647
  102.007625       7.066045       0.0006513094934230      -0.0003602016830462      64701
  105.126616       7.013349      -0.0211697944643782       0.1127710286161035      60402
  108.245302       6.963053      -0.0559189402750814       0.1136029819200208      60402
  111.363703       6.915308      -0.0000000000000000       0.0000000000000000        613
  114.481838       6.870254      -0.0000000000000000       0.0000000000000000        613
  117.599727       6.828025      -0.0000000000000000       0.0000000000000000          0
  120.717390       6.788744      -0.0000000000000000       0.0000000000000000          0
  123.834845       6.752529      -0.0000000000000000       0.0000000000000000          0
  126.952114       6.719486      -0.0000000000000000       0.0000000000000000          0
  130.069214       6.689713      -0.0000000000000000       0.0000000000000000          0
  133.186165       6.663298      -0.0000000000000000       0.0000000000000000          0
  136.302987       6.640319      -0.0000000000000000       0.0000000000000000          0
  139.419699       6.620843      -0.0000000000000000       0.0000000000000000          0
  142.536319       6.604928      -0.0000000000000000       0.0000000000000000          0
  145.652867       6.592621      -0.0000000000000000       0.0000000000000000          0
  45.740094       5.616457      -1.2165384052103716       0.9688913658553600        709
  48.866324       5.551681      -0.0000000000000000       0.0000000000000000          0
  51.992186       5.485904      -0.0000000000000000       0.0000000000000000          0
  55.117685       5.419324      -0.0000000000000000       0.0000000000000000          0
  58.242825       5.352137      -0.0000000000000000       0.0000000000000000          0
  61.367611       5.284543      -0.0000000000000000       0.0000000000000000          0
  64.492051       5.216745      -0.0000000000000000       0.0000000000000000          0
  67.616153       5.148943      -0.0000000000000000       0.0000000000000000          0
  70.739927       5.081339      -0.0000000000000000       0.0000000000000000          0
  73.863383       5.014133      -0.0000000000000000       0.0000000000000000          0
  76.986532       4.947526      -0.0000000000000000       0.0000000000000000          0
  80.109385       4.881715      -0.0000000000000000       0.0000000000000000          0
  83.231955       4.816896      -0.0000000000000000       0.0000000000000000          0
  86.354254       4.753260      -0.0000000000000000       0.0000000000000000          0
  89.476296       4.690998      -0.0000000000000000       0.0000000000000000          0
  92.598094       4.630292      -0.0000000000000000       0.0000000000000000          0
  95.719661       4.571324       0.0014596496267168      -0.0000272863930154      67352
  98.841012       4.514269       0.0010599813416764      -0.0000253989370654      67301
  101.962158       4.459295       0.0006571943143234      -0.0000219459709197        647
  105.083115       4.406565       0.0002524822400996      -0.0000170062157449      64701
  108.203896       4.356236      -0.0554584358204855       0.1433095986586715      60402
  111.324513       4.308457      -0.0000000000000000       0.0000000000000000          0
  114.444979       4.263370      -0.0000000000000000       0.0000000000000000          0
  117.565308       4.221107      -0.0000000000000000       0.0000000000000000          0
  120.685512       4.181795      -0.0000000000000000       0.0000000000000000          0
  123.805603       4.145549      -0.0000000000000000       0.0000000000000000          0
  126.925592       4.112477      -0.0000000000000000       0.0000000000000000          0
  130.045491       4.082677      -11.4015821598890130      -5.9680458483653922        678
  133.165312       4.056238      -0.0000000000000000       0.0000000000000000          0
  136.285064       4.033237      -0.0000000000000000       0.0000000000000000          0
  139.404758       4.013742      -0.0000000000000000       0.0000000000000000          0
  142.524406       3.997812      -0.0000000000000000       0.0000000000000000          0
  145.644016       3.985493      -0.0000000000000000       0.0000000000000000          0
  45.686245       3.009867      -1.2166806258910825       0.9652208764376935        709
  48.811558       2.945110      -0.0000000000000000       0.0000000000000000          0
  51.936667       2.879349      -0.0000000000000000       0.0000000000000000          0
  55.061577       2.812781      -0.0000000000000000       0.0000000000000000          0
  58.186295       2.745604      -0.0000000000000000       0.0000000000000000          0
  61.310828       2.678016      -0.0000000000000000       0.0000000000000000          0
  64.435183       2.610219      -0.0000000000000000       0.0000000000000000          0
  67.559370       2.542416      -0.0000000000000000       0.0000000000000000          0
  70.683397       2.474806      -0.0000000000000000       0.0000000000000000          0
  73.807274       2.407592      -0.0000000000000000       0.0000000000000000          0
  76.931010       2.340972      -0.0000000000000000       0.0000000000000000          0
  80.054616       2.275145      -0.0000000000000000       0.0000000000000000          0
  83.178100       2.210307      -0.0000000000000000       0.0000000000000000          0
  86.301474       2.146650      -0.0000000000000000       0.0000000000000000          0
  89.424746       2.084362      -0.0000000000000000       0.0000000000000000          0
  92.547927       2.023630      -0.0000000000000000       0.0000000000000000          0
  95.671026       1.964634      -0.0000000000000000       0.0000000000000000          0
  98.794052       1.907547       0.0010660204931721       0.0003107449331333      67352
  101.917014       1.852541       0.0006630370846481       0.0003163084684673        647
  105.039919       1.799779       0.0002580916587365       0.0003223611488050      64701
  108.162775       1.749417      -0.0000000000000000       0.0000000000000000        614
  111.285590       1.701604      -0.0000000000000000       0.0000000000000000          0
  114.408370       1.656483      -0.0000000000000000       0.0000000000000000          0
  117.531120       1.614188      -0.0000000000000000       0.0000000000000000      61405
  120.653846       1.574844      -0.0000000000000000       0.0000000000000000          0
  123.776553       1.538567      -0.0000000000000000       0.0000000000000000          0
  126.899244       1.505467      -0.0000000000000000       0.0000000000000000          0
  130.021923       1.475641      -11.4123122379732910      -7.1709850058315414        678
  133.144592       1.449177      -0.0000000000000000       0.0000000000000000          0
  136.267255       1.426155      -0.0000000000000000       0.0000000000000000          0
  139.389913       1.406642      -0.0000000000000000       0.0000000000000000          0
  142.512568       1.390696      -0.0000000000000000       0.0000000000000000          0
  145.635220       1.378365      -0.0000000000000000       0.0000000000000000          0
  45.632653       0.403275      -0.0000000000000000       0.0000000000000000          0
  48.757048       0.338536      -0.0000000000000000       0.0000000000000000          0
  51.881401       0.272792      -0.0000000000000000       0.0000000000000000          0
  55.005719       0.206236      -0.0000000000000000       0.0000000000000000          0
  58.130012       0.139068      -0.0000000000000000       0.0000000000000000          0
  61.254286       0.071486      -0.0000000000000000       0.0000000000000000          0
  64.378552       0.003691      -0.0000000000000000       0.0000000000000000          0
  67.502817      -0.064114      -0.0000000000000000       0.0000000000000000          0
  70.627090      -0.131729      -0.0000000000000000       0.0000000000000000          0
  73.751380      -0.198952      -0.0000000000000000       0.0000000000000000          0
  76.875695      -0.265584      -0.0000000000000000       0.0000000000000000          0
  80.000044      -0.331427      -0.0000000000000000       0.0000000000000000          0
  83.124434      -0.396284      -0.0000000000000000       0.0000000000000000          0
  86.248873      -0.459963      -0.0000000000000000       0.0000000000000000          0
  89.373366      -0.522274      -0.0000000000000000       0.0000000000000000          0
  92.497921      -0.583033      -0.0000000000000000       0.0000000000000000          0
  95.622542      -0.642059      -0.0000000000000000       0.0000000000000000          0
  98.747235      -0.699175      -0.0000000000000000       0.0000000000000000          0
  101.872001      -0.754213       0.0006688622627692       0.0006538611076067      67301
  104.996846      -0.807008       0.0002636849044252       0.0006610439303378      64701
  108.121769      -0.857404      -0.0001422868793393       0.0006676297127392      64701
  111.246773      -0.905250      -0.0000000000000000       0.0000000000000000        614
  114.371856      -0.950404      -0.0000000000000000       0.0000000000000000        614
  117.497019      -0.992732      -0.0000000000000000       0.0000000000000000      61405
  120.622259      -1.032108      -0.0000000000000000       0.0000000000000000          0
  123.747573      -1.068414      -0.0000000000000000       0.0000000000000000          0
  126.872958      -1.101543      -0.0000000000000000       0.0000000000000000          0
  129.998409      -1.131396      -0.0000000000000000       0.0000000000000000          0
  133.123921      -1.157884      -0.0000000000000000       0.0000000000000000          0
  136.249487      -1.180928      -0.0000000000000000       0.0000000000000000          0
  139.375101      -1.200459      -0.0000000000000000       0.0000000000000000          0
  142.500756      -1.216420      -0.0000000000000000       0.0000000000000000          0
  145.626443      -1.228763      -0.0000000000000000       0.0000000000000000          0
>