>anchorPlateId 301
>reconstructionTime 60
>DeformingMeshPoints.gpml lat_lon_velocity_domain_28_32.gpml
>MeshNode <identity>GPlates-b7a3af0e-8119-4abb-9ae6-39bb7e5702ce</identity> <revision>GPlates-7b04c5e6-7801-49f1-bcc4-23d6f4e5417f</revision>
> reconstructionPlateId 0
> validTime TimePeriod <begin> TimeInstant <timePosition>http://gplates.org/times/distantPast</timePosition></begin> <end> TimeInstant <timePosition>http://gplates.org/times/distantFuture</timePosition></end>
  20.892107      69.717194      -0.0000000000000000       0.0000000000000000        302
  23.436033      69.975058      -0.0000000000000000       0.0000000000000000        302
  26.004231      70.241889      -0.0000000000000000       0.0000000000000000        302
  28.598615      70.517237      -0.0000000000000000       0.0000000000000000        302
  31.221220      70.800624      -0.0000000000000000       0.0000000000000000        302
  33.874221      71.091542      -0.0000000000000000       0.0000000000000000        302
  36.559932      71.389455      -0.0000000000000000       0.0000000000000000        302
  39.280822      71.693792      -0.0000000000000000       0.0000000000000000        302
  42.039520      72.003949      -0.0000000000000000       0.0000000000000000        302
  44.838825      72.319284      -0.0000000000000000       0.0000000000000000        302
  47.681711      72.639118      -0.0000000000000000       0.0000000000000000        302
  50.571335      72.962728      -0.0000000000000000       0.0000000000000000        302
  53.511037      73.289348      -0.0000000000000000       0.0000000000000000        373
  56.504344      73.618164      -0.0000000000000000       0.0000000000000000        373
  59.554962      73.948311      -0.0000000000000000       0.0000000000000000        372
  62.666771      74.278869      -0.0000000000000000       0.0000000000000000        372
  65.843804      74.608861      -0.0000000000000000       0.0000000000000000        372
  69.090226      74.937251      -0.0000000000000000       0.0000000000000000        372
  72.410297      75.262936      -0.0000000000000000       0.0000000000000000        372
  75.808319      75.584747      -0.0000000000000000       0.0000000000000000        404
  79.288573      75.901447      -0.0000000000000000       0.0000000000000000        404
  82.855233      76.211728      -0.0000000000000000       0.0000000000000000        404
  86.512260      76.514212      -0.0000000000000000       0.0000000000000000        404
  90.263268      76.807452      -0.0000000000000000       0.0000000000000000        404
  94.111370      77.089937      -0.0000000000000000       0.0000000000000000        404
  98.058995      77.360099      -0.0000000000000000       0.0000000000000000        404
  102.107684      77.616324      -0.0000000000000000       0.0000000000000000        404
  106.257863      77.856963      -0.0000000000000000       0.0000000000000000        404
  110.508618      78.080356      -0.0000000000000000       0.0000000000000000        401
  114.857461      78.284852      -0.0000000000000000       0.0000000000000000        401
  119.300131      78.468841      -0.0000000000000000       0.0000000000000000          0
  123.830434      78.630784      -0.0000000000000000       0.0000000000000000          0
  128.440149      78.769249      -0.0000000000000000       0.0000000000000000          0
  22.756624      67.201224      -0.0000000000000000       0.0000000000000000        302
  25.389685      67.465835      -0.0000000000000000       0.0000000000000000        302
  28.046551      67.739306      -0.0000000000000000       0.0000000000000000        302
  30.728980      68.021129      -0.0000000000000000       0.0000000000000000        302
  33.438820      68.310767      -0.0000000000000000       0.0000000000000000        302
  36.178024      68.607650      -0.0000000000000000       0.0000000000000000        302
  38.948646      68.911177      -0.0000000000000000       0.0000000000000000        302
  41.752846      69.220711      -0.0000000000000000       0.0000000000000000        302
  44.592896      69.535582      -0.0000000000000000       0.0000000000000000        302
  47.471174      69.855080      -0.0000000000000000       0.0000000000000000        302
  50.390170      70.178458      -0.0000000000000000       0.0000000000000000        302
  53.352478      70.504925      -0.0000000000000000       0.0000000000000000        302
  56.360792      70.833651      -0.0000000000000000       0.0000000000000000        373
  59.417897      71.163756      -0.0000000000000000       0.0000000000000000        372
  62.526655      71.494316      -0.0000000000000000       0.0000000000000000        372
  65.689987      71.824357      -0.0000000000000000       0.0000000000000000        372
  68.910848      72.152855      -0.0000000000000000       0.0000000000000000        372
  72.192195      72.478734      -0.0000000000000000       0.0000000000000000        372
  75.536947      72.800865      -0.0000000000000000       0.0000000000000000        401
  78.947937      73.118066      -0.0000000000000000       0.0000000000000000        401
  82.427849      73.429103      -0.0000000000000000       0.0000000000000000        401
  85.979151      73.732692      -0.0000000000000000       0.0000000000000000        401
  89.604008      74.027502      -0.0000000000000000       0.0000000000000000        401
  93.304190      74.312159      -0.0000000000000000       0.0000000000000000        401
  97.080967      74.585254      -0.0000000000000000       0.0000000000000000        401
  100.934993      74.845350      -0.0000000000000000       0.0000000000000000        401
  104.866187      75.090996      -0.0000000000000000       0.0000000000000000        401
  108.873614      75.320742      -0.0000000000000000       0.0000000000000000        401
  112.955370      75.533153      -0.0000000000000000       0.0000000000000000        401
  117.108478      75.726829      -0.0000000000000000       0.0000000000000000        401
  121.328811      75.900431      -0.0000000000000000       0.0000000000000000          0
  125.611042      76.052702      -0.0000000000000000       0.0000000000000000          0
  129.948639      76.182491      -0.0000000000000000       0.0000000000000000          0
  24.267146      64.667690      -0.0000000000000000       0.0000000000000000        302
  26.968847      64.937545      -0.0000000000000000       0.0000000000000000        302
  29.693405      65.216135      -0.0000000000000000       0.0000000000000000        302
  32.442409      65.502902      -0.0000000000000000       0.0000000000000000        302
  35.217519      65.797259      -0.0000000000000000       0.0000000000000000        302
  38.020466      66.098586      -0.0000000000000000       0.0000000000000000        302
  40.853055      66.406230      -0.0000000000000000       0.0000000000000000        302
  43.717163      66.719504      -0.0000000000000000       0.0000000000000000        302
  46.614736      67.037684      -0.0000000000000000       0.0000000000000000        302
  49.547788      67.360010      -0.0000000000000000       0.0000000000000000        302
  52.518394      67.685684      -0.0000000000000000       0.0000000000000000        302
  55.528685      68.013869      -0.0000000000000000       0.0000000000000000        302
  58.580837      68.343686      -0.0000000000000000       0.0000000000000000        302
  61.677056      68.674217      -0.0000000000000000       0.0000000000000000        302
  64.819564      69.004499      -0.0000000000000000       0.0000000000000000        302
  68.010580      69.333527      -0.0000000000000000       0.0000000000000000        372
  71.252289      69.660254      -0.0000000000000000       0.0000000000000000        401
  74.546818      69.983588      -0.0000000000000000       0.0000000000000000        401
  77.896195      70.302396      -0.0000000000000000       0.0000000000000000        401
  81.302307      70.615503      -0.0000000000000000       0.0000000000000000        401
  84.766855      70.921696      -0.0000000000000000       0.0000000000000000        401
  88.291295      71.219728      -0.0000000000000000       0.0000000000000000        401
  91.876779      71.508321      -0.0000000000000000       0.0000000000000000        401
  95.524087      71.786171      -0.0000000000000000       0.0000000000000000        401
  99.233559      72.051960      -0.0000000000000000       0.0000000000000000        401
  103.005020      72.304362      -0.0000000000000000       0.0000000000000000        401
  106.837712      72.542055      -0.0000000000000000       0.0000000000000000        401
  110.730221      72.763732      -0.0000000000000000       0.0000000000000000        401
  114.680422      72.968121      -0.0000000000000000       0.0000000000000000        401
  118.685428      73.153997      -0.0000000000000000       0.0000000000000000          0
  122.741559      73.320199      -0.0000000000000000       0.0000000000000000          0
  126.844335      73.465651      -0.0000000000000000       0.0000000000000000          0
  130.988487      73.589383      -0.0000000000000000       0.0000000000000000          0
  25.518856      62.121392      -0.0000000000000000       0.0000000000000000        302
  28.274865      62.395441      -0.0000000000000000       0.0000000000000000        302
  31.052556      62.678092      -0.0000000000000000       0.0000000000000000        302
  33.853363      62.968749      -0.0000000000000000       0.0000000000000000        302
  36.678766      63.266784      -0.0000000000000000       0.0000000000000000        302
  39.530300      63.571533      -0.0000000000000000       0.0000000000000000        302
  42.409546      63.882302      -0.0000000000000000       0.0000000000000000        302
  45.318132      64.198363      -0.0000000000000000       0.0000000000000000        302
  48.257732      64.518952      -0.0000000000000000       0.0000000000000000        302
  51.230052      64.843270      -0.0000000000000000       0.0000000000000000        302
  54.236831      65.170481      -0.0000000000000000       0.0000000000000000        302
  57.279828      65.499713      -0.0000000000000000       0.0000000000000000        302
  60.360815      65.830056      -0.0000000000000000       0.0000000000000000        302
  63.481556      66.160563      -0.0000000000000000       0.0000000000000000        302
  66.643796      66.490250      -0.0000000000000000       0.0000000000000000        390
  69.849240      66.818095      -0.0000000000000000       0.0000000000000000        401
  73.099528      67.143038      -0.0000000000000000       0.0000000000000000        401
  76.396212      67.463987      -0.0000000000000000       0.0000000000000000        401
  79.740718      67.779814      -0.0000000000000000       0.0000000000000000        401
  83.134321      68.089359      -0.0000000000000000       0.0000000000000000        401
  86.578096      68.391438      -0.0000000000000000       0.0000000000000000        401
  90.072886      68.684841      -0.0000000000000000       0.0000000000000000        401
  93.619249      68.968339      -0.0000000000000000       0.0000000000000000        401
  97.217416      69.240696      -0.0000000000000000       0.0000000000000000        401
  100.867244      69.500667      -0.0000000000000000       0.0000000000000000        401
  104.568163      69.747015      -0.0000000000000000       0.0000000000000000        401
  108.319138      69.978520      -0.0000000000000000       0.0000000000000000        401
  112.118626      70.193986      -0.0000000000000000       0.0000000000000000        401
  115.964541      70.392259      -0.0000000000000000       0.0000000000000000        401
  119.854238      70.572240      -0.0000000000000000       0.0000000000000000        401
  123.784497      70.732894      -0.0000000000000000       0.0000000000000000        401
  127.751526      70.873273      -0.0000000000000000       0.0000000000000000      43102
  131.750990      70.992523      -0.0000000000000000       0.0000000000000000      43101
  26.576110      59.565546      -0.0000000000000000       0.0000000000000000        302
  29.376089      59.843027      -0.0000000000000000       0.0000000000000000        302
  32.196491      60.128982      -0.0000000000000000       0.0000000000000000        302
  35.038604      60.422779      -0.0000000000000000       0.0000000000000000        302
  37.903751      60.723755      -0.0000000000000000       0.0000000000000000        302
  40.793292      61.031212      -0.0000000000000000       0.0000000000000000        302
  43.708617      61.344422      -0.0000000000000000       0.0000000000000000        302
  46.651144      61.662624      -0.0000000000000000       0.0000000000000000        302
  49.622314      61.985020      -0.0000000000000000       0.0000000000000000        302
  52.623585      62.310783      -0.0000000000000000       0.0000000000000000        302
  55.656424      62.639047      -0.0000000000000000       0.0000000000000000        302
  58.722296      62.968916      -0.0000000000000000       0.0000000000000000        302
  61.822656      63.299456      -0.0000000000000000       0.0000000000000000        390
  64.958932      63.629704      -0.0000000000000000       0.0000000000000000        390
  68.132512      63.958659      -0.0000000000000000       0.0000000000000000        468
  71.344722      64.285291      -0.0000000000000000       0.0000000000000000        401
  74.596813      64.608539      -0.0000000000000000       0.0000000000000000        401
  77.889929      64.927313      -0.0000000000000000       0.0000000000000000        401
  81.225089      65.240497      -0.0000000000000000       0.0000000000000000        401
  84.603152      65.546951      -0.0000000000000000       0.0000000000000000        401
  88.024795      65.845517      -0.0000000000000000       0.0000000000000000        401
  91.490472      66.135022      -0.0000000000000000       0.0000000000000000        401
  95.000388      66.414284      -0.0000000000000000       0.0000000000000000        401
  98.554461      66.682120      -0.0000000000000000       0.0000000000000000        401
  102.152292      66.937351      -0.0000000000000000       0.0000000000000000        401
  105.793130      67.178812      -0.0000000000000000       0.0000000000000000        401
  109.475845      67.405362      -0.0000000000000000       0.0000000000000000        401
  113.198906      67.615893      -0.0000000000000000       0.0000000000000000        401
  116.960360      67.809341      -0.0000000000000000       0.0000000000000000        401
  120.757822      67.984700      -0.0000000000000000       0.0000000000000000        401
  124.588476      68.141031      -0.0000000000000000       0.0000000000000000        401
  128.449081      68.277475      -0.0000000000000000       0.0000000000000000      43102
  132.335997      68.393267      -0.0000000000000000       0.0000000000000000      43101
  27.483860      57.002384      -0.0000000000000000       0.0000000000000000        302
  30.320156      57.282732      -0.0000000000000000       0.0000000000000000        302
  33.175599      57.571429      -0.0000000000000000       0.0000000000000000        302
  36.051350      57.867815      -0.0000000000000000       0.0000000000000000        302
  38.948594      58.171196      -0.0000000000000000       0.0000000000000000        302
  41.868538      58.480846      -0.0000000000000000       0.0000000000000000        302
  44.812408      58.796010      -0.0000000000000000       0.0000000000000000        302
  47.781446      59.115896      -0.0000000000000000       0.0000000000000000        302
  50.776902      59.439684      -0.0000000000000000       0.0000000000000000        302
  53.800028      59.766521      -0.0000000000000000       0.0000000000000000        302
  56.852073      60.095520      -0.0000000000000000       0.0000000000000000        302
  59.934268      60.425765      -0.0000000000000000       0.0000000000000000        390
  63.047821      60.756307      -0.0000000000000000       0.0000000000000000        390
  66.193900      61.086169      -0.0000000000000000       0.0000000000000000        468
  69.373621      61.414345      -0.0000000000000000       0.0000000000000000        468
  72.588034      61.739799      -0.0000000000000000       0.0000000000000000        401
  75.838100      62.061472      -0.0000000000000000       0.0000000000000000        401
  79.124676      62.378282      -0.0000000000000000       0.0000000000000000        401
  82.448492      62.689125      -0.0000000000000000       0.0000000000000000        401
  85.810130      62.992881      -0.0000000000000000       0.0000000000000000        401
  89.209997      63.288421      -0.0000000000000000       0.0000000000000000        401
  92.648303      63.574603      -0.0000000000000000       0.0000000000000000        401
  96.125034      63.850287      -0.0000000000000000       0.0000000000000000        401
  99.639932      64.114336      -0.0000000000000000       0.0000000000000000        401
  103.192464      64.365626      -0.0000000000000000       0.0000000000000000        401
  106.781806      64.603052      -0.0000000000000000       0.0000000000000000        401
  110.406821      64.825537      -0.0000000000000000       0.0000000000000000        401
  114.066049      65.032042      -0.0000000000000000       0.0000000000000000        401
  117.757691      65.221576      -0.0000000000000000       0.0000000000000000        401
  121.479609      65.393204      -0.0000000000000000       0.0000000000000000        401
  125.229327      65.546060      -0.0000000000000000       0.0000000000000000        401
  129.004045      65.679354      -0.0000000000000000       0.0000000000000000      43101
  132.800655      65.792385      -0.0000000000000000       0.0000000000000000      43101
  28.274404      54.433500      -0.0000000000000000       0.0000000000000000        302
  31.141217      54.716283      -0.0000000000000000       0.0000000000000000        302
  34.025925      55.007298      -0.0000000000000000       0.0000000000000000        302
  36.929575      55.305858      -0.0000000000000000       0.0000000000000000        302
  39.853229      55.611244      -0.0000000000000000       0.0000000000000000        302
  42.797967      55.922707      -0.0000000000000000       0.0000000000000000        302
  45.764873      56.239465      -0.0000000000000000       0.0000000000000000        302
  48.755041      56.560707      -0.0000000000000000       0.0000000000000000        302
  51.769562      56.885590      -0.0000000000000000       0.0000000000000000        302
  54.809521      57.213240      -0.0000000000000000       0.0000000000000000        302
  57.875986      57.542757      -0.0000000000000000       0.0000000000000000        302
  60.970003      57.873208      -0.0000000000000000       0.0000000000000000        390
  64.092585      58.203634      -0.0000000000000000       0.0000000000000000        390
  67.244699      58.533048      -0.0000000000000000       0.0000000000000000        468
  70.427254      58.860441      -0.0000000000000000       0.0000000000000000        468
  73.641087      59.184776      -0.0000000000000000       0.0000000000000000        401
  76.886949      59.504998      -0.0000000000000000       0.0000000000000000        401
  80.165486      59.820035      -0.0000000000000000       0.0000000000000000        401
  83.477225      60.128796      -0.0000000000000000       0.0000000000000000        401
  86.822553      60.430182      -0.0000000000000000       0.0000000000000000        401
  90.201697      60.723086      -0.0000000000000000       0.0000000000000000        401
  93.614709      61.006399      -0.0000000000000000       0.0000000000000000        401
  97.061441      61.279016      -0.0000000000000000       0.0000000000000000        401
  100.541534      61.539842      -0.0000000000000000       0.0000000000000000        401
  104.054393      61.787797      -0.0000000000000000       0.0000000000000000        401
  107.599178      62.021826      -0.0000000000000000       0.0000000000000000        401
  111.174788      62.240907      -0.0000000000000000       0.0000000000000000        401
  114.779854      62.444057      -0.0000000000000000       0.0000000000000000        401
  118.412730      62.630342      -0.0000000000000000       0.0000000000000000        401
  122.071500      62.798885      -0.0000000000000000       0.0000000000000000        401
  125.753975      62.948878      -0.0000000000000000       0.0000000000000000        401
  129.457709      63.079584      -0.0000000000000000       0.0000000000000000        401
  133.180015      63.190354      -0.0000000000000000       0.0000000000000000        401
  28.971525      51.860066      -0.0000000000000000       0.0000000000000000        302
  31.864372      52.144948      -0.0000000000000000       0.0000000000000000        302
  34.773901      52.437952      -0.0000000000000000       0.0000000000000000        302
  37.701061      52.738367      -0.0000000000000000       0.0000000000000000        302
  40.646808      53.045453      -0.0000000000000000       0.0000000000000000        302
  43.612108      53.358438      -0.0000000000000000       0.0000000000000000        302
  46.597928      53.676522      -0.0000000000000000       0.0000000000000000        302
  49.605234      53.998874      -0.0000000000000000       0.0000000000000000        302
  52.634985      54.324633      -0.0000000000000000       0.0000000000000000        302
  55.688126      54.652912      -0.0000000000000000       0.0000000000000000        302
  58.765583      54.982795      -0.0000000000000000       0.0000000000000000        302
  61.868249      55.313338      -0.0000000000000000       0.0000000000000000        390
  64.996983      55.643575      -0.0000000000000000       0.0000000000000000        468
  68.152592      55.972513      -0.0000000000000000       0.0000000000000000        468
  71.335825      56.299141      -0.0000000000000000       0.0000000000000000        468
  74.547358      56.622424      -0.0000000000000000       0.0000000000000000        401
  77.787784      56.941313      -0.0000000000000000       0.0000000000000000        401
  81.057595      57.254745      -0.0000000000000000       0.0000000000000000        401
  84.357169      57.561643      -0.0000000000000000       0.0000000000000000        401
  87.686757      57.860928      -0.0000000000000000       0.0000000000000000        401
  91.046465      58.151514      -0.0000000000000000       0.0000000000000000        401
  94.436240      58.432321      -0.0000000000000000       0.0000000000000000        401
  97.855856      58.702275      -0.0000000000000000       0.0000000000000000        401
  101.304897      58.960315      -0.0000000000000000       0.0000000000000000        401
  104.782748      59.205403      -0.0000000000000000       0.0000000000000000        401
  108.288583      59.436526      -0.0000000000000000       0.0000000000000000        401
  111.821356      59.652706      -0.0000000000000000       0.0000000000000000        401
  115.379795      59.853007      -0.0000000000000000       0.0000000000000000        401
  118.962401      60.036542      -0.0000000000000000       0.0000000000000000        401
  122.567449      60.202484      -0.0000000000000000       0.0000000000000000        401
  126.192995      60.350067      -0.0000000000000000       0.0000000000000000        401
  129.836884      60.478602      -0.0000000000000000       0.0000000000000000        401
  133.496766      60.587478      -0.0000000000000000       0.0000000000000000        401
  29.593112      49.282958      -0.0000000000000000       0.0000000000000000        302
  32.508467      49.569675      -0.0000000000000000       0.0000000000000000        302
  35.439340      49.864408      -0.0000000000000000       0.0000000000000000        302
  38.386592      50.166428      -0.0000000000000000       0.0000000000000000        302
  41.351088      50.474975      -0.0000000000000000       0.0000000000000000        302
  44.333695      50.789259      -0.0000000000000000       0.0000000000000000        302
  47.335278      51.108462      -0.0000000000000000       0.0000000000000000        302
  50.356697      51.431738      -0.0000000000000000       0.0000000000000000        302
  53.398800      51.758211      -0.0000000000000000       0.0000000000000000        302
  56.462415      52.086981      -0.0000000000000000       0.0000000000000000        302
  59.548349      52.417121      -0.0000000000000000       0.0000000000000000        390
  62.657374      52.747679      -0.0000000000000000       0.0000000000000000        390
  65.790222      53.077682      -0.0000000000000000       0.0000000000000000        465
  68.947576      53.406136      -0.0000000000000000       0.0000000000000000        458
  72.130059      53.732027      -0.0000000000000000       0.0000000000000000        468
  75.338224      54.054325      -0.0000000000000000       0.0000000000000000        468
  78.572540      54.371987      -0.9144573873179038       0.0772650011925524          0
  81.833387      54.683959      -1.3972440921766578       0.2130918244747821          0
  85.121035      54.989180      -1.3202041009991601       0.2888423483568768          0
  88.435638      55.286585      -0.9961916622846840       0.2760706974821118          0
  91.777219      55.575113      -0.5673139721616556       0.1852594776278909          0
  95.145659      55.853705      -0.0466768964810731       0.0171047469354047          0
  98.540684      56.121318      -0.0000000000000000       0.0000000000000000        401
  101.961855      56.376921      -0.0000000000000000       0.0000000000000000        401
  105.408558      56.619510      -0.0000000000000000       0.0000000000000000        401
  108.879999      56.848110      -0.0000000000000000       0.0000000000000000        401
  112.375193      57.061779      -0.0023170990286034       0.0008333418604638          0
  115.892966      57.259623      -0.0467410730543107       0.0192613923771440          0
  119.431952      57.440794      -0.0742381146746645       0.0345742544287339          0
  122.990596      57.604502      -0.0824016846453796       0.0429880952650975          0
  126.567160      57.750024      -0.0697587253774347       0.0398638825898879          0
  130.159731      57.876704      -0.0554875212155193       0.0277192935989959          0
  133.766239      57.983965      -0.0358214704704442       0.0110368486210307          0
  30.152883      46.702847      -0.0000000000000000       0.0000000000000000        302
  33.087929      46.991185      -0.0000000000000000       0.0000000000000000        302
  36.037381      47.287441      -0.0000000000000000       0.0000000000000000        302
  39.002020      47.590866      -0.0000000000000000       0.0000000000000000        302
  41.982631      47.900686      -0.0000000000000000       0.0000000000000000        302
  44.979997      48.216093      -0.0000000000000000       0.0000000000000000        302
  47.994894      48.536254      -0.0000000000000000       0.0000000000000000        302
  51.028092      48.860310      -0.0000000000000000       0.0000000000000000        302
  54.080343      49.187372      -0.0000000000000000       0.0000000000000000        302
  57.152380      49.516530      -0.0000000000000000       0.0000000000000000        302
  60.244910      49.846847      -0.0000000000000000       0.0000000000000000        390
  63.358606      50.177366      -0.0000000000000000       0.0000000000000000        465
  66.494098      50.507109      -0.0000000000000000       0.0000000000000000        458
  69.651969      50.835080      -0.0000000000000000       0.0000000000000000        459
  72.832742      51.160266      -0.5906344143488056      -0.0387114256434701          0
  76.036873      51.481642      -2.9601743555086686       0.0126841610880759          0
  79.264740      51.798171      -3.7133618559794170       0.2913128685531237          0
  82.516635      52.108809      -3.6547836724345806       0.5731267559873505          0
  85.792752      52.412508      -3.1599300460479434       0.7325215708872410          0
  89.093174      52.708219      -2.4078829221793785       0.6893559901646478          0
  92.417869      52.994901      -1.6507661128594384       0.5381657352311955          0
  95.766676      53.271518      -0.9287230072821642       0.3314660574118065          0
  99.139296      53.537049      -0.2626330824003925       0.1007007110743465          0
  102.535284      53.790495      -0.0000000000000000       0.0000000000000000        401
  105.954043      54.030880      -0.0000000000000000       0.0000000000000000        401
  109.394817      54.257260      -0.0649562542342485       0.0205602064479176          0
  112.856688      54.468729      -0.1994155685785478       0.0727737947677704          0
  116.338575      54.664423      -0.2708787219587867       0.1123762716916292          0
  119.839231      54.843531      -0.3043646059766557       0.1421231055351231          0
  123.357251      55.005296      -0.3178021630760690       0.1589456699402847          0
  126.891074      55.149026      -0.3253356354551530       0.1611402984641601          0
  130.438994      55.274097      -0.3271140058098846       0.1496056211070784          0
  133.999172      55.379959      -0.3387282561401185       0.1349246107170607          0
  30.661535      44.120256      -0.0000000000000000       0.0000000000000000        551
  33.613993      44.410042      -0.0000000000000000       0.0000000000000000        302
  36.579792      44.707651      -1.9779791638433515      -0.2961876516877225        503
  39.559647      45.012322      -2.1441807989846904      -0.2430997306610803        503
  42.554269      45.323262      -2.3053637850427702      -0.1831869010001332        503
  45.564368      45.639651      -0.0000000000000000       0.0000000000000000        301
  48.590644      45.960643      -0.0000000000000000       0.0000000000000000        301
  51.633788      46.285365      -0.0000000000000000       0.0000000000000000        302
  54.694473      46.612919      -0.0000000000000000       0.0000000000000000        302
  57.773350      46.942385      -0.0000000000000000       0.0000000000000000        302
  60.871044      47.272821      -0.0000000000000000       0.0000000000000000        390
  63.988144      47.603263      -0.0000000000000000       0.0000000000000000        466
  67.125198      47.932731      -0.0000000000000000       0.0000000000000000        458
  70.282709      48.260227      -0.0261202573362038       0.0015966019934391          0
  73.461119      48.584742      -2.2361305941829341       0.1091040714794626          0
  76.660810      48.905253      -4.7160418480715380      -0.2947685640706325          0
  79.882088      49.220731      -4.3320101377637110      -0.0673669086139802        580
  83.125180      49.530142      -3.8868012248749233       0.1741082246603238        580
  86.390221      49.832450      -3.4260063259458717       0.3971640639786234        580
  89.677249      50.126623      -2.9508768604205891       0.6003413399227070        580
  92.986192      50.411635      -2.4601724448580828       0.7797992168446316          0
  96.316865      50.686471      -1.5691226126894566       0.4966181839784143          0
  99.668959      50.950136      -0.9869558917775618       0.3330201227023441          0
  103.042036      51.201652      -0.6868947988649029       0.2871228555767060          0
  106.435523      51.440071      -0.4534663456185034       0.1857372783277606          0
  109.848708      51.664477      -0.4010033101620866       0.1344589808522668          0
  113.280737      51.873993      -0.4843109611186094       0.1789881507491429          0
  116.730617      52.067785      -0.5384185279350273       0.2251629590362139          0
  120.197209      52.245070      -0.5597352363849477       0.2608469148718530          0
  123.679242      52.405122      -0.5714919737975495       0.2800336278283345          0
  127.175308      52.547275      -0.5808747994599741       0.2844865912581440          0
  130.683879      52.670931      -0.5922366076217227       0.2752674523386395          0
  134.203310      52.775565      -0.6208450255419957       0.2613416784583627          0
  31.127538      41.535597      -0.0000000000000000       0.0000000000000000        520
  34.095540      41.826688      -0.0000000000000000       0.0000000000000000        520
  37.075868      42.125514      -0.0000000000000000       0.0000000000000000        551
  40.069172      42.431299      -0.0000000000000000       0.0000000000000000        551
  43.076102      42.743236      -0.0000000000000000       0.0000000000000000        551
  46.097301      43.060493      -2.4878994757649631       0.0807306767906664        503
  49.133405      43.382212      -0.0000000000000000       0.0000000000000000        301
  52.185037      43.707509      -0.0000000000000000       0.0000000000000000        301
  55.252800      44.035479      -0.0000000000000000       0.0000000000000000        301
  58.337278      44.365192      -0.0000000000000000       0.0000000000000000        302
  61.439024      44.695701      -0.0000000000000000       0.0000000000000000        390
  64.558561      45.026039      -0.0000000000000000       0.0000000000000000        466
  67.696369      45.355223      -0.0000000000000000       0.0000000000000000        458
  70.852883      45.682256      -1.9434344096554530       0.2297545508039580          0
  74.028485      46.006130      -3.3903131909858124       0.4855018292238684        501
  77.223493      46.325828      -3.5153553196229677       0.6032034976690520        501
  80.438162      46.640327      -3.9266141267497709       0.0579926748756573          0
  83.672668      46.948603      -3.8103747451718384      -0.3437634219091274        580
  86.927104      47.249633      -3.3491309098263180      -0.1307768994906279        580
  90.201474      47.542397      -2.8741631458800860       0.0630543497860603        580
  93.495683      47.825886      -2.3868509656251433       0.2363814468683519        580
  96.809533      48.099106      -2.1706760761511221       0.5805723559742168          0
  100.142716      48.361080      -2.0783039821109988       0.7815492969408452          0
  103.494806      48.610853      -1.7592724994516273       0.7679247644394198          0
  106.865262      48.847502      -1.2466622387033399       0.5481920476314225          0
  110.253416      49.070135      -0.8734014817501690       0.3327455083944259          0
  113.658478      49.277899      -0.8050823165434480       0.3010364094480147          0
  117.079534      49.469989      -0.8280154295163940       0.3491175263404805          0
  120.515547      49.645646      -0.8288703508938147       0.3889441725747011          0
  123.965361      49.804170      -0.8271773237472329       0.4116753981373315          0
  127.427706      49.944919      -0.8283237092611001       0.4169443578604329          0
  130.901205      50.067317      -0.8376126786364779       0.4049744929736962          0
  134.384383      50.170861      -0.8737355327216863       0.3851715816902215          0
  31.557694      38.949201      -1.1857312941890090       0.0863523553553877        715
  34.539697      39.241479      -1.2078460416823895       0.1224158960143755        715
  37.533051      39.541408      -0.0000000000000000       0.0000000000000000        525
  40.538352      39.848197      -0.0000000000000000       0.0000000000000000        526
  43.556194      40.161030      -0.0000000000000000       0.0000000000000000        526
  46.587162      40.479061      -2.5124039243063181       0.2752603349540881        503
  49.631835      40.801423      -2.6605216699177032       0.3426457672740507        503
  52.690776      41.127223      -2.8017689643788044       0.4164700050058748        503
  55.764531      41.455546      -0.0000000000000000       0.0000000000000000        301
  58.853624      41.785459      -0.0000000000000000       0.0000000000000000        301
  61.958550      42.116007      -0.0000000000000000       0.0000000000000000        390
  65.079774      42.446221      -0.0000000000000000       0.0000000000000000        467
  68.217721      42.775117      -0.7605163223372189       0.1231303627962944          0
  71.372771      43.101699      -3.1516720512544802       0.5543379555102831          0
  74.545255      43.424961      -3.4112630012304566       0.6803347478484553        501
  77.735447      43.743892      -3.5343852831895690       0.7927891076172073        501
  80.943555      44.057475      -3.6471514941489556       0.9124550243387591        501
  84.169720      44.364696      -3.7315235064136583       0.7109240638062050          0
  87.414006      44.664541      -3.5998646157922893       0.6230524553071990          0
  90.676392      44.956006      -3.3110187506436501       0.6693949757111211          0
  93.956771      45.238098      -3.0389015473248762       0.7491879631860020          0
  97.254941      45.509837      -3.0259388688569100       1.0173000714387652          0
  100.570599      45.770267      -3.1308141784826473       1.2982418693132494          0
  103.903340      46.018453      -2.9329163949051367       1.3690639925895465          0
  107.252654      46.253493      -2.1574255616902596       1.0125931336540686          0
  110.617920      46.474517      -1.3406938083689257       0.5188008527933866          0
  113.998409      46.680698      -1.1470188653022233       0.4339863611171779          0
  117.393280      46.871249      -1.1295204222837361       0.4804112110046694          0
  120.801588      47.045439      -1.1026763231842407       0.5232067518061710          0
  124.222282      47.202586      -1.0749414140296987       0.5528469522098909          0
  127.654211      47.342072      -1.0567944543988319       0.5599226657294931          0
  131.096134      47.463340      -1.0577443595424389       0.5452019141004006          0
  134.546724      47.565904      -1.0906901173158170       0.5086368733697821          0
  31.957536      36.361338      -1.1888843699452463       0.1208003412725304        715
  34.952249      36.654704      -1.2106492366892574       0.1549421974197747        715
  37.957379      36.955639      -2.0555065839726132       0.3126757594398542        503
  40.973472      37.263343      -2.2210357485698848       0.3580701982624647        503
  44.001070      37.576986      -2.3810073596639336       0.4095031437747724        503
  47.040710      37.895715      -0.0000000000000000       0.0000000000000000        505
  50.092918      38.218650      -2.6823076693449726       0.5307241770905347        503
  53.158207      38.544892      -2.8226591406877675       0.6005750080264874        503
  56.237071      38.873520      -2.9555008605701891       0.6765847228517646        503
  59.329984      39.203592      -3.0803574704942189       0.7587161852887192        503
  62.437393      39.534152      -0.0000000000000000       0.0000000000000000        301
  65.559714      39.864228      -0.0000000000000000       0.0000000000000000        467
  68.697324      40.192836      -1.9833240779179722       0.4119450701526107          0
  71.850562      40.518979      -3.2990105140251185       0.7706331630838503        501
  75.019716      40.841656      -3.4302532418118048       0.8703867802731161        501
  78.205022      41.159860      -3.5515919207023119       0.9772293135388612        501
  81.406657      41.472581      -3.6624934219312042       1.0909560894795924        501
  84.624735      41.778815      -3.7624426189139921       1.2113131840233478        501
  87.859296      42.077557      -3.8509459825937786       1.3379959317729462        501
  91.110307      42.367818      -3.9275354523628749       1.4706479035219160        501
  94.377653      42.648616      -3.7821087956299295       1.4499995825609451          0
  97.661134      42.918990      -3.7770701315850683       1.5785175241421201          0
  100.960460      43.177999      -3.9126217271661150       1.8064291313582757          0
  104.275250      43.424728      -4.1065207019533005       2.0519975270280373        501
  107.605024      43.658294      -2.8978862058474935       1.3824147392864590          0
  110.949209      43.877848      -1.7438089758599102       0.6715086768258258          0
  114.307132      44.082582      -1.4231950087283256       0.5160057861381044          0
  117.678023      44.271732      -1.4107371132362236       0.5935462257250410          0
  121.061019      44.444585      -1.3707735983094687       0.6551452066942338          0
  124.455164      44.600481      -1.3079846428460695       0.6919239258573735          0
  127.859416      44.738820      -1.2575242768989683       0.7177835349806681          0
  131.272651      44.859063      -1.2371943970278125       0.7156758547365006          0
  134.693672      44.960739      -1.2526417659319589       0.6437319824195256          0
  32.331619      33.772229      -1.1917818967929232       0.1541273883402315        715
  35.337958      34.066598      -0.0000000000000000       0.0000000000000000          0
  38.353814      34.368460      -2.0775987989298157       0.5118124309735719        503
  41.379688      34.677002      -2.2428694173511481       0.5540598939362633        503
  44.416077      34.991386      -2.4024272181914208       0.6020558281074886        503
  47.463474      35.310746      -0.0000000000000000       0.0000000000000000        505
  50.522359      35.634198      -0.0000000000000000       0.0000000000000000        505
  53.593200      35.960832      -0.0000000000000000       0.0000000000000000        505
  56.676448      36.289723      -0.0000000000000000       0.0000000000000000        505
  59.772534      36.619923      -3.0974968891467993       0.9298526011475660        503
  62.881862      36.950474      -0.0000000000000000       0.0000000000000000        301
  66.004807      37.280402      -0.0000000000000000       0.0000000000000000        301
  69.141709      37.608720      -0.0000000000000000       0.0000000000000000        301
  72.292869      37.934437      -3.3179429561884990       0.9614846232822661        501
  75.458544      38.256553      -3.4476079547517080       1.0556229855561863        501
  78.638940      38.574065      -3.5672799265525610       1.1565230432145825        501
  81.834209      38.885973      -3.6764451937372371       1.2639873428440318        501
  85.044443      39.191277      -3.7746097986870781       1.3777709451271059        501
  88.269670      39.488987      -3.8613028989034612       1.4975801757192502        501
  91.509848      39.778123      -3.9360803910751292       1.6230718391845591        501
  94.764862      40.057717      -3.9985287363474722       1.7538529527979636        501
  98.034517      40.326822      -4.0482689488158474       1.8894810542087297        501
  101.318540      40.584515      -4.0849606988694109       2.0294651321548676        501
  104.616573      40.829897      -3.1828018419777475       1.3978698634999787          0
  107.928172      41.062102      -2.4306244089869669       0.9707817121664066          0
  111.252807      41.280301      -1.7432156175961890       0.5591614197942980          0
  114.589859      41.483704      -1.4097762145213344       0.3848401312192975          0
  117.938625      41.671567      -1.3914370984669180       0.4596865336831182          0
  121.298317      41.843194      -1.3781866778928125       0.5430061345566187          0
  124.668066      41.997944      -1.3581201051237586       0.6107845002797292          0
  128.046927      42.135233      -1.3334147606124347       0.6611613235032265          0
  131.433880      42.254538      -1.3079828010887202       0.6747611941686902          0
  134.827846      42.355403      -1.2896813522394508       0.6109987351045764          0
  32.683737      31.182058      -1.1944628789486591       0.1863401696789835        715
  35.700783      31.477359      -0.0000000000000000       0.0000000000000000          0
  38.726476      31.780079      -0.0000000000000000       0.0000000000000000          0
  41.761278      32.089396      -2.2632768162264374       0.7474015130075110        503
  44.805646      32.404459      -2.4224194304644038       0.7917004989775995        503
  47.860030      32.724398      -2.5752139268290586       0.8415194744297849        503
  50.924873      33.048317      -0.0000000000000000       0.0000000000000000        505
  54.000604      33.375302      -0.0000000000000000       0.0000000000000000        505
  57.087634      33.704421      -0.0000000000000000       0.0000000000000000        505
  60.186356      34.034724      -0.0000000000000000       0.0000000000000000        505
  63.297141      34.365249      -0.0000000000000000       0.0000000000000000        506
  66.420327      34.695019      -0.0000000000000000       0.0000000000000000        506
  69.556224      35.023051      -0.0000000000000000       0.0000000000000000      50601
  72.705102      35.348352      -3.3354100967103237       1.1477359156961815        501
  75.867193      35.669928      -3.4635872922007427       1.2359543567229230        501
  79.042678      35.986781      -3.5816930851995346       1.3306110897514594        501
  82.231693      36.297915      -3.6892322003006885       1.4315181025421215        501
  85.434314      36.602342      -3.7857305540218409       1.5384415901199633        501
  88.650560      36.899079      -3.8707384516675702       1.6511009058849082        501
  91.880386      37.187157      -3.9438339739407597       1.7691679685047821        501
  95.123680      37.465623      -4.0046265253768887       1.8922671738640111        501
  98.380258      37.733543      -4.0527605079442957       2.0199758579320699        501
  101.649865      37.990008      -4.2990266559892483       2.3141537385322088        607
  104.932167      38.234135      -2.4537689727239913       0.8372082011716221          0
  108.226756      38.465076      -1.9688923229471096       0.5387631442338133          0
  111.533144      38.682018      -1.5462769111355730       0.2920809360142619          0
  114.850765      38.884188      -1.3778261376872205       0.2402030221874936          0
  118.178976      39.070859      -1.3765758295053452       0.3288451512727170          0
  121.517060      39.241353      -1.3682573882992333       0.4079023026581765          0
  124.864227      39.395044      -1.3538391171322890       0.4613741684469276          0
  128.219618      39.531364      -1.3368023567307254       0.4887035771001460          0
  131.582312      39.649805      -1.3224238719192085       0.4697273786142783          0
  134.951330      39.749923      -0.0000000000000000       0.0000000000000000          0
  33.017086      28.590978      -1.1969593829175329       0.2174349176059753        715
  36.044054      28.887152      -1.2177645542779452       0.2451349123689130        715
  39.078829      29.190673      -0.0000000000000000       0.0000000000000000          0
  42.121833      29.500708      -0.0000000000000000       0.0000000000000000          0
  45.173489      29.816401      -2.4411939399530147       0.9781658912504909        503
  48.234210      30.136871      -2.5934375793978854       1.0237446031822912        503
  51.304404      30.461217      -2.7387185227313995       1.0745954504212871        503
  54.384464      30.788518      -0.0000000000000000       0.0000000000000000        505
  57.474769      31.117837      -0.0000000000000000       0.0000000000000000        505
  60.575681      31.448221      -0.0000000000000000       0.0000000000000000        505
  63.687537      31.778705      -0.0000000000000000       0.0000000000000000      50601
  66.810650      32.108312      -0.0000000000000000       0.0000000000000000      50601
  69.945300      32.436058      -0.0000000000000000       0.0000000000000000          0
  73.091736      32.760955      -0.0000000000000000       0.0000000000000000          0
  76.250166      33.082009      -3.4784027275121270       1.4112510471349964        501
  79.420756      33.398229      -3.5950289277207110       1.4993904698420617        501
  82.603625      33.708626      -3.7010364418096606       1.5934712515061344        501
  85.798843      34.012219      -3.7959699230725317       1.6932725639185404        501
  89.006423      34.308034      -3.8793994855742726       1.7985285252355430        501
  92.226321      34.595114      -3.9509238632235499       1.9089277640857276        501
  95.458430      34.872517      -4.0101736976678284       2.0241134735305382        501
  98.702581      35.139322      -0.0000000000000000       0.0000000000000000          0
  101.958536      35.394635      -1.2850641559053360      -0.1408470348267807        602
  105.225990      35.637587      -1.7432509151620947       0.2725212250996479          0
  108.504568      35.867346      -1.4334104687803595       0.0357545515734466          0
  111.793823      36.083113      -1.3473993177564021       0.0145468990835018          0
  115.093238      36.284132      -1.3612304634315979       0.1060618745844485          0
  118.402230      36.469693      -1.3663948653844080       0.2031645707503162          0
  121.720145      36.639132      -1.3630106931159203       0.2815626486588898          0
  125.046266      36.791839      -1.3535106138417197       0.3278021637624791          0
  128.379815      36.927259      -1.3419583162536572       0.3502642107927242          0
  131.719958      37.044897      -1.3333868870840617       0.3329960008032372          0
  135.065809      37.144321      -6.3910777251430826       3.3334785888403329        737
  33.334385      25.999124      -1.1992980511788522       0.2473997566393472        715
  36.370604      26.296117      -1.2198068991998219       0.2727567944009062        715
  39.413812      26.600389      -0.0000000000000000       0.0000000000000000          0
  42.464399      26.911097      -0.0000000000000000       0.0000000000000000          0
  45.522752      27.227376      -0.0000000000000000       0.0000000000000000          0
  48.589255      27.548338      -2.6106270363178856       1.2022816511824075        503
  51.664281      27.873076      -2.7552408665447432       1.2483609987644455        503
  54.748195      28.200663      -2.8923035711344238       1.2994489978056314        503
  57.841346      28.530157      -0.0000000000000000       0.0000000000000000        505
  60.944068      28.860604      -0.0000000000000000       0.0000000000000000        505
  64.056673      29.191034      -0.0000000000000000       0.0000000000000000      50601
  67.179448      29.520473      -0.0000000000000000       0.0000000000000000          0
  70.312652      29.847937      -0.0000000000000000       0.0000000000000000          0
  73.456514      30.172437      -0.0000000000000000       0.0000000000000000          0
  76.611227      30.492986      -0.0000000000000000       0.0000000000000000          0
  79.776942      30.808597      -3.6074494035418456       1.6627253884739330        501
  82.953769      31.118288      -3.7120066446338740       1.7497349616757056        501
  86.141772      31.421084      -3.8054622910525007       1.8421749896954289        501
  89.340964      31.716022      -3.8874050994268039       1.9397958458591291        501
  92.551303      32.002154      -0.0000000000000000       0.0000000000000000          0
  95.772693      32.278550      -0.0000000000000000       0.0000000000000000          0
  99.004978      32.544301      -0.0000000000000000       0.0000000000000000          0
  102.247942      32.798526      -1.6283677697099250       0.1467212121644890          0
  105.501307      33.040370      -1.3099403681468036      -0.0849952984396639          0
  108.764730      33.269016      -1.3284448942178708      -0.0458428815671897          0
  112.037806      33.483679      -1.3421262872934727      -0.0019772785094154          0
  115.320065      33.683619      -1.3531432173096130       0.0430891947142664          0
  118.610977      33.868138      -1.3616315486411281       0.0893156506823276          0
  121.909949      34.036589      -1.3625688083171061       0.1692779555309640          0
  125.216332      34.188374      -1.3564731482243073       0.2170099968276129          0
  128.529422      34.322952      -1.3478846539267888       0.2468426628330813          0
  131.848464      34.439841      -1.3403659681880304       0.2630981217440650          0
  135.172657      34.538617      -0.0000000000000000       0.0000000000000000          0
  33.637975      23.406606      -1.2015012438961379       0.2762165258077863        715
  36.682868      23.704375      -1.2217228308658676       0.2991463929060690        715
  39.733952      24.009356      -0.0000000000000000       0.0000000000000000          0
  42.791587      24.320696      -0.0000000000000000       0.0000000000000000          0
  45.856131      24.637524      -0.0000000000000000       0.0000000000000000          0
  48.927937      24.958945      -2.6269308812433128       1.3768572449027929        503
  52.007351      25.284044      -2.7708903638665068       1.4179544153814909        503
  55.094710      25.611891      -2.9071878182966229       1.4637569516565581        503
  58.190339      25.941540      -0.0000000000000000       0.0000000000000000      50602
  61.294547      26.272034      -0.0000000000000000       0.0000000000000000      50602
  64.407624      26.602402      -0.0000000000000000       0.0000000000000000      50602
  67.529836      26.931668      -0.0000000000000000       0.0000000000000000          0
  70.661426      27.258849      -0.0000000000000000       0.0000000000000000          0
  73.802606      27.582962      -0.0000000000000000       0.0000000000000000          0
  76.953555      27.903021      -0.0000000000000000       0.0000000000000000          0
  80.114416      28.218043      -0.0000000000000000       0.0000000000000000          0
  83.285293      28.527053      -3.7222657142850304       1.9001717212871316        501
  86.466247      28.829085      -3.8143183277320505       1.9850331859583410        501
  89.657292      29.123184      -0.0000000000000000       0.0000000000000000          0
  92.858394      29.408411      -0.0000000000000000       0.0000000000000000          0
  96.069468      29.683847      -0.0000000000000000       0.0000000000000000          0
  99.290373      29.948597      -1.1908314416010866      -0.2437862267633916        603
  102.520915      30.201789      -1.2951808382054697      -0.1296653132851574          0
  105.760842      30.442584      -1.3111591097576052      -0.0853646128789637          0
  109.009847      30.670175      -1.3300602680416509      -0.0371766983721064          0
  112.267561      30.883795      -1.3418939758960957       0.0082425628179479          0
  115.533562      31.082715      -1.3508020971159702       0.0524633120243519          0
  118.807368      31.266252      -1.3574016854230389       0.0955391556653262          0
  122.088445      31.433771      -1.3611350164887073       0.1361189876439052          0
  125.376207      31.584689      -1.3580579690608423       0.1768114013734489          0
  128.670017      31.718475      -1.3509986121923061       0.2178220098087468          0
  131.969194      31.834658      -1.3432879863274978       0.5141863063326352        649
  135.273016      31.932825      -0.0000000000000000       0.0000000000000000          0
  33.929891      20.813525      -1.2035879111427790       0.3038622162679101        715
  36.982960      21.112032      -1.2235298895156606       0.3242883235662680        715
  40.041440      21.417684      -1.2400246643840858       0.3456774342661528        715
  43.105662      21.729622      -0.0000000000000000       0.0000000000000000          0
  46.175957      22.046967      -0.0000000000000000       0.0000000000000000          0
  49.252653      22.368816      -2.6424762460267348       1.5471905594092310        503
  52.336069      22.694252      -0.0000000000000000       0.0000000000000000          0
  55.426521      23.022337      -0.0000000000000000       0.0000000000000000          0
  58.524309      23.352123      -0.0000000000000000       0.0000000000000000      50602
  61.629723      23.682650      -0.0000000000000000       0.0000000000000000      50602
  64.743032      24.012946      -0.0000000000000000       0.0000000000000000      50602
  67.864488      24.342036      -0.0000000000000000       0.0000000000000000          0
  70.994316      24.668937      -0.0000000000000000       0.0000000000000000          0
  74.132719      24.992669      -0.0000000000000000       0.0000000000000000          0
  77.279864      25.312248      -0.0000000000000000       0.0000000000000000          0
  80.435890      25.626700      -0.0000000000000000       0.0000000000000000          0
  83.600896      25.935053      -3.7319163073176593       2.0446253764435971        501
  86.774943      26.236348      -3.8226301535312226       2.1217120538011032        501
  89.958050      26.529640      -0.0000000000000000       0.0000000000000000          0
  93.150192      26.813999      -0.0000000000000000       0.0000000000000000          0
  96.351294      27.088517      -0.0000000000000000       0.0000000000000000          0
  99.561236      27.352309      -1.1938326815180642      -0.2139720153804748        603
  102.779844      27.604515      -1.2778759829134749      -0.1448267972847587          0
  106.006895      27.844310      -1.3189409075123675      -0.0785125795230101          0
  109.242112      28.070899      -1.3352930198945154      -0.0271182105609655          0
  112.485166      28.283527      -1.3444865842272573       0.0190681769875603          0
  115.735676      28.481478      -1.3512940833477960       0.0621742432274673          0
  118.993211      28.664084      -1.3564142010737728       0.1032028703083045          0
  122.257290      28.830720      -1.3599795129621681       0.1408127901088605          0
  125.527385      28.980815      -1.3581831301980714       0.1784174318059939          0
  128.802922      29.113852      -0.0000000000000000       0.0000000000000000          0
  132.083290      29.229367      -1.3570834940832759       0.9002079615063310        649
  135.367838      29.326959      -0.0000000000000000       0.0000000000000000          0
  34.211925      18.219967      -1.2055742673336303       0.3303101150276037        715
  37.272739      18.519178      -1.2252429946629644       0.3481632480071896        715
  40.338198      18.825471      -1.2414377790486650       0.3669407572680012        715
  43.408608      19.137977      -1.2771056171671784       0.9603255832000108        710
  46.484273      19.455811      -0.0000000000000000       0.0000000000000000          0
  49.565498      19.778064      -0.0000000000000000       0.0000000000000000          0
  52.652582      20.103813      -0.0000000000000000       0.0000000000000000          0
  55.745817      20.432117      -0.0000000000000000       0.0000000000000000          0
  58.845486      20.762025      -0.0000000000000000       0.0000000000000000          0
  61.951858      21.092573      -0.0000000000000000       0.0000000000000000          0
  65.065190      21.422790      -0.0000000000000000       0.0000000000000000          0
  68.185717      21.751699      -0.0000000000000000       0.0000000000000000          0
  71.313655      22.078322      -0.0000000000000000       0.0000000000000000          0
  74.449194      22.401677      -0.0000000000000000       0.0000000000000000          0
  77.592498      22.720788      -0.0000000000000000       0.0000000000000000          0
  80.743700      23.034683      -0.0000000000000000       0.0000000000000000          0
  83.902899      23.342397      -3.7410450542919271       2.1829266892914654        501
  87.070159      23.642980      -3.8304752401676105       2.2520628801456217        501
  90.245505      23.935493      -0.0000000000000000       0.0000000000000000          0
  93.428921      24.219016      -0.0000000000000000       0.0000000000000000          0
  96.620348      24.492650      -1.1598335527687706      -0.2087745282778241        603
  99.819683      24.755522      -1.1966714646431087      -0.1842695208486014        603
  103.026775      25.006784      -1.2845043361298745      -0.1091817801060145      60401
  106.241427      25.245620      -1.3345902391405502      -0.0679899125322782          0
  109.463396      25.471250      -1.3447860216093153      -0.0143053421777779          0
  112.692389      25.682930      -1.3493905096451986       0.0317410013862004          0
  115.928067      25.879957      -1.3537658683809803       0.0732171054078798          0
  119.170044      26.061674      -1.3581585670404064       0.1110715340527606          0
  122.417890      26.227469      -1.3620882231893034       0.1451390442446553          0
  125.671133      26.376781      -0.0000000000000000       0.0000000000000000          0
  128.929260      26.509104      -0.0000000000000000       0.0000000000000000          0
  132.191720      26.623985      -0.0000000000000000       0.0000000000000000          0
  135.457931      26.721029      -0.0000000000000000       0.0000000000000000          0
  34.485672      15.626008      -1.2074743187578090       0.3555307208419666        715
  37.553858      15.925897      -1.2268749511087540       0.3707488445590389        715
  40.625934      16.232802      -1.2427761315447816       0.3868533167981768        715
  43.702182      16.545852      -0.0000000000000000       0.0000000000000000          0
  46.782885      16.864150      -1.7078725244467303       1.3072376393882981        710
  49.868325      17.186786      -0.0000000000000000       0.0000000000000000          0
  52.958782      17.512829      -0.0000000000000000       0.0000000000000000          0
  56.054528      17.841335      -0.0000000000000000       0.0000000000000000          0
  59.155830      18.171350      -0.0000000000000000       0.0000000000000000          0
  62.262944      18.501909      -0.0000000000000000       0.0000000000000000          0
  65.376110      18.832039      -0.0000000000000000       0.0000000000000000          0
  68.495553      19.160765      -0.0000000000000000       0.0000000000000000          0
  71.621481      19.487108      -0.0000000000000000       0.0000000000000000          0
  74.754078      19.810092      -0.0000000000000000       0.0000000000000000          0
  77.893501      20.128743      -0.0000000000000000       0.0000000000000000          0
  81.039883      20.442093      -0.0000000000000000       0.0000000000000000          0
  84.193325      20.749185      -3.7497258018284034       2.3148977719231980        501
  87.353895      21.049075      -0.0000000000000000       0.0000000000000000          0
  90.521625      21.340832      -3.9145975279830711       2.4411008208685785        502
  93.696512      21.623546      -0.0000000000000000       0.0000000000000000          0
  96.878512      21.896326      -1.1629418173799122      -0.1764481717089384        603
  100.067540      22.158310      -1.2280214051381688      -0.0778799789575900      60301
  103.263469      22.408662      -1.2888760964729165      -0.0562858697138202        604
  106.466130      22.646576      -1.3458370612691537      -0.0325695622982493      60406
  109.675310      22.871284      -1.3566650774617788       0.0045312598161164          0
  112.890752      23.082053      -1.3541355687480388       0.0482543333363661          0
  116.112158      23.278193      -1.3565167697393410       0.0866227421146324          0
  119.339185      23.459058      -1.3624816904723172       0.1181815851225608        612
  122.571453      23.624046      -0.0000000000000000       0.0000000000000000          0
  125.808541      23.772610      -0.0000000000000000       0.0000000000000000          0
  129.049991      23.904250      -0.0000000000000000       0.0000000000000000          0
  132.295314      24.018523      -0.0000000000000000       0.0000000000000000          0
  135.543989      24.115045      -0.0000000000000000       0.0000000000000000          0
  34.752568      13.031719      -1.2093002808490219       0.3794924807201028        715
  37.827802      13.332260      -1.2284368469232720       0.3920205852673516        715
  40.906181      13.639756      -1.2440495228811468       0.4053976623529554        715
  43.987964      13.953326      -0.0000000000000000       0.0000000000000000          0
  47.073413      14.272070      -1.7447061197063978       1.6694646332647314        710
  50.162791      14.595068      -1.1865304529973744       1.0124581413168268        709
  53.256359      14.921388      -1.1562923547192181       1.0303391392348227        709
  56.354376      15.250082      -0.0000000000000000       0.0000000000000000          0
  59.457091      15.580192      -0.0000000000000000       0.0000000000000000          0
  62.564749      15.910751      -0.0000000000000000       0.0000000000000000          0
  65.677578      16.240788      -0.0000000000000000       0.0000000000000000          0
  68.795797      16.569327      -0.0000000000000000       0.0000000000000000          0
  71.919603      16.895391      -0.0000000000000000       0.0000000000000000          0
  75.049178      17.218006      -0.0000000000000000       0.0000000000000000          0
  78.184677      17.536203      -0.0000000000000000       0.0000000000000000          0
  81.326234      17.849019      -0.0000000000000000       0.0000000000000000          0
  84.473951      18.155502      -0.0000000000000000       0.0000000000000000          0
  87.627905      18.454715      -0.0000000000000000       0.0000000000000000          0
  90.788137      18.745736      -0.0000000000000000       0.0000000000000000          0
  93.954656      19.027662      -0.0000000000000000       0.0000000000000000          0
  97.127433      19.299614      -1.1659164466880547      -0.1442524555800735        603
  100.306405      19.560738      -1.2327042100433052      -0.0224287546678260      60301
  103.491468      19.810207      -1.2930664539994390      -0.0037737001598968        604
  106.682479      20.047230      -1.3495352812613843       0.0168451738747417        604
  109.879258      20.271047      -1.4019098216162620       0.0393594304400582      60405
  113.081581      20.480938      -0.0000000000000000       0.0000000000000000          0
  116.289189      20.676223      -0.0000000000000000       0.0000000000000000          0
  119.501783      20.856266      -0.0000000000000000       0.0000000000000000          0
  122.719027      21.020479      -0.0000000000000000       0.0000000000000000          0
  125.940550      21.168322      -0.0000000000000000       0.0000000000000000          0
  129.165949      21.299305      -0.0000000000000000       0.0000000000000000          0
  132.394790      21.412995      -0.0000000000000000       0.0000000000000000          0
  135.626611      21.509014      -5.9035621435698236       1.4526231337820412      61502
  35.013924      10.437162      -1.2110629119120155       0.4021623827263312        715
  38.095927      10.738336      -1.2299383696742354       0.4119523581721424        715
  41.180335      11.046403      -0.0000000000000000       0.0000000000000000          0
  44.267387      11.360474      -1.2345150406715109       0.9703624469914340        709
  47.357325      11.679645      -1.2109645737052255       0.9849070347982278        709
  50.450395      12.002990      -1.1838637864768415       0.9998946068770870        709
  53.546844      12.329572      -1.1532784846550652       1.0152683972094494        709
  56.646913      12.658440      -0.0000000000000000       0.0000000000000000          0
  59.750843      12.988633      -0.0000000000000000       0.0000000000000000          0
  62.858865      13.319185      -0.0000000000000000       0.0000000000000000          0
  65.971201      13.649123      -0.0000000000000000       0.0000000000000000          0
  69.088061      13.977471      -0.0000000000000000       0.0000000000000000          0
  72.209639      14.303254      -0.0000000000000000       0.0000000000000000          0
  75.336112      14.625503      -0.0000000000000000       0.0000000000000000          0
  78.467638      14.943250      -0.0000000000000000       0.0000000000000000          0
  81.604352      15.255539      -0.0000000000000000       0.0000000000000000          0
  84.746362      15.561424      -0.0000000000000000       0.0000000000000000          0
  87.893751      15.859974      -0.0000000000000000       0.0000000000000000          0
  91.046573      16.150274      -0.0000000000000000       0.0000000000000000          0
  94.204850      16.431431      -0.0000000000000000       0.0000000000000000          0
  97.368571      16.702575      -1.1687770785525908      -0.1122312184661283      60302
  100.537691      16.962861      -0.0000000000000000       0.0000000000000000          0
  103.712132      17.211473      -1.2971025036619463       0.0482691980012455        604
  106.891777      17.447630      -1.3530946519470923       0.0657504933735138        604
  110.076476      17.670582      -1.4049996756502796       0.0849785340661852        604
  113.266042      17.879621      -1.3494485726710834       0.0838357321366913        612
  116.460250      18.074078      -0.0000000000000000       0.0000000000000000          0
  119.658844      18.253327      -0.0000000000000000       0.0000000000000000          0
  122.861532      18.416789      -0.0000000000000000       0.0000000000000000          0
  126.067990      18.563934      -0.0000000000000000       0.0000000000000000          0
  129.277866      18.694284      -0.0000000000000000       0.0000000000000000          0
  132.490778      18.807411      -0.0000000000000000       0.0000000000000000          0
  135.706320      18.902945      -5.9269298691139998       2.3009205816147129      61502
  35.270953       7.842397      -1.2127717830343179       0.4235064313804010        712
  38.359484       8.144187      -0.0000000000000000       0.0000000000000000          0
  41.449684       8.452807      -1.2528630419683777       0.9491280021587492        709
  44.541771       8.767364      -1.2325680709290430       0.9604647698676703        709
  47.635971       9.086946      -1.2086666412960456       0.9723479592523956        709
  50.732516       9.410623      -1.1812189850919970       0.9847359871887337        709
  53.831636       9.737454      -0.0000000000000000       0.0000000000000000          0
  56.933563      10.066485      -0.0000000000000000       0.0000000000000000          0
  60.038525      10.396752      -0.0000000000000000       0.0000000000000000          0
  63.146745      10.727288      -0.0000000000000000       0.0000000000000000          0
  66.258439      11.057120      -0.0000000000000000       0.0000000000000000          0
  69.373811      11.385273      -0.0000000000000000       0.0000000000000000          0
  72.493054      11.710774      -0.0000000000000000       0.0000000000000000          0
  75.616344      12.032656      -0.0000000000000000       0.0000000000000000          0
  78.743840      12.349957      -0.0000000000000000       0.0000000000000000          0
  81.875682      12.661725      -0.0000000000000000       0.0000000000000000          0
  85.011984      12.967019      -0.0000000000000000       0.0000000000000000          0
  88.152839      13.264916      -0.0000000000000000       0.0000000000000000          0
  91.298313      13.554509      -0.0000000000000000       0.0000000000000000          0
  94.448441      13.834912      -0.0000000000000000       0.0000000000000000          0
  97.603233      14.105264      -1.1715410091215404      -0.0804320350664748      60302
  100.762663      14.364730      -1.2692658248054844       0.0286191197417059        647
  103.926677      14.612506      -1.3010081843525549       0.0997541124304441      60402
  107.095186      14.847817      -1.3565365646035834       0.1140647190045031        604
  110.268069      15.069927      -1.4079854469502535       0.1299749344463459        604
  113.445173      15.278136      -0.0000000000000000       0.0000000000000000          0
  116.626311      15.471787      -0.0000000000000000       0.0000000000000000          0
  119.811265      15.650263      -0.0000000000000000       0.0000000000000000          0
  122.999785      15.812996      -0.0000000000000000       0.0000000000000000          0
  126.191595      15.959464      -7.1848065346716226       1.2132999456924431        675
  129.386388      16.089198      -7.2245304625396871       1.3217223518656587        684
  132.583835      16.201778      -7.2418031189814860       1.4325822302221132        801
  135.783583      16.296842      -7.2365165171096137       1.5451795716295904        801
  35.524792       5.247477      -1.2144354989270205       0.4434900249345136        712
  38.619645       5.549869      -0.0000000000000000       0.0000000000000000          0
  41.715430       5.859030      -1.2512613336880076       0.9394648620066287        709
  44.812348       6.174059      -1.2306204297305394       0.9480609351574614        709
  47.910611       6.494039      -1.2063737824957195       0.9572603752464223        709
  51.010434       6.818036      -0.0000000000000000       0.0000000000000000          0
  54.112037       7.145104      -0.0000000000000000       0.0000000000000000          0
  57.215642       7.474287      -0.0000000000000000       0.0000000000000000          0
  60.321467       7.804619      -0.0000000000000000       0.0000000000000000          0
  63.429729       8.135131      -0.0000000000000000       0.0000000000000000          0
  66.540639       8.464850      -0.0000000000000000       0.0000000000000000          0
  69.654399       8.792804      -0.0000000000000000       0.0000000000000000          0
  72.771199       9.118021      -0.0000000000000000       0.0000000000000000          0
  75.891218       9.439536      -0.0000000000000000       0.0000000000000000          0
  79.014618       9.756392      -0.0000000000000000       0.0000000000000000          0
  82.141544      10.067641      -0.0000000000000000       0.0000000000000000          0
  85.272120      10.372351      -0.0000000000000000       0.0000000000000000          0
  88.406449      10.669602      -0.0000000000000000       0.0000000000000000          0
  91.544608      10.958497      -0.0000000000000000       0.0000000000000000          0
  94.686651      11.238158      -0.0000000000000000       0.0000000000000000          0
  97.832605      11.507731      -1.1742236449396362      -0.0489056325962352      60302
  100.982465      11.766393      -1.2711302035485212       0.0527723652265640        647
  104.136203      12.013346      -1.3048048952731439       0.1505898273073425      60402
  107.293755      12.247829      -1.3598801050164653       0.1617036910118090      60402
  110.455032      12.469114      -1.3382727759633621       0.0910713787600102        612
  113.619913      12.676512      -1.3506257934297994       0.1063324753432928        613
  116.788245      12.869375      -1.3588655638609017       0.1222980202191306        613
  119.959851      13.047096      -0.0000000000000000       0.0000000000000000          0
  123.134523      13.209117      -0.0000000000000000       0.0000000000000000          0
  126.312025      13.354926      -7.1867100055035884       1.2744615322754109        801
  129.492100      13.484059      -7.2254615398501638       1.3649801445247556        801
  132.674464      13.596107      -7.2419641836288129       1.4578092133862504        801
  135.858816      13.690712      -7.2361205179827230       1.5523094316093236        801
  35.776528       2.652456      -1.2160618808428143       0.4620782484182072        712
  38.877526       2.955439      -0.0000000000000000       0.0000000000000000          0
  41.978716       3.265128      -1.2496479032271772       0.9273497427343527        709
  45.080287       3.580618      -1.2286647364250383       0.9331869747121224        709
  48.182433       3.900986      -0.0000000000000000       0.0000000000000000          0
  51.285359       4.225292      -0.0000000000000000       0.0000000000000000          0
  54.389273       4.552587      -0.0000000000000000       0.0000000000000000          0
  57.494389       4.881912      -0.0000000000000000       0.0000000000000000          0
  60.600919       5.212300      -0.0000000000000000       0.0000000000000000          0
  63.709074       5.542781      -0.0000000000000000       0.0000000000000000          0
  66.819062       5.872381      -0.0000000000000000       0.0000000000000000          0
  69.931083       6.200130      -0.0000000000000000       0.0000000000000000          0
  73.045330       6.525059      -0.0000000000000000       0.0000000000000000          0
  76.161983       6.846205      -0.0000000000000000       0.0000000000000000          0
  79.281210       7.162616      -0.0000000000000000       0.0000000000000000          0
  82.403163       7.473349      -0.0000000000000000       0.0000000000000000          0
  85.527976       7.777477      -0.0000000000000000       0.0000000000000000          0
  88.655763       8.074088      -0.0000000000000000       0.0000000000000000          0
  91.786616       8.362291      -0.0000000000000000       0.0000000000000000          0
  94.920606       8.641217      -1.2129587976637384       0.0604589427398773      67352
  98.057778       8.910022      -1.2448022531523599       0.0679204729837856      67301
  101.198151       9.167890      -1.2729414795609988       0.0763725665640944        647
  104.341719       9.414034      -1.2972803586437205       0.0857713175737497      64701
  107.488448       9.647702      -1.3631425108279505       0.2085813415837915      60402
  110.638277       9.868176      -1.3390997660412949       0.1047422574250067        613
  113.791116      10.074776      -1.3511768463057303       0.1166890573552115        613
  116.946851      10.266865      -0.0000000000000000       0.0000000000000000          0
  120.105340      10.443847      -0.9795012998347202       0.4633989399155106        738
  123.266414      10.605170      -0.0000000000000000       0.0000000000000000          0
  126.429882      10.750331      -7.1885420627926511       1.3315960745372608        801
  129.595529      10.878877      -7.2263487147498422       1.4041847178034572        801
  132.763120      10.990403      -7.2421042094316253       1.4789620223162034        801
  135.932400      11.084560      -7.2357211355131525       1.5553485046906246        801
  36.027208       0.057384      -1.2176581200999219       0.4792360920884478        712
  39.134202       0.360949      -1.2354984109515534       0.4777270701429178        713
  42.240646       0.671158      -1.2480166072334278       0.9128141772568522        709
  45.346711       0.987100      -0.0000000000000000       0.0000000000000000          0
  48.452581       1.307845      -0.0000000000000000       0.0000000000000000          0
  51.558450       1.632451      -0.0000000000000000       0.0000000000000000          0
  54.664518       1.959965      -0.0000000000000000       0.0000000000000000          0
  57.770989       2.289423      -0.0000000000000000       0.0000000000000000          0
  60.878072       2.619859      -0.0000000000000000       0.0000000000000000          0
  63.985975       2.950301      -0.0000000000000000       0.0000000000000000          0
  67.094903       3.279776      -0.0000000000000000       0.0000000000000000          0
  70.205059       3.607314      -0.0000000000000000       0.0000000000000000          0
  73.316635       3.931950      -0.0000000000000000       0.0000000000000000          0
  76.429819       4.252725      -0.0000000000000000       0.0000000000000000          0
  79.544784       4.568688      -0.0000000000000000       0.0000000000000000          0
  82.661691       4.878904      -0.0000000000000000       0.0000000000000000          0
  85.780684       5.182451      -0.0000000000000000       0.0000000000000000          0
  88.901891       5.478424      -0.0000000000000000       0.0000000000000000          0
  92.025420       5.765940      -0.0000000000000000       0.0000000000000000          0
  95.151358       6.044137      -0.0000000000000000       0.0000000000000000          0
  98.279771       6.312180      -1.2469152684676004       0.0939954690584177      67352
  101.410701       6.569261      -1.2747087677628512       0.0993809297611875        647
  104.544165       6.814605      -1.2987146919549697       0.1056396589640306      64701
  107.680158       7.047467      -0.0000000000000000       0.0000000000000000          0
  110.818648       7.267140      -1.3399004118278228       0.1178067937033667      61404
  113.959578       7.472954      -0.0000000000000000       0.0000000000000000          0
  117.102867       7.664280      -1.4827416680131480       0.0073192448587315      61407
  120.248410       7.840533      -7.0516394618135330       1.2834595602761185        801
  123.396078       8.001169      -7.1317207060124463       1.3325261573412950        801
  126.545720       8.145693      -7.1903131052217386       1.3846246520010490        801
  129.697165       8.273661      -7.2271975685695828       1.4392903372305259        801
  132.850222       8.384674      -7.2422248955248270       1.4960278098874311        801
  136.004682       8.478390      -7.2353171933192382       1.5543165032551960        801
  36.277866      -2.537689      -1.2192309088139524       0.4949286014294158        712
  39.390732      -2.233548      -1.2368097140545025       0.4905411511583627        713
  42.502297      -1.922825      -0.0000000000000000       0.0000000000000000          0
  45.612719      -1.606439      -0.0000000000000000       0.0000000000000000          0
  48.722171      -1.285324      -0.0000000000000000       0.0000000000000000          0
  51.830837      -0.960426      -0.0000000000000000       0.0000000000000000          0
  54.938910      -0.632703      -0.0000000000000000       0.0000000000000000          0
  58.046589      -0.303119      -1.1028558235281531       0.9050211366958705        704
  61.154079       0.027357      -0.0000000000000000       0.0000000000000000          0
  64.261586       0.357752      -0.0000000000000000       0.0000000000000000          0
  67.369317       0.687095      -0.0000000000000000       0.0000000000000000          0
  70.477474       1.014417      -0.0000000000000000       0.0000000000000000          0
  73.586257       1.338755      -0.0000000000000000       0.0000000000000000          0
  76.695857       1.659152      -0.0000000000000000       0.0000000000000000          0
  79.806457       1.974665      -0.0000000000000000       0.0000000000000000          0
  82.918227       2.284362      -0.0000000000000000       0.0000000000000000          0
  86.031323       2.587326      -0.0000000000000000       0.0000000000000000          0
  89.145888       2.882661      -0.0000000000000000       0.0000000000000000          0
  92.262047       3.169490      -0.0000000000000000       0.0000000000000000          0
  95.379904       3.446960      -0.0000000000000000       0.0000000000000000          0
  98.499547       3.714244      -1.2489887406276421       0.1194406210195137      67350
  101.621040       3.970544      -1.2764404083569756       0.1217569947486872      67301
  104.744426       4.215092      -1.3001175933335356       0.1248748560652561      64701
  107.869727       4.447154      -1.3199431128923658       0.1287578857041319        614
  110.996941       4.666033      -0.0000000000000000       0.0000000000000000          0
  114.126043       4.871068      -0.0000000000000000       0.0000000000000000          0
  117.256985       5.061640      -1.3557058012017205       0.1445004644901121        614
  120.389699       5.237171      -7.0556922149754042       1.3675026206595629        801
  123.524095       5.397127      -7.1345236646237487       1.3990813926096868        801
  126.660060       5.541023      -7.1920324104961040       1.4334672909971040        801
  129.797465       5.668419      -7.2280129681514982       1.4702512637247662        801
  132.936163       5.778926      -7.2423275691349627       1.5089948500983854        801
  136.075991       5.872207      -7.2349074121112711       1.5492354487370319        801
>