>anchorPlateId 301
>reconstructionTime 109
>DeformingMeshPoints.gpml lat_lon_velocity_domain_28_32.gpml
>MeshNode <identity>GPlates-b7a3af0e-8119-4abb-9ae6-39bb7e5702ce</identity> <revision>GPlates-7b04c5e6-7801-49f1-bcc4-23d6f4e5417f</revision>
> reconstructionPlateId 0
> validTime TimePeriod <begin> TimeInstant <timePosition>http://gplates.org/times/distantPast</timePosition></begin> <end> TimeInstant <timePosition>http://gplates.org/times/distantFuture</timePosition></end>
  50.282231      73.400820      -0.0000000000000000       0.0000000000000000        302
  53.462913      73.326292      -0.0000000000000000       0.0000000000000000        373
  56.629496      73.250941      -0.0000000000000000       0.0000000000000000        373
  59.782046      73.175001      -0.0000000000000000       0.0000000000000000        372
  62.920669      73.098703      -0.0000000000000000       0.0000000000000000        372
  66.045516      73.022279      -0.0000000000000000       0.0000000000000000        372
  69.156774      72.945955      -0.0000000000000000       0.0000000000000000        372
  72.254668      72.869955      -0.0000000000000000       0.0000000000000000        372
  75.339457      72.794500      -0.0000000000000000       0.0000000000000000        401
  78.411428      72.719805      -0.0000000000000000       0.0000000000000000        401
  81.470898      72.646082      -0.0000000000000000       0.0000000000000000        401
  84.518210      72.573536      -0.0000000000000000       0.0000000000000000        401
  87.553729      72.502368      -0.0000000000000000       0.0000000000000000        401
  90.577844      72.432772      -0.0000000000000000       0.0000000000000000        401
  93.590960      72.364935      -0.0000000000000000       0.0000000000000000        401
  96.593500      72.299039      -0.0000000000000000       0.0000000000000000        401
  99.585904      72.235256      -0.0000000000000000       0.0000000000000000        401
  102.568624      72.173755      -0.0000000000000000       0.0000000000000000        401
  105.542124      72.114694      -0.0000000000000000       0.0000000000000000        401
  108.506881      72.058225      -0.0000000000000000       0.0000000000000000        401
  111.463378      72.004490      -0.0000000000000000       0.0000000000000000        401
  114.412109      71.953627      -0.0000000000000000       0.0000000000000000        401
  117.353573      71.905761      -0.0000000000000000       0.0000000000000000        401
  120.288277      71.861012      -0.0000000000000000       0.0000000000000000        401
  123.216732      71.819490      -0.0000000000000000       0.0000000000000000        401
  126.139454      71.781297      -0.0000000000000000       0.0000000000000000        401
  129.056963      71.746525      -0.0000000000000000       0.0000000000000000          0
  131.969782      71.715260      -0.0000000000000000       0.0000000000000000          0
  134.878436      71.687577      -0.0000000000000000       0.0000000000000000          0
  137.783454      71.663541      -0.0000000000000000       0.0000000000000000          0
  140.685365      71.643212      -0.0000000000000000       0.0000000000000000          0
  143.584701      71.626636      -0.0000000000000000       0.0000000000000000          0
  146.481994      71.613854       0.2449459006107098       0.2091740585708310      42201
  49.639975      70.801122      -0.0000000000000000       0.0000000000000000        302
  52.814924      70.726789      -0.0000000000000000       0.0000000000000000        302
  55.977856      70.651587      -0.0000000000000000       0.0000000000000000        373
  59.128796      70.575750      -0.0000000000000000       0.0000000000000000        372
  62.267809      70.499508      -0.0000000000000000       0.0000000000000000        372
  65.394994      70.423092      -0.0000000000000000       0.0000000000000000        372
  68.510486      70.346728      -0.0000000000000000       0.0000000000000000        372
  71.614451      70.270643      -0.0000000000000000       0.0000000000000000        401
  74.707086      70.195057      -0.0000000000000000       0.0000000000000000        401
  77.788615      70.120190      -0.0000000000000000       0.0000000000000000        401
  80.859290      70.046254      -0.0000000000000000       0.0000000000000000        401
  83.919384      69.973459      -0.0000000000000000       0.0000000000000000        401
  86.969196      69.902007      -0.0000000000000000       0.0000000000000000        401
  90.009043      69.832096      -0.0000000000000000       0.0000000000000000        401
  93.039261      69.763918      -0.0000000000000000       0.0000000000000000        401
  96.060204      69.697658      -0.0000000000000000       0.0000000000000000        401
  99.072241      69.633494      -0.0000000000000000       0.0000000000000000        401
  102.075754      69.571597      -0.0000000000000000       0.0000000000000000        401
  105.071140      69.512130      -0.0000000000000000       0.0000000000000000        401
  108.058804      69.455249      -0.0000000000000000       0.0000000000000000        401
  111.039166      69.401103      -0.0000000000000000       0.0000000000000000        401
  114.012650      69.349830      -0.0000000000000000       0.0000000000000000        401
  116.979691      69.301564      -0.0000000000000000       0.0000000000000000        401
  119.940730      69.256425      -0.0000000000000000       0.0000000000000000        401
  122.896216      69.214530      -0.0000000000000000       0.0000000000000000        401
  125.846601      69.175983      -0.0000000000000000       0.0000000000000000        401
  128.792344      69.140881      -0.0000000000000000       0.0000000000000000      43102
  131.733906      69.109312      -0.0000000000000000       0.0000000000000000      43101
  134.671753      69.081353      -0.0000000000000000       0.0000000000000000      43202
  137.606355      69.057075      -0.0000000000000000       0.0000000000000000      43202
  140.538182      69.036537      -0.0000000000000000       0.0000000000000000      43200
  143.467708      69.019789      -0.0000000000000000       0.0000000000000000      43200
  146.395408      69.006873      -0.0000000000000000       0.0000000000000000      43200
  49.145930      68.199704      -0.0000000000000000       0.0000000000000000        302
  52.315910      68.125528      -0.0000000000000000       0.0000000000000000        302
  55.475466      68.050448      -0.0000000000000000       0.0000000000000000        302
  58.624602      67.974697      -0.0000000000000000       0.0000000000000000        302
  61.763354      67.898504      -0.0000000000000000       0.0000000000000000        302
  64.891792      67.822100      -0.0000000000000000       0.0000000000000000        302
  68.010015      67.745713      -0.0000000000000000       0.0000000000000000        390
  71.118149      67.669568      -0.0000000000000000       0.0000000000000000        401
  74.216350      67.593888      -0.0000000000000000       0.0000000000000000        401
  77.304797      67.518893      -0.0000000000000000       0.0000000000000000        401
  80.383697      67.444798      -0.0000000000000000       0.0000000000000000        401
  83.453274      67.371813      -0.0000000000000000       0.0000000000000000        401
  86.513776      67.300146      -0.0000000000000000       0.0000000000000000        401
  89.565471      67.229995      -0.0000000000000000       0.0000000000000000        401
  92.608643      67.161556      -0.0000000000000000       0.0000000000000000        401
  95.643592      67.095016      -0.0000000000000000       0.0000000000000000        401
  98.670635      67.030557      -0.0000000000000000       0.0000000000000000        401
  101.690102      66.968353      -0.0000000000000000       0.0000000000000000        401
  104.702336      66.908571      -0.0000000000000000       0.0000000000000000        401
  107.707689      66.851371      -0.0000000000000000       0.0000000000000000        401
  110.706527      66.796904      -0.0000000000000000       0.0000000000000000        401
  113.699223      66.745313      -0.0000000000000000       0.0000000000000000        401
  116.686159      66.696733      -0.0000000000000000       0.0000000000000000        401
  119.667725      66.651290      -0.0000000000000000       0.0000000000000000        401
  122.644316      66.609103      -0.0000000000000000       0.0000000000000000        401
  125.616336      66.570279      -0.0000000000000000       0.0000000000000000        401
  128.584191      66.534917      -0.0000000000000000       0.0000000000000000      43101
  131.548293      66.503109      -0.0000000000000000       0.0000000000000000      43101
  134.509060      66.474934      -0.0000000000000000       0.0000000000000000      43101
  137.466909      66.450465      -0.0000000000000000       0.0000000000000000      43202
  140.422263      66.429763      -0.0000000000000000       0.0000000000000000      43200
  143.375548      66.412880      -0.0000000000000000       0.0000000000000000      43200
  146.327190      66.399858      -0.0000000000000000       0.0000000000000000      43200
  48.752696      65.597117      -0.0000000000000000       0.0000000000000000        302
  51.918372      65.523069      -0.0000000000000000       0.0000000000000000        302
  55.074888      65.448091      -0.0000000000000000       0.0000000000000000        302
  58.222233      65.372412      -0.0000000000000000       0.0000000000000000        302
  61.360427      65.296264      -0.0000000000000000       0.0000000000000000        302
  64.489518      65.219874      -0.0000000000000000       0.0000000000000000        390
  67.609580      65.143472      -0.0000000000000000       0.0000000000000000        468
  70.720715      65.067283      -0.0000000000000000       0.0000000000000000        401
  73.823045      64.991532      -0.0000000000000000       0.0000000000000000        401
  76.916721      64.916438      -0.0000000000000000       0.0000000000000000        401
  80.001913      64.842219      -0.0000000000000000       0.0000000000000000        401
  83.078810      64.769086      -0.0000000000000000       0.0000000000000000        401
  86.147624      64.697249      -0.0000000000000000       0.0000000000000000        401
  89.208582      64.626908      -0.0000000000000000       0.0000000000000000        401
  92.261929      64.558261      -0.0000000000000000       0.0000000000000000        401
  95.307926      64.491499      -0.0000000000000000       0.0000000000000000        401
  98.346846      64.426804      -0.0000000000000000       0.0000000000000000        401
  101.378980      64.364355      -0.0000000000000000       0.0000000000000000        401
  104.404626      64.304322      -0.0000000000000000       0.0000000000000000        401
  107.424096      64.246865      -0.0000000000000000       0.0000000000000000        401
  110.437712      64.192140      -0.0000000000000000       0.0000000000000000        401
  113.445805      64.140293      -0.0000000000000000       0.0000000000000000        401
  116.448714      64.091460      -0.0000000000000000       0.0000000000000000        401
  119.446786      64.045772      -0.0000000000000000       0.0000000000000000        401
  122.440374      64.003349      -0.0000000000000000       0.0000000000000000        401
  125.429839      63.964300      -0.0000000000000000       0.0000000000000000        401
  128.415547      63.928729      -0.0000000000000000       0.0000000000000000        401
  131.397865      63.896728      -0.0000000000000000       0.0000000000000000        401
  134.377170      63.868378      -0.0000000000000000       0.0000000000000000      43101
  137.353839      63.843754      -0.0000000000000000       0.0000000000000000      43101
  140.328253      63.822919      -0.0000000000000000       0.0000000000000000      43101
  143.300794      63.805926      -0.0000000000000000       0.0000000000000000      43101
  146.271850      63.792820      -0.0000000000000000       0.0000000000000000      43202
  48.431093      62.993700      -0.0000000000000000       0.0000000000000000        302
  51.593022      62.919759      -0.0000000000000000       0.0000000000000000        302
  54.746818      62.844867      -0.0000000000000000       0.0000000000000000        302
  57.892464      62.769251      -0.0000000000000000       0.0000000000000000        302
  61.029968      62.693141      -0.0000000000000000       0.0000000000000000        390
  64.159363      62.616766      -0.0000000000000000       0.0000000000000000        390
  67.280707      62.540354      -0.0000000000000000       0.0000000000000000        468
  70.394081      62.464132      -0.0000000000000000       0.0000000000000000        468
  73.499588      62.388325      -0.0000000000000000       0.0000000000000000        401
  76.597352      62.313152      -0.0000000000000000       0.0000000000000000        401
  79.687517      62.238833      -0.0000000000000000       0.0000000000000000        401
  82.770246      62.165581      -0.0000000000000000       0.0000000000000000        401
  85.845721      62.093606      -0.0000000000000000       0.0000000000000000        401
  88.914139      62.023111      -0.0000000000000000       0.0000000000000000        401
  91.975714      61.954295      -0.0000000000000000       0.0000000000000000        401
  95.030674      61.887350      -0.0000000000000000       0.0000000000000000        401
  98.079261      61.822463      -0.0000000000000000       0.0000000000000000        401
  101.121728      61.759813      -0.0000000000000000       0.0000000000000000        401
  104.158343      61.699572      -0.0000000000000000       0.0000000000000000        401
  107.189380      61.641904      -0.0000000000000000       0.0000000000000000        401
  110.215128      61.586967      -0.0000000000000000       0.0000000000000000        401
  113.235882      61.534908      -0.0000000000000000       0.0000000000000000        401
  116.251944      61.485867      -0.0000000000000000       0.0000000000000000        401
  119.263628      61.439977      -0.0000000000000000       0.0000000000000000        401
  122.271250      61.397358      -0.0000000000000000       0.0000000000000000        401
  125.275134      61.358124      -0.0000000000000000       0.0000000000000000        401
  128.275611      61.322379      -0.0000000000000000       0.0000000000000000        401
  131.273014      61.290217      -0.0000000000000000       0.0000000000000000        401
  134.267681      61.261722      -0.0000000000000000       0.0000000000000000        401
  137.259955      61.236970      -0.0000000000000000       0.0000000000000000      43101
  140.250181      61.216025      -0.0000000000000000       0.0000000000000000      43101
  143.238706      61.198941      -0.0000000000000000       0.0000000000000000      43400
  146.225881      61.185763      -0.0000000000000000       0.0000000000000000      43400
  48.162179      60.389671      -0.0000000000000000       0.0000000000000000        302
  51.320816      60.315823      -0.0000000000000000       0.0000000000000000        302
  54.472177      60.241004      -0.0000000000000000       0.0000000000000000        302
  57.616240      60.165442      -0.0000000000000000       0.0000000000000000        302
  60.753005      60.089366      -0.0000000000000000       0.0000000000000000        390
  63.882494      60.013006      -0.0000000000000000       0.0000000000000000        390
  67.004755      59.936588      -0.0000000000000000       0.0000000000000000        468
  70.119852      59.860340      -0.0000000000000000       0.0000000000000000        401
  73.227872      59.784487      -0.0000000000000000       0.0000000000000000        401
  76.328921      59.709251      -0.0000000000000000       0.0000000000000000        401
  79.423123      59.634850      -0.0000000000000000       0.0000000000000000        401
  82.510618      59.561499      -0.0000000000000000       0.0000000000000000        401
  85.591567      59.489409      -0.0000000000000000       0.0000000000000000        401
  88.666140      59.418785      -0.0000000000000000       0.0000000000000000        401
  91.734528      59.349828      -0.0000000000000000       0.0000000000000000        401
  94.796931      59.282731      -0.0000000000000000       0.0000000000000000        401
  97.853564      59.217683      -0.0000000000000000       0.0000000000000000        401
  100.904653      59.154864      -0.0000000000000000       0.0000000000000000        401
  103.950436      59.094449      -0.0000000000000000       0.0000000000000000        401
  106.991160      59.036604      -0.0000000000000000       0.0000000000000000        401
  110.027082      58.981488      -0.0000000000000000       0.0000000000000000        401
  113.058469      58.929251      -0.0000000000000000       0.0000000000000000        401
  116.085593      58.880035      -0.0000000000000000       0.0000000000000000        401
  119.108736      58.833973      -0.0000000000000000       0.0000000000000000        401
  122.128185      58.791189      -0.0000000000000000       0.0000000000000000        401
  125.144233      58.751799      -0.0000000000000000       0.0000000000000000        401
  128.157178      58.715907      -0.0000000000000000       0.0000000000000000        401
  131.167324      58.683609      -0.0000000000000000       0.0000000000000000        401
  134.174978      58.654992      -0.0000000000000000       0.0000000000000000        401
  137.180452      58.630131      -0.0000000000000000       0.0000000000000000      43101
  140.184059      58.609092      -0.0000000000000000       0.0000000000000000      43400
  143.186116      58.591931      -0.0000000000000000       0.0000000000000000          0
  146.186941      58.578693      -0.0000000000000000       0.0000000000000000          0
  47.933120      57.785181      -0.0000000000000000       0.0000000000000000        302
  51.088840      57.711413      -0.0000000000000000       0.0000000000000000        302
  54.238011      57.636658      -0.0000000000000000       0.0000000000000000        302
  57.380607      57.561143      -0.0000000000000000       0.0000000000000000        302
  60.516625      57.485098      -0.0000000000000000       0.0000000000000000        390
  63.646080      57.408751      -0.0000000000000000       0.0000000000000000        390
  66.769008      57.332330      -0.0000000000000000       0.0000000000000000        468
  69.885464      57.256062      -0.0000000000000000       0.0000000000000000        468
  72.995521      57.180171      -0.0000000000000000       0.0000000000000000        401
  76.099271      57.104881      -0.0000000000000000       0.0000000000000000        401
  79.196822      57.030411      -0.0000000000000000       0.0000000000000000        401
  82.288298      56.956977      -0.0000000000000000       0.0000000000000000        401
  85.373836      56.884790      -0.0000000000000000       0.0000000000000000        401
  88.453592      56.814057      -0.0000000000000000       0.0000000000000000        401
  91.527732      56.744980      -0.0000000000000000       0.0000000000000000        401
  94.596436      56.677753      -0.0000000000000000       0.0000000000000000        401
  97.659895      56.612567      -0.0000000000000000       0.0000000000000000        401
  100.718313      56.549605      -0.0000000000000000       0.0000000000000000        401
  103.771903      56.489041      -0.0000000000000000       0.0000000000000000        401
  106.820887      56.431044      -0.0000000000000000       0.0000000000000000        401
  109.865497      56.375775      -0.0000000000000000       0.0000000000000000        401
  112.905975      56.323385      -0.0000000000000000       0.0000000000000000        401
  115.942566      56.274018      -0.0000000000000000       0.0000000000000000        401
  118.975526      56.227809      -0.0000000000000000       0.0000000000000000        401
  122.005116      56.184884      -0.0000000000000000       0.0000000000000000        401
  125.031601      56.145359      -0.0000000000000000       0.0000000000000000        401
  128.055254      56.109341      -0.0000000000000000       0.0000000000000000        401
  131.076351      56.076927      -0.0000000000000000       0.0000000000000000        401
  134.095171      56.048204      -0.0000000000000000       0.0000000000000000        401
  137.111998      56.023250      -0.0000000000000000       0.0000000000000000        401
  140.127120      56.002131      -0.0000000000000000       0.0000000000000000        301
  143.140824      55.984903      -0.0000000000000000       0.0000000000000000          0
  146.153403      55.971613      -0.0000000000000000       0.0000000000000000          0
  47.734908      55.180334      -0.0000000000000000       0.0000000000000000        302
  50.888020      55.106635      -0.0000000000000000       0.0000000000000000        302
  54.035210      55.031937      -0.0000000000000000       0.0000000000000000        302
  57.176451      54.956464      -0.0000000000000000       0.0000000000000000        302
  60.311735      54.880447      -0.0000000000000000       0.0000000000000000        390
  63.441072      54.804113      -0.0000000000000000       0.0000000000000000        390
  66.564493      54.727689      -0.0000000000000000       0.0000000000000000        468
  69.682044      54.651404      -0.0000000000000000       0.0000000000000000        468
  72.793787      54.575482      -0.0000000000000000       0.0000000000000000        468
  75.899802      54.500147      -0.0000000000000000       0.0000000000000000        401
  79.000183      54.425618      -0.0000000000000000       0.0000000000000000        401
  82.095040      54.352112      -0.0000000000000000       0.0000000000000000        401
  85.184498      54.279842      -0.0000000000000000       0.0000000000000000        401
  88.268691      54.209015      -0.0000000000000000       0.0000000000000000        401
  91.347770      54.139834      -0.0000000000000000       0.0000000000000000        401
  94.421896      54.072495      -0.0000000000000000       0.0000000000000000        401
  97.491241      54.007190      -0.0000000000000000       0.0000000000000000        401
  100.555988      53.944102      -0.0000000000000000       0.0000000000000000        401
  103.616330      53.883409      -0.0000000000000000       0.0000000000000000        401
  106.672468      53.825281      -0.0000000000000000       0.0000000000000000        401
  109.724613      53.769879      -0.0000000000000000       0.0000000000000000        401
  112.772981      53.717356      -0.0000000000000000       0.0000000000000000        401
  115.817798      53.667858      -0.0000000000000000       0.0000000000000000        401
  118.859295      53.621521      -0.0000000000000000       0.0000000000000000        401
  121.897710      53.578473      -0.0000000000000000       0.0000000000000000        430
  124.933285      53.538830      -0.0000000000000000       0.0000000000000000        430
  127.966269      53.502702      -0.0000000000000000       0.0000000000000000        430
  130.996913      53.470186      -0.0000000000000000       0.0000000000000000        430
  134.025473      53.441371      -0.0000000000000000       0.0000000000000000        401
  137.052209      53.416335      -0.0000000000000000       0.0000000000000000        454
  140.077382      53.395146      -0.0000000000000000       0.0000000000000000        622
  143.101258      53.377860      -0.0000000000000000       0.0000000000000000          0
  146.124102      53.364525      -0.0000000000000000       0.0000000000000000          0
  47.561035      52.575204      -0.0000000000000000       0.0000000000000000        302
  50.711796      52.501568      -0.0000000000000000       0.0000000000000000        302
  53.857182      52.426919      -0.0000000000000000       0.0000000000000000        302
  56.997167      52.351485      -0.0000000000000000       0.0000000000000000        302
  60.131740      52.275493      -0.0000000000000000       0.0000000000000000        390
  63.260909      52.199171      -0.0000000000000000       0.0000000000000000        465
  66.384697      52.122746      -0.0000000000000000       0.0000000000000000        458
  69.503145      52.046447      -0.0000000000000000       0.0000000000000000        458
  72.616306      51.970498      -0.0000000000000000       0.0000000000000000        459
  75.724251      51.895124      -0.0000000000000000       0.0000000000000000        462
  78.827063      51.820544      -0.0000000000000000       0.0000000000000000        401
  81.924840      51.746976      -0.0000000000000000       0.0000000000000000        401
  85.017692      51.674632      -0.0000000000000000       0.0000000000000000        401
  88.105742      51.603723      -0.0000000000000000       0.0000000000000000        401
  91.189123      51.534451      -0.0000000000000000       0.0000000000000000        401
  94.267982      51.467014      -0.0000000000000000       0.0000000000000000        401
  97.342474      51.401604      -0.0000000000000000       0.0000000000000000        401
  100.412763      51.338407      -0.0000000000000000       0.0000000000000000        401
  103.479025      51.277601      -0.0000000000000000       0.0000000000000000        401
  106.541443      51.219356      -0.0000000000000000       0.0000000000000000        401
  109.600207      51.163836      -0.0000000000000000       0.0000000000000000        401
  112.655516      51.111197      -0.0000000000000000       0.0000000000000000        430
  115.707573      51.061583      -0.0000000000000000       0.0000000000000000        430
  118.756591      51.015134      -0.0000000000000000       0.0000000000000000        430
  121.802787      50.971976      -0.0000000000000000       0.0000000000000000        430
  124.846380      50.932230      -0.0000000000000000       0.0000000000000000        430
  127.887599      50.896005      -0.0000000000000000       0.0000000000000000        430
  130.926674      50.863399      -0.0000000000000000       0.0000000000000000        455
  133.963839      50.834503      -0.0000000000000000       0.0000000000000000        455
  136.999330      50.809395      -0.0000000000000000       0.0000000000000000        454
  140.033390      50.788143      -0.0000000000000000       0.0000000000000000        619
  143.066259      50.770806      -0.0000000000000000       0.0000000000000000          0
  146.098183      50.757431      -0.0000000000000000       0.0000000000000000          0
  47.406679      49.969849      -0.0000000000000000       0.0000000000000000        302
  50.555303      49.896268      -0.0000000000000000       0.0000000000000000        302
  53.699036      49.821665      -0.0000000000000000       0.0000000000000000        302
  56.837853      49.746265      -0.0000000000000000       0.0000000000000000        302
  59.971742      49.670295      -0.0000000000000000       0.0000000000000000        390
  63.100709      49.593984      -0.0000000000000000       0.0000000000000000        466
  66.224773      49.517560      -0.0000000000000000       0.0000000000000000        458
  69.343967      49.441249      -0.0000000000000000       0.0000000000000000        459
  72.458340      49.365277      -0.0000000000000000       0.0000000000000000        461
  75.567954      49.289868      -0.0000000000000000       0.0000000000000000        463
  78.672882      49.215243      -0.0000000000000000       0.0000000000000000        462
  81.773213      49.141620      -0.0000000000000000       0.0000000000000000        401
  84.869046      49.069212      -0.0000000000000000       0.0000000000000000        401
  87.960490      48.998230      -0.0000000000000000       0.0000000000000000        401
  91.047666      48.928877      -0.0000000000000000       0.0000000000000000        401
  94.130707      48.861353      -0.0000000000000000       0.0000000000000000        430
  97.209754      48.795850      -0.0000000000000000       0.0000000000000000        430
  100.284955      48.732556      -0.0000000000000000       0.0000000000000000        430
  103.356471      48.671648      -0.0000000000000000       0.0000000000000000        430
  106.424466      48.613300      -0.0000000000000000       0.0000000000000000        430
  109.489116      48.557676      -0.0000000000000000       0.0000000000000000        430
  112.550600      48.504932      -0.0000000000000000       0.0000000000000000        430
  115.609106      48.455216      -0.0000000000000000       0.0000000000000000        430
  118.664826      48.408665      -0.0000000000000000       0.0000000000000000        430
  121.717959      48.365411      -0.0000000000000000       0.0000000000000000        430
  124.768706      48.325572      -0.0000000000000000       0.0000000000000000        455
  127.817276      48.289260      -0.0000000000000000       0.0000000000000000        455
  130.863879      48.256574      -0.0000000000000000       0.0000000000000000        453
  133.908730      48.227605      -0.0000000000000000       0.0000000000000000        454
  136.952046      48.202432      -0.0000000000000000       0.0000000000000000        619
  139.994048      48.181125      -0.0000000000000000       0.0000000000000000        619
  143.034958      48.163743      -0.0000000000000000       0.0000000000000000          0
  146.075000      48.150332      -0.0000000000000000       0.0000000000000000          0
  47.268188      47.364309      -0.0000000000000000       0.0000000000000000        302
  50.414853      47.290779      -0.0000000000000000       0.0000000000000000        302
  53.557062      47.216217      -0.0000000000000000       0.0000000000000000        302
  56.694790      47.140848      -0.0000000000000000       0.0000000000000000        302
  59.828024      47.064900      -0.0000000000000000       0.0000000000000000        390
  62.956767      46.988600      -0.0000000000000000       0.0000000000000000        466
  66.081036      46.912175      -0.0000000000000000       0.0000000000000000        458
  69.200860      46.835854      -0.0000000000000000       0.0000000000000000        459
  72.316283      46.759862      -0.0000000000000000       0.0000000000000000        460
  75.427357      46.684422      -0.0000000000000000       0.0000000000000000        463
  78.534151      46.609757      -0.0000000000000000       0.0000000000000000        464
  81.636743      46.536085      -0.0000000000000000       0.0000000000000000        464
  84.735222      46.463620      -0.0000000000000000       0.0000000000000000        450
  87.829688      46.392573      -0.0000000000000000       0.0000000000000000        450
  90.920250      46.323148      -0.0000000000000000       0.0000000000000000        401
  94.007028      46.255545      -0.0000000000000000       0.0000000000000000        401
  97.090150      46.189959      -0.0000000000000000       0.0000000000000000        430
  100.169752      46.126577      -0.0000000000000000       0.0000000000000000        430
  103.245978      46.065579      -0.0000000000000000       0.0000000000000000        430
  106.318981      46.007138      -0.0000000000000000       0.0000000000000000        430
  109.388918      45.951420      -0.0000000000000000       0.0000000000000000        430
  112.455955      45.898582      -0.0000000000000000       0.0000000000000000        455
  115.520262      45.848772      -0.0000000000000000       0.0000000000000000        455
  118.582015      45.802131      -0.0000000000000000       0.0000000000000000        455
  121.641396      45.758789      -0.0000000000000000       0.0000000000000000        453
  124.698590      45.718867      -0.0000000000000000       0.0000000000000000        453
  127.753787      45.682477      -0.0000000000000000       0.0000000000000000        453
  130.807180      45.649718      -0.0000000000000000       0.0000000000000000        454
  133.858966      45.620683      -0.0000000000000000       0.0000000000000000        454
  136.909344      45.595453      -0.0000000000000000       0.0000000000000000        619
  139.958517      45.574096      -0.0000000000000000       0.0000000000000000        625
  143.006687      45.556671      -0.0000000000000000       0.0000000000000000          0
  146.054061      45.543228      -0.0000000000000000       0.0000000000000000          0
  47.142742      44.758619      -0.0000000000000000       0.0000000000000000        301
  50.287601      44.685135      -0.0000000000000000       0.0000000000000000        301
  53.428396      44.610611      -0.0000000000000000       0.0000000000000000        301
  56.565102      44.535271      -0.0000000000000000       0.0000000000000000        301
  59.697708      44.459342      -0.0000000000000000       0.0000000000000000        390
  62.826214      44.383052      -0.0000000000000000       0.0000000000000000        467
  65.950636      44.306628      -0.0000000000000000       0.0000000000000000        466
  69.070998      44.230298      -0.0000000000000000       0.0000000000000000        466
  72.187339      44.154287      -0.0000000000000000       0.0000000000000000        459
  75.299707      44.078821      -0.0000000000000000       0.0000000000000000        460
  78.408163      44.004120      -0.0000000000000000       0.0000000000000000        460
  81.512778      43.930403      -0.0000000000000000       0.0000000000000000        461
  84.613632      43.857887      -0.0000000000000000       0.0000000000000000        461
  87.710815      43.786780      -0.0000000000000000       0.0000000000000000        451
  90.804427      43.717290      -0.0000000000000000       0.0000000000000000        451
  93.894577      43.649617      -0.0000000000000000       0.0000000000000000        451
  96.981381      43.583955      -0.0000000000000000       0.0000000000000000        451
  100.064963      43.520493      -0.0000000000000000       0.0000000000000000        451
  103.145454      43.459412      -0.0000000000000000       0.0000000000000000        451
  106.222994      43.400887      -0.0000000000000000       0.0000000000000000        430
  109.297726      43.345084      -0.0000000000000000       0.0000000000000000        453
  112.369801      43.292160      -0.0000000000000000       0.0000000000000000        453
  115.439376      43.242267      -0.0000000000000000       0.0000000000000000        601
  118.506611      43.195543      -0.0000000000000000       0.0000000000000000        601
  121.571672      43.152121      -0.0000000000000000       0.0000000000000000        601
  124.634729      43.112123      -0.0000000000000000       0.0000000000000000        601
  127.695955      43.075661      -0.0000000000000000       0.0000000000000000        601
  130.755528      43.042837      -0.0000000000000000       0.0000000000000000        601
  133.813628      43.013742      -0.0000000000000000       0.0000000000000000        619
  136.870437      42.988458      -0.0000000000000000       0.0000000000000000          0
  139.926140      42.967056      -0.0000000000000000       0.0000000000000000          0
  142.980925      42.949594      -0.0000000000000000       0.0000000000000000          0
  146.034979      42.936121      -0.0000000000000000       0.0000000000000000          0
  47.028129      42.152803      -0.0000000000000000       0.0000000000000000        301
  50.171311      42.079362      -0.0000000000000000       0.0000000000000000        301
  53.310786      42.004872      -0.0000000000000000       0.0000000000000000        301
  56.446530      41.929558      -0.0000000000000000       0.0000000000000000        301
  59.578533      41.853648      -0.0000000000000000       0.0000000000000000        301
  62.706795      41.777367      -0.0000000000000000       0.0000000000000000        467
  65.831327      41.700944      -0.0000000000000000       0.0000000000000000        467
  68.952154      41.624606      -0.0000000000000000       0.0000000000000000        466
  72.069308      41.548580      -0.0000000000000000       0.0000000000000000        466
  75.182833      41.473089      -0.0000000000000000       0.0000000000000000        466
  78.292784      41.398355      -0.0000000000000000       0.0000000000000000        467
  81.399226      41.324599      -0.0000000000000000       0.0000000000000000        580
  84.502230      41.252035      -0.0000000000000000       0.0000000000000000        580
  87.601880      41.180875      -0.0000000000000000       0.0000000000000000        580
  90.698265      41.111325      -0.0000000000000000       0.0000000000000000        580
  93.791485      41.043587      -0.0000000000000000       0.0000000000000000        451
  96.881644      40.977856      -0.0000000000000000       0.0000000000000000        451
  99.968857      40.914321      -0.0000000000000000       0.0000000000000000        451
  103.053244      40.853165      -0.0000000000000000       0.0000000000000000        451
  106.134930      40.794563      -0.0000000000000000       0.0000000000000000        451
  109.214047      40.738681      -0.0000000000000000       0.0000000000000000        601
  112.290734      40.685680      -0.0000000000000000       0.0000000000000000        601
  115.365132      40.635708      -0.0000000000000000       0.0000000000000000        601
  118.437389      40.588909      -0.0000000000000000       0.0000000000000000        601
  121.507656      40.545414      -0.0000000000000000       0.0000000000000000        601
  124.576089      40.505347      -0.0000000000000000       0.0000000000000000        601
  127.642846      40.468819      -0.0000000000000000       0.0000000000000000        601
  130.708089      40.435934      -0.0000000000000000       0.0000000000000000          0
  133.771984      40.406785      -0.0000000000000000       0.0000000000000000          0
  136.834697      40.381452      -0.0000000000000000       0.0000000000000000          0
  139.896398      40.360008      -0.0000000000000000       0.0000000000000000        626
  142.957257      40.342511      -0.0000000000000000       0.0000000000000000        625
  146.017448      40.329011      -0.0000000000000000       0.0000000000000000          0
  46.922587      39.546882      -0.0000000000000000       0.0000000000000000        526
  50.064202      39.473480      -0.0000000000000000       0.0000000000000000        301
  53.202437      39.399023      -0.0000000000000000       0.0000000000000000        301
  56.337272      39.323734      -0.0000000000000000       0.0000000000000000        301
  59.468695      39.247840      -0.0000000000000000       0.0000000000000000        301
  62.596707      39.171569      -0.0000000000000000       0.0000000000000000        301
  65.721318      39.095147      -0.0000000000000000       0.0000000000000000        301
  68.842548      39.018802      -0.0000000000000000       0.0000000000000000        467
  71.960428      38.942761      -0.0000000000000000       0.0000000000000000        590
  75.074998      38.867247      -0.0000000000000000       0.0000000000000000        590
  78.186307      38.792484      -0.0000000000000000       0.0000000000000000        580
  81.294412      38.718691      -0.0000000000000000       0.0000000000000000        580
  84.399381      38.646084      -0.0000000000000000       0.0000000000000000        580
  87.501288      38.574874      -0.0000000000000000       0.0000000000000000        580
  90.600215      38.505270      -0.0000000000000000       0.0000000000000000        456
  93.696251      38.437472      -0.0000000000000000       0.0000000000000000        456
  96.789494      38.371677      -0.0000000000000000       0.0000000000000000        456
  99.880047      38.308076      -0.0000000000000000       0.0000000000000000        456
  102.968018      38.246850      -0.0000000000000000       0.0000000000000000        451
  106.053523      38.188177      -0.0000000000000000       0.0000000000000000        601
  109.136683      38.132223      -0.0000000000000000       0.0000000000000000        601
  112.217622      38.079149      -0.0000000000000000       0.0000000000000000        601
  115.296471      38.029106      -0.0000000000000000       0.0000000000000000        601
  118.373364      37.982237      -0.0000000000000000       0.0000000000000000        601
  121.448440      37.938675      -0.0000000000000000       0.0000000000000000        601
  124.521839      37.898543      -0.0000000000000000       0.0000000000000000        601
  127.593708      37.861954      -0.0000000000000000       0.0000000000000000        601
  130.664194      37.829014      -0.0000000000000000       0.0000000000000000          0
  133.733448      37.799813      -0.0000000000000000       0.0000000000000000          0
  136.801622      37.774436      -0.0000000000000000       0.0000000000000000          0
  139.868872      37.752952      -0.0000000000000000       0.0000000000000000          0
  142.935352      37.735424      -0.0000000000000000       0.0000000000000000        625
  146.001222      37.721899      -0.0000000000000000       0.0000000000000000          0
  46.824691      36.940873      -0.0000000000000000       0.0000000000000000        505
  49.964832      36.867507      -0.0000000000000000       0.0000000000000000        505
  53.101897      36.793080      -0.0000000000000000       0.0000000000000000        505
  56.235867      36.717815      -0.0000000000000000       0.0000000000000000        505
  59.366732      36.641937      -0.0000000000000000       0.0000000000000000        301
  62.494491      36.565674      -0.0000000000000000       0.0000000000000000        301
  65.619154      36.489254      -0.0000000000000000       0.0000000000000000        301
  68.740739      36.412903      -0.0000000000000000       0.0000000000000000        301
  71.859274      36.336848      -0.0000000000000000       0.0000000000000000        591
  74.974794      36.261314      -0.0000000000000000       0.0000000000000000        591
  78.087345      36.186524      -0.0000000000000000       0.0000000000000000          0
  81.196978      36.112696      -0.0000000000000000       0.0000000000000000        457
  84.303755      36.040049      -0.0000000000000000       0.0000000000000000        457
  87.407743      35.968794      -0.0000000000000000       0.0000000000000000        457
  90.509017      35.899138      -0.0000000000000000       0.0000000000000000        457
  93.607659      35.831286      -0.0000000000000000       0.0000000000000000        457
  96.703756      35.765432      -0.0000000000000000       0.0000000000000000        456
  99.797402      35.701768      -0.0000000000000000       0.0000000000000000        457
  102.888697      35.640478      -0.0000000000000000       0.0000000000000000        456
  105.977745      35.581738      -0.0000000000000000       0.0000000000000000        456
  109.064657      35.525717      -0.0000000000000000       0.0000000000000000        601
  112.149546      35.472576      -0.0000000000000000       0.0000000000000000        601
  115.232531      35.422467      -0.0000000000000000       0.0000000000000000        601
  118.313735      35.375533      -0.0000000000000000       0.0000000000000000        601
  121.393283      35.331907      -0.0000000000000000       0.0000000000000000        601
  124.471304      35.291715      -0.0000000000000000       0.0000000000000000        601
  127.547930      35.255071      -0.0000000000000000       0.0000000000000000        601
  130.623297      35.222078      -0.0000000000000000       0.0000000000000000          0
  133.697541      35.192830      -0.0000000000000000       0.0000000000000000          0
  136.770802      35.167411      -0.0000000000000000       0.0000000000000000          0
  139.843221      35.145891      -0.0000000000000000       0.0000000000000000        629
  142.914939      35.128332      -0.0000000000000000       0.0000000000000000          0
  145.986101      35.114784      -0.0000000000000000       0.0000000000000000          0
  46.733273      34.334788      -0.0000000000000000       0.0000000000000000          0
  49.872021      34.261457      -0.0000000000000000       0.0000000000000000        505
  53.007977      34.187058      -0.0000000000000000       0.0000000000000000        505
  56.141122      34.111815      -0.0000000000000000       0.0000000000000000        505
  59.271447      34.035953      -0.0000000000000000       0.0000000000000000        505
  62.398952      33.959698      -0.0000000000000000       0.0000000000000000        506
  65.523646      33.883279      -0.0000000000000000       0.0000000000000000      50601
  68.645544      33.806923      -0.0000000000000000       0.0000000000000000      50601
  71.764673      33.730856      -3.2894816729416831       1.1793463968959030        518
  74.881065      33.655303      -2.4408647190299080       0.8312726352708737        606
  77.994761      33.580487      -2.3744456222513728       0.9025681136853356        606
  81.105807      33.506628      -0.0000000000000000       0.0000000000000000          0
  84.214260      33.433943      -2.2210037952179258       1.0377048379909262        606
  87.320181      33.362645      -2.1344639353156771       1.1012015942385533        606
  90.423638      33.292943      -2.0417293950532391       1.1617717255016711        606
  93.524704      33.225038      -0.0000000000000000       0.0000000000000000          0
  96.623461      33.159129      -0.0000000000000000       0.0000000000000000          0
  99.719992      33.095408      -0.0000000000000000       0.0000000000000000        457
  102.814390      33.034057      -0.0000000000000000       0.0000000000000000        602
  105.906747      32.975255      -0.0000000000000000       0.0000000000000000        602
  108.997166      32.919172      -0.0000000000000000       0.0000000000000000        602
  112.085748      32.865967      -0.0000000000000000       0.0000000000000000        601
  115.172603      32.815796      -0.0000000000000000       0.0000000000000000        601
  118.257840      32.768801      -0.0000000000000000       0.0000000000000000        601
  121.341574      32.725117      -0.0000000000000000       0.0000000000000000        601
  124.423923      32.684868      -0.0000000000000000       0.0000000000000000        601
  127.505007      32.648171      -0.0000000000000000       0.0000000000000000        601
  130.584947      32.615129      -0.0000000000000000       0.0000000000000000          0
  133.663869      32.585837      -0.0000000000000000       0.0000000000000000          0
  136.741898      32.560378      -0.0000000000000000       0.0000000000000000          0
  139.819163      32.538825      -0.0000000000000000       0.0000000000000000          0
  142.895792      32.521238      -0.0000000000000000       0.0000000000000000          0
  145.971917      32.507668      -0.0000000000000000       0.0000000000000000          0
  46.647369      31.728640      -2.6558923914625425       0.8233315209208196        503
  49.784793      31.655342      -0.0000000000000000       0.0000000000000000          0
  52.919690      31.580970      -0.0000000000000000       0.0000000000000000        505
  56.052043      31.505747      -0.0000000000000000       0.0000000000000000        505
  59.181845      31.429899      -0.0000000000000000       0.0000000000000000        505
  62.309096      31.353653      -0.0000000000000000       0.0000000000000000      50601
  65.433802      31.277236      -0.0000000000000000       0.0000000000000000      50601
  68.555980      31.200874      -0.0000000000000000       0.0000000000000000        501
  71.675653      31.124796      -0.0000000000000000       0.0000000000000000        501
  74.792850      31.049225      -0.0000000000000000       0.0000000000000000        501
  77.907608      30.974385      -0.0000000000000000       0.0000000000000000        501
  81.019970      30.900497      -2.3031974239166004       0.9207814507412004        606
  84.129987      30.827777      -2.2232620670804564       0.9823634490425264        606
  87.237715      30.756439      -2.1368438882263638       1.0413535433594792        606
  90.343214      30.686692      -2.0442093291774972       1.0976076420683889        606
  93.446553      30.618739      -1.9456414718395936       1.1509916540418250        606
  96.547804      30.552778      -1.8414391296588126       1.2013814931348286        606
  99.647044      30.489002      -0.0000000000000000       0.0000000000000000        602
  102.744355      30.427594      -0.0000000000000000       0.0000000000000000        602
  105.839823      30.368734      -0.0000000000000000       0.0000000000000000        602
  108.933539      30.312592      -0.0000000000000000       0.0000000000000000        602
  112.025596      30.259328      -0.0000000000000000       0.0000000000000000        602
  115.116092      30.209098      -0.0000000000000000       0.0000000000000000        602
  118.205128      30.162045      -0.0000000000000000       0.0000000000000000        602
  121.292806      30.118306      -0.0000000000000000       0.0000000000000000        602
  124.379233      30.078005      -0.0000000000000000       0.0000000000000000        602
  127.464517      30.041257      -0.0000000000000000       0.0000000000000000        602
  130.548769      30.008169      -0.0000000000000000       0.0000000000000000          0
  133.632101      29.978836      -0.0000000000000000       0.0000000000000000          0
  136.714627      29.953339      -0.0000000000000000       0.0000000000000000          0
  139.796464      29.931754      -0.0000000000000000       0.0000000000000000          0
  142.877726      29.914141      -0.0000000000000000       0.0000000000000000          0
  145.958533      29.900550      -0.0000000000000000       0.0000000000000000          0
  46.566168      29.122437      -2.6516025370775114       1.0055191961185104        503
  49.702327      29.049170      -2.8133341276905810       1.0833093108233784        503
  52.836209      28.974823      -0.0000000000000000       0.0000000000000000          0
  55.967800      28.899621      -0.0000000000000000       0.0000000000000000        505
  59.097093      28.823787      -0.0000000000000000       0.0000000000000000        505
  62.224088      28.747548      -0.0000000000000000       0.0000000000000000      50601
  65.348793      28.671133      -0.0000000000000000       0.0000000000000000      50601
  68.471222      28.594767      -0.0000000000000000       0.0000000000000000        501
  71.591395      28.518677      -0.0000000000000000       0.0000000000000000        501
  74.709340      28.443090      -0.0000000000000000       0.0000000000000000        501
  77.825090      28.368228      -0.0000000000000000       0.0000000000000000        501
  80.938686      28.294312      -0.0000000000000000       0.0000000000000000        501
  84.050171      28.221559      -2.2253964608552250       0.9253243267582187        606
  87.159598      28.150183      -2.1390942241055710       0.9796653149505097        606
  90.267021      28.080394      -2.0465550903189795       1.0314654464681507        606
  93.372503      28.012395      -0.0000000000000000       0.0000000000000000        501
  96.476107      27.946386      -1.8439102743216986       1.1269656754546513        606
  99.577904      27.882558      -0.0000000000000000       0.0000000000000000        602
  102.677968      27.821096      -0.0000000000000000       0.0000000000000000        602
  105.776377      27.762181      -0.0000000000000000       0.0000000000000000        602
  108.873212      27.705982      -0.0000000000000000       0.0000000000000000        602
  111.968557      27.652663      -0.0000000000000000       0.0000000000000000        602
  115.062501      27.602377      -0.0000000000000000       0.0000000000000000        602
  118.155133      27.555270      -0.0000000000000000       0.0000000000000000        602
  121.246547      27.511478      -0.0000000000000000       0.0000000000000000        602
  124.336839      27.471126      -0.0000000000000000       0.0000000000000000        602
  127.426105      27.434332      -0.0000000000000000       0.0000000000000000          0
  130.514444      27.401200      -0.0000000000000000       0.0000000000000000          0
  133.601959      27.371827      -0.0000000000000000       0.0000000000000000          0
  136.688751      27.346295      -0.0000000000000000       0.0000000000000000          0
  139.774924      27.324680      -0.0000000000000000       0.0000000000000000          0
  142.860583      27.307042      -0.0000000000000000       0.0000000000000000          0
  145.945833      27.293431      -0.0000000000000000       0.0000000000000000          0
  46.488983      26.516188      -2.6475199346210663       1.1860143543219419        503
  49.623927      26.442950      -2.8093918125776653       1.2575969309187580        503
  52.756833      26.368628      -2.9627581933157274       1.3326915326261781        503
  55.887687      26.293444      -0.0000000000000000       0.0000000000000000          0
  59.016483      26.217624      -0.0000000000000000       0.0000000000000000      50602
  62.143223      26.141393      -0.0000000000000000       0.0000000000000000      50602
  65.267913      26.064979      -0.0000000000000000       0.0000000000000000      50602
  68.390567      25.988609      -0.0000000000000000       0.0000000000000000        501
  71.511204      25.912510      -0.0000000000000000       0.0000000000000000        501
  74.629849      25.836907      -0.0000000000000000       0.0000000000000000        501
  77.746532      25.762023      -0.0000000000000000       0.0000000000000000        501
  80.861289      25.688081      -0.0000000000000000       0.0000000000000000        501
  83.974162      25.615297      -0.0000000000000000       0.0000000000000000        501
  87.085196      25.543886      -0.0000000000000000       0.0000000000000000        501
  90.194442      25.474056      -0.0000000000000000       0.0000000000000000        501
  93.301954      25.406014      -0.0000000000000000       0.0000000000000000        607
  96.407791      25.339958      -0.0000000000000000       0.0000000000000000          0
  99.512016      25.276080       0.0683323431005278      -0.1165184247932947        603
  102.614696      25.214568      -0.0000000000000000       0.0000000000000000        602
  105.715900      25.155600      -0.0000000000000000       0.0000000000000000        602
  108.815701      25.099348      -0.0000000000000000       0.0000000000000000        602
  111.914175      25.045976      -0.0000000000000000       0.0000000000000000        602
  115.011401      24.995637      -0.0000000000000000       0.0000000000000000        602
  118.107459      24.948478      -0.0000000000000000       0.0000000000000000        602
  121.202432      24.904635      -0.0000000000000000       0.0000000000000000        602
  124.296405      24.864236      -0.0000000000000000       0.0000000000000000          0
  127.389466      24.827397      -0.0000000000000000       0.0000000000000000          0
  130.481703      24.794223      -0.0000000000000000       0.0000000000000000          0
  133.573206      24.764812      -0.0000000000000000       0.0000000000000000          0
  136.664066      24.739247      -0.0000000000000000       0.0000000000000000          0
  139.754375      24.717602      -0.0000000000000000       0.0000000000000000          0
  142.844227      24.699940      -0.0000000000000000       0.0000000000000000          0
  145.933715      24.686311      -0.0000000000000000       0.0000000000000000          0
  46.415226      23.909899      -2.6436141661404986       1.3644154391677084        503
  49.548999      23.836690      -2.8056191247601694       1.4296697484216556        503
  52.680960      23.762391      -2.9591468002624315       1.4980837736710049        503
  55.811098      23.687226      -3.1037530415813674       1.5694096990391424        503
  58.939408      23.611418      -0.0000000000000000       0.0000000000000000      50602
  62.065892      23.535195      -0.0000000000000000       0.0000000000000000      50602
  65.190556      23.458782      -0.0000000000000000       0.0000000000000000          0
  68.313414      23.382409      -0.0000000000000000       0.0000000000000000        501
  71.434483      23.306300      -0.0000000000000000       0.0000000000000000        501
  74.553786      23.230682      -0.0000000000000000       0.0000000000000000        501
  77.671351      23.155779      -0.0000000000000000       0.0000000000000000        501
  80.787210      23.081811      -0.0000000000000000       0.0000000000000000        501
  83.901400      23.008997      -0.0000000000000000       0.0000000000000000        501
  87.013963      22.937552      -0.0000000000000000       0.0000000000000000        501
  90.124943      22.867685      -0.0000000000000000       0.0000000000000000        501
  93.234391      22.799601      -0.0000000000000000       0.0000000000000000        607
  96.342358      22.733500       0.0749040166701705      -0.1113894675481196        603
  99.448901      22.669575       0.0684653073574698      -0.1127985683760243        603
  102.554080      22.608014       0.0075457435923615      -0.0683848229041899      60401
  105.657955      22.548996      -0.0000000000000000       0.0000000000000000        602
  108.760593      22.492693      -0.0000000000000000       0.0000000000000000        602
  111.862059      22.439269      -0.0000000000000000       0.0000000000000000        602
  114.962425      22.388880      -0.0000000000000000       0.0000000000000000        602
  118.061762      22.341671      -0.0000000000000000       0.0000000000000000        602
  121.160142      22.297780      -0.0000000000000000       0.0000000000000000          0
  124.257643      22.257335      -0.0000000000000000       0.0000000000000000          0
  127.354339      22.220453      -0.0000000000000000       0.0000000000000000          0
  130.450310      22.187239      -0.0000000000000000       0.0000000000000000          0
  133.545635      22.157792      -0.0000000000000000       0.0000000000000000          0
  136.640394      22.132194      -0.0000000000000000       0.0000000000000000          0
  139.734669      22.110522      -0.0000000000000000       0.0000000000000000          0
  142.828542      22.092837      -0.0000000000000000       0.0000000000000000          0
  145.922095      22.079190      -0.0000000000000000       0.0000000000000000          0
  46.344387      21.303576      -2.6398588001788372       1.5403298774111289        503
  49.477026      21.230394      -2.8019906746245971       1.5991466717421992        503
  52.608069      21.156118      -2.9556724252384594       1.6607626668028144        503
  55.737508      21.080971      -0.0000000000000000       0.0000000000000000          0
  58.865340      21.005176      -0.0000000000000000       0.0000000000000000          0
  61.991567      20.928959      -0.0000000000000000       0.0000000000000000          0
  65.116196      20.852549      -0.0000000000000000       0.0000000000000000          0
  68.239240      20.776172      -0.0000000000000000       0.0000000000000000          0
  71.360714      20.700054      -0.0000000000000000       0.0000000000000000        501
  74.480639      20.624422      -0.0000000000000000       0.0000000000000000        501
  77.599041      20.549500      -0.0000000000000000       0.0000000000000000        501
  80.715950      20.475508      -0.0000000000000000       0.0000000000000000        501
  83.831398      20.402666      -0.0000000000000000       0.0000000000000000        501
  86.945422      20.331187      -0.0000000000000000       0.0000000000000000        501
  90.058063      20.261284      -0.0000000000000000       0.0000000000000000          0
  93.169365      20.193160      -0.0000000000000000       0.0000000000000000        607
  96.279375      20.127016      -0.0000000000000000       0.0000000000000000          0
  99.388142      20.063046       0.0685932309650949      -0.1088525158986190        603
  102.495719      20.001438       0.0081972301214012      -0.0380976151707647        604
  105.602160      19.942372      -0.0264750315481156      -0.0372411689236271      60406
  108.707523      19.886020      -0.0000000000000000       0.0000000000000000      60201
  111.811867      19.832546      -0.0000000000000000       0.0000000000000000        602
  114.915253      19.782108      -0.0000000000000000       0.0000000000000000        612
  118.017744      19.734852      -0.0000000000000000       0.0000000000000000          0
  121.119403      19.690915      -0.0000000000000000       0.0000000000000000          0
  124.220298      19.650426      -0.0000000000000000       0.0000000000000000          0
  127.320495      19.613501      -0.0000000000000000       0.0000000000000000          0
  130.420062      19.580250      -0.0000000000000000       0.0000000000000000          0
  133.519069      19.550767      -0.0000000000000000       0.0000000000000000          0
  136.617584      19.525139      -0.0000000000000000       0.0000000000000000          0
  139.715680      19.503440      -0.0000000000000000       0.0000000000000000          0
  142.813426      19.485732      -0.0000000000000000       0.0000000000000000          0
  145.910895      19.472068      -0.0000000000000000       0.0000000000000000          0
  46.276019      18.697225      -2.6362306051581830       1.7133741282480781        503
  49.407553      18.624069      -2.7984841308358019       1.7656561407577294        503
  52.537701      18.549815      -2.9523138010028203       1.8203694890158175        503
  55.666456      18.474685      -3.0972717289248233       1.8773084869594463        503
  58.793816      18.398902      -0.0000000000000000       0.0000000000000000          0
  61.919786      18.322693      -0.0000000000000000       0.0000000000000000          0
  65.044371      18.246285      -0.0000000000000000       0.0000000000000000          0
  68.167584      18.169904      -0.0000000000000000       0.0000000000000000          0
  71.289439      18.093778      -0.0000000000000000       0.0000000000000000        501
  74.409956      18.018133      -0.0000000000000000       0.0000000000000000        501
  77.529158      17.943191      -0.0000000000000000       0.0000000000000000        501
  80.647071      17.869177      -0.0000000000000000       0.0000000000000000        501
  83.763726      17.796307      -0.0000000000000000       0.0000000000000000        501
  86.879155      17.724797      -0.0000000000000000       0.0000000000000000          0
  89.993394      17.654858      -0.0000000000000000       0.0000000000000000          0
  93.106481      17.586696      -0.0000000000000000       0.0000000000000000          0
  96.218459      17.520511      -0.0000000000000000       0.0000000000000000       7250
  99.329370      17.456497       0.0435126780024489      -0.0080243193636629      60301
  102.439261      17.394844       0.0088274689566097      -0.0077319317556337        604
  105.548178      17.335731      -0.0258728894122080      -0.0069051009125289        604
  108.656173      17.279331      -0.0604868316456598      -0.0055522578394030      60405
  111.763296      17.225810      -0.0000000000000000       0.0000000000000000          0
  114.869601      17.175325      -0.0000000000000000       0.0000000000000000        612
  117.975140      17.128022      -0.0000000000000000       0.0000000000000000          0
  121.079971      17.084041      -0.0000000000000000       0.0000000000000000          0
  124.184149      17.043509      -0.0000000000000000       0.0000000000000000          0
  127.287732      17.006544      -0.0000000000000000       0.0000000000000000          0
  130.390779      16.973255      -0.0000000000000000       0.0000000000000000          0
  133.493348      16.943738      -0.0000000000000000       0.0000000000000000          0
  136.595499      16.918080      -0.0000000000000000       0.0000000000000000          0
  139.697293      16.896355      -0.0000000000000000       0.0000000000000000          0
  142.798790      16.878627      -0.0000000000000000       0.0000000000000000          0
  145.900051      16.864946      -0.0000000000000000       0.0000000000000000          0
  46.209726      16.090849      -2.6327089183537526       1.8831738827098907        503
  49.340180      16.017720      -2.7950796170843164       1.9288362621615052        503
  52.469450      15.943487      -2.9490519838785585       1.9765556162523095        503
  55.597532      15.868374      -3.0941763802341011       2.0261475918452199        503
  58.724427      15.792603      -0.0000000000000000       0.0000000000000000          0
  61.850137      15.716401      -0.0000000000000000       0.0000000000000000          0
  64.974670      15.639994      -0.0000000000000000       0.0000000000000000          0
  68.098037      15.563611      -0.0000000000000000       0.0000000000000000          0
  71.220253      15.487477      -0.0000000000000000       0.0000000000000000          0
  74.341335      15.411818      -0.0000000000000000       0.0000000000000000        501
  77.461305      15.336859      -0.0000000000000000       0.0000000000000000        501
  80.580186      15.262822      -0.0000000000000000       0.0000000000000000        501
  83.698004      15.189926      -0.0000000000000000       0.0000000000000000          0
  86.814788      15.118385      -0.0000000000000000       0.0000000000000000          0
  89.930571      15.048412      -0.0000000000000000       0.0000000000000000          0
  93.045386      14.980212      -0.0000000000000000       0.0000000000000000          0
  96.159269      14.913987      -0.0000000000000000       0.0000000000000000          0
  99.272257      14.849932       0.0688370029613811      -0.1003135685806224        603
  102.384390      14.788234       0.0094399751492037       0.0226492947965030        604
  105.495709      14.729075      -0.0252875994525085       0.0234478751993936        604
  108.606257      14.672630      -0.0599320503970900       0.0246910747405037        604
  111.716078      14.619063      -0.0000000000000000       0.0000000000000000        612
  114.825215      14.568531      -0.0000000000000000       0.0000000000000000          0
  117.933716      14.521184      -0.0000000000000000       0.0000000000000000          0
  121.041627      14.477159      -0.0000000000000000       0.0000000000000000          0
  124.148995      14.436585      -0.0000000000000000       0.0000000000000000          0
  127.255869      14.399582      -0.0000000000000000       0.0000000000000000          0
  130.362297      14.366256      -0.0000000000000000       0.0000000000000000          0
  133.468330      14.336707      -0.0000000000000000       0.0000000000000000          0
  136.574017      14.311020      -0.0000000000000000       0.0000000000000000          0
  139.679407      14.289269      -0.0000000000000000       0.0000000000000000          0
  142.784552      14.271520      -0.0000000000000000       0.0000000000000000          0
  145.889502      14.257823      -0.0000000000000000       0.0000000000000000          0
  46.145151      13.484454      -2.6292751321048784       2.0493643739750675        503
  49.274545      13.411350      -2.7917592204479518       2.0883350633813618        503
  52.402952      13.337138      -0.0000000000000000       0.0000000000000000          0
  55.530370      13.262041      -0.0000000000000000       0.0000000000000000          0
  58.656801      13.186282      -0.0000000000000000       0.0000000000000000          0
  61.782249      13.110087      -0.0000000000000000       0.0000000000000000          0
  64.906722      13.033683      -0.0000000000000000       0.0000000000000000          0
  68.030232      12.957296      -0.0000000000000000       0.0000000000000000          0
  71.152791      12.881154      -0.0000000000000000       0.0000000000000000          0
  74.274416      12.805483      -0.0000000000000000       0.0000000000000000        501
  77.395125      12.730507      -0.0000000000000000       0.0000000000000000        501
  80.514941      12.656448      -0.0000000000000000       0.0000000000000000        501
  83.633886      12.583526      -0.0000000000000000       0.0000000000000000          0
  86.751986      12.511956      -0.0000000000000000       0.0000000000000000          0
  89.869268      12.441949      -0.0000000000000000       0.0000000000000000          0
  92.985761      12.373713      -0.0000000000000000       0.0000000000000000          0
  96.101497      12.307449      -0.0000000000000000       0.0000000000000000          0
  99.216506      12.243352       0.0689541780443721      -0.0957378115810558      60302
  102.330823      12.181611       0.0100379252200991       0.0529831056665599      60402
  105.444482      12.122409      -0.0247161331640792       0.0537547475886354        604
  108.557518      12.065918      -0.0593902960352441       0.0548884013461910        604
  111.669967      12.012306      -0.0000000000000000       0.0000000000000000          0
  114.781868      11.961730      -0.0000000000000000       0.0000000000000000        613
  117.893257      11.914339      -0.0000000000000000       0.0000000000000000        613
  121.004173      11.870271      -0.0000000000000000       0.0000000000000000        677
  124.114655      11.829657      -0.0000000000000000       0.0000000000000000          0
  127.224742      11.792615      -0.0000000000000000       0.0000000000000000          0
  130.334473      11.759254      -0.0000000000000000       0.0000000000000000          0
  133.443889      11.729673      -0.0000000000000000       0.0000000000000000          0
  136.553028      11.703957      -0.0000000000000000       0.0000000000000000          0
  139.661932      11.682182      -0.0000000000000000       0.0000000000000000          0
  142.770641      11.664412      -0.0000000000000000       0.0000000000000000          0
  145.879195      11.650699      -0.0000000000000000       0.0000000000000000          0
  46.081971      10.878042      -0.0000000000000000       0.0000000000000000          0
  49.210320      10.804963      -0.0000000000000000       0.0000000000000000          0
  52.337874      10.730772      -0.0000000000000000       0.0000000000000000          0
  55.464633      10.655691      -0.0000000000000000       0.0000000000000000          0
  58.590602      10.579944      -0.0000000000000000       0.0000000000000000          0
  61.715786      10.503756      -0.0000000000000000       0.0000000000000000          0
  64.840192      10.427354      -0.0000000000000000       0.0000000000000000          0
  67.963832      10.350964      -0.0000000000000000       0.0000000000000000          0
  71.086719      10.274815      -0.0000000000000000       0.0000000000000000          0
  74.208867      10.199131      -0.0000000000000000       0.0000000000000000          0
  77.330293      10.124138      -0.0000000000000000       0.0000000000000000        501
  80.451017      10.050058      -0.0000000000000000       0.0000000000000000        502
  83.571058       9.977111      -0.0000000000000000       0.0000000000000000          0
  86.690440       9.905512      -0.0000000000000000       0.0000000000000000          0
  89.809184       9.835473      -0.0000000000000000       0.0000000000000000          0
  92.927316       9.767201      -0.0000000000000000       0.0000000000000000          0
  96.044861       9.700899      -0.0000000000000000       0.0000000000000000          0
  99.161846       9.636762       0.0690689972729830      -0.0909700843760248      60302
  102.278298       9.574979       0.0106242282087617       0.0832066438200271      60402
  105.394246       9.515733      -0.0241557157816275       0.0839526263973044      60402
  108.509717       9.459198      -0.0588589428548633       0.0849769807871683        604
  111.624742       9.405542      -0.0000000000000000       0.0000000000000000        613
  114.739349       9.354922      -0.0000000000000000       0.0000000000000000        613
  117.853568       9.307487      -0.0000000000000000       0.0000000000000000        677
  120.967430       9.263378      -0.0000000000000000       0.0000000000000000          0
  124.080964       9.222724      -0.0000000000000000       0.0000000000000000          0
  127.194201       9.185645      -0.0000000000000000       0.0000000000000000          0
  130.307171       9.152250      -0.0000000000000000       0.0000000000000000          0
  133.419905       9.122637      -0.0000000000000000       0.0000000000000000          0
  136.532432       9.096893      -0.0000000000000000       0.0000000000000000          0
  139.644783       9.075094      -0.0000000000000000       0.0000000000000000          0
  142.756989       9.057304      -0.0000000000000000       0.0000000000000000          0
  145.869079       9.043576      -0.0000000000000000       0.0000000000000000          0
  46.019887       8.271618      -1.1667419708380427       0.8909284144120654        709
  49.147200       8.198563      -1.1651739450038590       0.9001744521624189        709
  52.273909       8.124393      -0.0000000000000000       0.0000000000000000          0
  55.400013       8.049328      -0.0000000000000000       0.0000000000000000          0
  58.525520       7.973592      -0.0000000000000000       0.0000000000000000          0
  61.650435       7.897411      -0.0000000000000000       0.0000000000000000          0
  64.774767       7.821011      -0.0000000000000000       0.0000000000000000          0
  67.898527       7.744619      -0.0000000000000000       0.0000000000000000          0
  71.021728       7.668462      -0.0000000000000000       0.0000000000000000          0
  74.144382       7.592767      -0.0000000000000000       0.0000000000000000          0
  77.266506       7.517757      -0.0000000000000000       0.0000000000000000        501
  80.388116       7.443657      -0.0000000000000000       0.0000000000000000        502
  83.509229       7.370684      -0.0000000000000000       0.0000000000000000          0
  86.629864       7.299057      -0.0000000000000000       0.0000000000000000          0
  89.750041       7.228986      -0.0000000000000000       0.0000000000000000          0
  92.869779       7.160679      -0.0000000000000000       0.0000000000000000          0
  95.989100       7.094340      -0.0000000000000000       0.0000000000000000          0
  99.108025       7.030163       0.0009184827914534      -0.0004130394991773        647
  102.226574       6.968338       0.0005145690499846      -0.0004097819530211      64701
  105.344771       6.909050      -0.0236037689860769       0.1139788698115194      60402
  108.462637       6.852472      -0.0000000000000000       0.0000000000000000          0
  111.580194       6.798772      -0.0000000000000000       0.0000000000000000        613
  114.697463       6.748109      -0.0000000000000000       0.0000000000000000        613
  117.814468       6.700632      -0.0000000000000000       0.0000000000000000          0
  120.931229       6.656482      -0.0000000000000000       0.0000000000000000          0
  124.047768       6.615789      -0.0000000000000000       0.0000000000000000          0
  127.164107       6.578673      -12.8883717966605180      -4.6179701093325232        737
  130.280267       6.545243      -0.0000000000000000       0.0000000000000000          0
  133.396269       6.515599      -0.0000000000000000       0.0000000000000000          0
  136.512134       6.489827      -0.0000000000000000       0.0000000000000000          0
  139.627881       6.468005      -0.0000000000000000       0.0000000000000000          0
  142.743533       6.450195      -0.0000000000000000       0.0000000000000000          0
  145.859108       6.436451      -0.0000000000000000       0.0000000000000000          0
  45.958619       5.665185      -1.1667379811391421       0.8959163693404677        709
  49.084904       5.592154      -0.0000000000000000       0.0000000000000000          0
  52.210769       5.518004      -0.0000000000000000       0.0000000000000000          0
  55.336220       5.442955      -0.0000000000000000       0.0000000000000000          0
  58.461262       5.367231      -0.0000000000000000       0.0000000000000000          0
  61.585904       5.291056      -0.0000000000000000       0.0000000000000000          0
  64.710155       5.214658      -0.0000000000000000       0.0000000000000000          0
  67.834026       5.138264      -0.0000000000000000       0.0000000000000000          0
  70.957529       5.062100      -0.0000000000000000       0.0000000000000000          0
  74.080676       4.986393      -0.0000000000000000       0.0000000000000000          0
  77.203481       4.911367      -0.0000000000000000       0.0000000000000000          0
  80.325959       4.837246      -0.0000000000000000       0.0000000000000000          0
  83.448123       4.764250      -0.0000000000000000       0.0000000000000000          0
  86.569991       4.692594      -0.0000000000000000       0.0000000000000000          0
  89.691577       4.622492      -0.0000000000000000       0.0000000000000000          0
  92.812897       4.554151      -0.0000000000000000       0.0000000000000000          0
  95.933968       4.487774       0.0013267851791803      -0.0000793034356793      67352
  99.054804       4.423557       0.0009253556775600      -0.0000757933781581      67301
  102.175423       4.361692       0.0005212097509583      -0.0000707837242416      64701
  105.295839       4.302361       0.0001155443959494      -0.0000643656898626      64701
  108.416069       4.245741      -0.0000000000000000       0.0000000000000000          0
  111.536126       4.191998      -0.0000000000000000       0.0000000000000000          0
  114.656026       4.141292      -0.0000000000000000       0.0000000000000000          0
  117.775783       4.093774      -0.0000000000000000       0.0000000000000000          0
  120.895410       4.049583      -0.0000000000000000       0.0000000000000000          0
  124.014920       4.008851      -0.0000000000000000       0.0000000000000000          0
  127.134327       3.971698      -0.0000000000000000       0.0000000000000000          0
  130.253642       3.938235      -11.4971870752587120      -5.7733152900062805        678
  133.372878       3.908560      -0.0000000000000000       0.0000000000000000          0
  136.492044       3.882761      -0.0000000000000000       0.0000000000000000          0
  139.611154       3.860915      -0.0000000000000000       0.0000000000000000          0
  142.730215       3.843086      -0.0000000000000000       0.0000000000000000          0
  145.849240       3.829327      -0.0000000000000000       0.0000000000000000          0
  45.897901       3.058745      -1.1667327111265438       0.8991641420434036        709
  49.023160       2.985738      -0.0000000000000000       0.0000000000000000          0
  52.148183       2.911608      -0.0000000000000000       0.0000000000000000          0
  55.272978       2.836575      -0.0000000000000000       0.0000000000000000          0
  58.397552       2.760862      -0.0000000000000000       0.0000000000000000          0
  61.521915       2.684695      -0.0000000000000000       0.0000000000000000          0
  64.646078       2.608299      -0.0000000000000000       0.0000000000000000          0
  67.770051       2.531902      -0.0000000000000000       0.0000000000000000          0
  70.893846       2.455732      -0.0000000000000000       0.0000000000000000          0
  74.017474       2.380013      -0.0000000000000000       0.0000000000000000          0
  77.140947       2.304972      -0.0000000000000000       0.0000000000000000          0
  80.264278       2.230830      -0.0000000000000000       0.0000000000000000          0
  83.387480       2.157809      -0.0000000000000000       0.0000000000000000          0
  86.510564       2.086126      -0.0000000000000000       0.0000000000000000          0
  89.633542       2.015992      -0.0000000000000000       0.0000000000000000          0
  92.756426       1.947617      -0.0000000000000000       0.0000000000000000          0
  95.879228       1.881204      -0.0000000000000000       0.0000000000000000          0
  99.001957       1.816949       0.0009321795335774       0.0002615324244637      67352
  102.124625       1.755043       0.0005278040818515       0.0002683195803170        647
  105.247242       1.695670       0.0001218680389320       0.0002755148508435      64701
  108.369814       1.639007      -0.0000000000000000       0.0000000000000000        614
  111.492352       1.585222      -0.0000000000000000       0.0000000000000000          0
  114.614861       1.534474      -0.0000000000000000       0.0000000000000000          0
  117.737349       1.486913      -0.0000000000000000       0.0000000000000000      61405
  120.859821       1.442682      -0.0000000000000000       0.0000000000000000          0
  123.982282       1.401912      -0.0000000000000000       0.0000000000000000          0
  127.104735       1.364723      -0.0000000000000000       0.0000000000000000          0
  130.227184       1.331226      -0.0000000000000000       0.0000000000000000          0
  133.349632       1.301521      -0.0000000000000000       0.0000000000000000          0
  136.472079       1.275695      -0.0000000000000000       0.0000000000000000          0
  139.594528       1.253825      -0.0000000000000000       0.0000000000000000          0
  142.716979       1.235977      -0.0000000000000000       0.0000000000000000          0
  145.839432       1.222203      -0.0000000000000000       0.0000000000000000          0
  45.837479       0.452301      -0.0000000000000000       0.0000000000000000          0
  48.961709       0.379319      -0.0000000000000000       0.0000000000000000          0
  52.085886       0.305209      -0.0000000000000000       0.0000000000000000          0
  55.210020       0.230192      -0.0000000000000000       0.0000000000000000          0
  58.334121       0.154491      -0.0000000000000000       0.0000000000000000          0
  61.458199       0.078330      -0.0000000000000000       0.0000000000000000          0
  64.582266       0.001937      -0.0000000000000000       0.0000000000000000          0
  67.706333      -0.074462      -0.0000000000000000       0.0000000000000000          0
  70.830411      -0.150640      -0.0000000000000000       0.0000000000000000          0
  73.954510      -0.226370      -0.0000000000000000       0.0000000000000000          0
  77.078642      -0.301427      -0.0000000000000000       0.0000000000000000          0
  80.202817      -0.375588      -0.0000000000000000       0.0000000000000000          0
  83.327044      -0.448633      -0.0000000000000000       0.0000000000000000          0
  86.451333      -0.520344      -0.0000000000000000       0.0000000000000000          0
  89.575692      -0.590509      -0.0000000000000000       0.0000000000000000          0
  92.700129      -0.658918      -0.0000000000000000       0.0000000000000000          0
  95.824651      -0.725368      -0.0000000000000000       0.0000000000000000          0
  98.949263      -0.789662      -0.0000000000000000       0.0000000000000000          0
  102.073970      -0.851608       0.0005343796276255       0.0006068254572008      67301
  105.198775      -0.911022       0.0001281745720400       0.0006148161451275      64701
  108.323680      -0.967728      -0.0002784247226752       0.0006221163495658      64701
  111.448688      -1.021556      -0.0000000000000000       0.0000000000000000        614
  114.573797      -1.072346      -0.0000000000000000       0.0000000000000000        614
  117.699006      -1.119948      -0.0000000000000000       0.0000000000000000          0
  120.824314      -1.164219      -0.0000000000000000       0.0000000000000000          0
  123.949716      -1.205028      -0.0000000000000000       0.0000000000000000          0
  127.075207      -1.242253      -0.0000000000000000       0.0000000000000000          0
  130.200782      -1.275783      -0.0000000000000000       0.0000000000000000          0
  133.326434      -1.305519      -0.0000000000000000       0.0000000000000000          0
  136.452154      -1.331372      -0.0000000000000000       0.0000000000000000          0
  139.577936      -1.353265      -0.0000000000000000       0.0000000000000000          0
  142.703768      -1.371133      -0.0000000000000000       0.0000000000000000          0
  145.829642      -1.384922      -0.0000000000000000       0.0000000000000000          0
>