>anchorPlateId 301
>reconstructionTime 98
>DeformingMeshPoints.gpml lat_lon_velocity_domain_28_32.gpml
>MeshNode <identity>GPlates-b7a3af0e-8119-4abb-9ae6-39bb7e5702ce</identity> <revision>GPlates-7b04c5e6-7801-49f1-bcc4-23d6f4e5417f</revision>
> reconstructionPlateId 0
> validTime TimePeriod <begin> TimeInstant <timePosition>http://gplates.org/times/distantPast</timePosition></begin> <end> TimeInstant <timePosition>http://gplates.org/times/distantFuture</timePosition></end>
  42.654537      72.892374      -0.0000000000000000       0.0000000000000000        302
  45.761384      72.908211      -0.0000000000000000       0.0000000000000000        302
  48.871034      72.924326      -0.0000000000000000       0.0000000000000000        302
  51.983539      72.940673      -0.0000000000000000       0.0000000000000000        302
  55.098945      72.957204      -0.0000000000000000       0.0000000000000000        373
  58.217290      72.973869      -0.0000000000000000       0.0000000000000000        372
  61.338600      72.990619      -0.0000000000000000       0.0000000000000000        372
  64.462896      73.007406      -0.0000000000000000       0.0000000000000000        372
  67.590190      73.024179      -0.0000000000000000       0.0000000000000000        372
  70.720483      73.040887      -0.0000000000000000       0.0000000000000000        372
  73.853769      73.057482      -0.0000000000000000       0.0000000000000000        401
  76.990031      73.073913      -0.0000000000000000       0.0000000000000000        401
  80.129245      73.090131      -0.0000000000000000       0.0000000000000000        401
  83.271376      73.106087      -0.0000000000000000       0.0000000000000000        401
  86.416380      73.121732      -0.0000000000000000       0.0000000000000000        401
  89.564205      73.137020      -0.0000000000000000       0.0000000000000000        401
  92.714790      73.151904      -0.0000000000000000       0.0000000000000000        401
  95.868063      73.166339      -0.0000000000000000       0.0000000000000000        401
  99.023945      73.180280      -0.0000000000000000       0.0000000000000000        401
  102.182347      73.193684      -0.0000000000000000       0.0000000000000000        401
  105.343174      73.206511      -0.0000000000000000       0.0000000000000000        401
  108.506319      73.218722      -0.0000000000000000       0.0000000000000000        401
  111.671671      73.230277      -0.0000000000000000       0.0000000000000000        401
  114.839109      73.241143      -0.0000000000000000       0.0000000000000000        401
  118.008504      73.251284      -0.0000000000000000       0.0000000000000000          0
  121.179724      73.260670      -0.0000000000000000       0.0000000000000000          0
  124.352626      73.269272      -0.0000000000000000       0.0000000000000000          0
  127.527064      73.277062      -0.0000000000000000       0.0000000000000000          0
  130.702885      73.284017      -0.0000000000000000       0.0000000000000000          0
  133.879933      73.290114      -0.0000000000000000       0.0000000000000000          0
  137.058045      73.295335      -0.0000000000000000       0.0000000000000000          0
  140.237056      73.299663      -0.0000000000000000       0.0000000000000000          0
  143.416798      73.303085       0.1900476799667955       0.2970177639917971      42201
  42.787144      70.285566      -0.0000000000000000       0.0000000000000000        302
  45.896649      70.301416      -0.0000000000000000       0.0000000000000000        302
  49.008567      70.317542      -0.0000000000000000       0.0000000000000000        302
  52.122943      70.333898      -0.0000000000000000       0.0000000000000000        302
  55.239812      70.350436      -0.0000000000000000       0.0000000000000000        302
  58.359207      70.367106      -0.0000000000000000       0.0000000000000000        302
  61.481151      70.383859      -0.0000000000000000       0.0000000000000000        372
  64.605658      70.400646      -0.0000000000000000       0.0000000000000000        372
  67.732737      70.417417      -0.0000000000000000       0.0000000000000000        372
  70.862389      70.434122      -0.0000000000000000       0.0000000000000000        372
  73.994607      70.450710      -0.0000000000000000       0.0000000000000000        401
  77.129375      70.467133      -0.0000000000000000       0.0000000000000000        401
  80.266671      70.483340      -0.0000000000000000       0.0000000000000000        401
  83.406464      70.499283      -0.0000000000000000       0.0000000000000000        401
  86.548716      70.514915      -0.0000000000000000       0.0000000000000000        401
  89.693380      70.530187      -0.0000000000000000       0.0000000000000000        401
  92.840402      70.545054      -0.0000000000000000       0.0000000000000000        401
  95.989721      70.559470      -0.0000000000000000       0.0000000000000000        401
  99.141269      70.573391      -0.0000000000000000       0.0000000000000000        401
  102.294968      70.586775      -0.0000000000000000       0.0000000000000000        401
  105.450735      70.599582      -0.0000000000000000       0.0000000000000000        401
  108.608480      70.611771      -0.0000000000000000       0.0000000000000000        401
  111.768106      70.623305      -0.0000000000000000       0.0000000000000000        401
  114.929510      70.634150      -0.0000000000000000       0.0000000000000000        401
  118.092581      70.644271      -0.0000000000000000       0.0000000000000000        401
  121.257206      70.653637      -0.0000000000000000       0.0000000000000000        401
  124.423264      70.662220      -0.0000000000000000       0.0000000000000000        401
  127.590629      70.669993      -0.0000000000000000       0.0000000000000000      43102
  130.759172      70.676932      -0.0000000000000000       0.0000000000000000      43101
  133.928757      70.683014      -0.0000000000000000       0.0000000000000000      43101
  137.099249      70.688223      -0.0000000000000000       0.0000000000000000          0
  140.270504      70.692540       0.1331326847233969       0.1866233840557062      43202
  143.442381      70.695954       0.1905083537910933       0.1783223145844078      43202
  42.889852      67.678683      -0.0000000000000000       0.0000000000000000        302
  46.001393      67.694542      -0.0000000000000000       0.0000000000000000        302
  49.115044      67.710677      -0.0000000000000000       0.0000000000000000        302
  52.230841      67.727041      -0.0000000000000000       0.0000000000000000        302
  55.348818      67.743583      -0.0000000000000000       0.0000000000000000        302
  58.469000      67.760257      -0.0000000000000000       0.0000000000000000        302
  61.591406      67.777013      -0.0000000000000000       0.0000000000000000        302
  64.716050      67.793800      -0.0000000000000000       0.0000000000000000        302
  67.842937      67.810569      -0.0000000000000000       0.0000000000000000        390
  70.972067      67.827271      -0.0000000000000000       0.0000000000000000        401
  74.103433      67.843854      -0.0000000000000000       0.0000000000000000        401
  77.237021      67.860270      -0.0000000000000000       0.0000000000000000        401
  80.372811      67.876469      -0.0000000000000000       0.0000000000000000        401
  83.510774      67.892403      -0.0000000000000000       0.0000000000000000        401
  86.650877      67.908023      -0.0000000000000000       0.0000000000000000        401
  89.793078      67.923283      -0.0000000000000000       0.0000000000000000        401
  92.937330      67.938136      -0.0000000000000000       0.0000000000000000        401
  96.083579      67.952538      -0.0000000000000000       0.0000000000000000        401
  99.231763      67.966444      -0.0000000000000000       0.0000000000000000        401
  102.381817      67.979813      -0.0000000000000000       0.0000000000000000        401
  105.533667      67.992603      -0.0000000000000000       0.0000000000000000        401
  108.687234      68.004776      -0.0000000000000000       0.0000000000000000        401
  111.842433      68.016294      -0.0000000000000000       0.0000000000000000        401
  114.999175      68.027123      -0.0000000000000000       0.0000000000000000        401
  118.157364      68.037228      -0.0000000000000000       0.0000000000000000        401
  121.316899      68.046579      -0.0000000000000000       0.0000000000000000        401
  124.477677      68.055148      -0.0000000000000000       0.0000000000000000        401
  127.639588      68.062907      -0.0000000000000000       0.0000000000000000      43102
  130.802520      68.069833      -0.0000000000000000       0.0000000000000000      43101
  133.966355      68.075905      -0.0000000000000000       0.0000000000000000      43101
  137.130976      68.081104       0.0759398731825027       0.0726147402426963      43202
  140.296258      68.085413       0.1336004186807773       0.0674408739524472      43204
  143.462078      68.088820       0.1908630084391351       0.0592781440963135      43205
  42.972053      65.071748      -0.0000000000000000       0.0000000000000000        302
  46.085209      65.087615      -0.0000000000000000       0.0000000000000000        302
  49.200231      65.103757      -0.0000000000000000       0.0000000000000000        302
  52.317151      65.120126      -0.0000000000000000       0.0000000000000000        302
  55.435997      65.136673      -0.0000000000000000       0.0000000000000000        302
  58.556792      65.153350      -0.0000000000000000       0.0000000000000000        302
  61.679552      65.170107      -0.0000000000000000       0.0000000000000000        302
  64.804288      65.186894      -0.0000000000000000       0.0000000000000000        390
  67.931005      65.203662      -0.0000000000000000       0.0000000000000000        468
  71.059701      65.220361      -0.0000000000000000       0.0000000000000000        401
  74.190370      65.236940      -0.0000000000000000       0.0000000000000000        401
  77.323000      65.253351      -0.0000000000000000       0.0000000000000000        401
  80.457570      65.269543      -0.0000000000000000       0.0000000000000000        401
  83.594057      65.285469      -0.0000000000000000       0.0000000000000000        401
  86.732430      65.301081      -0.0000000000000000       0.0000000000000000        401
  89.872651      65.316331      -0.0000000000000000       0.0000000000000000        401
  93.014679      65.331173      -0.0000000000000000       0.0000000000000000        401
  96.158465      65.345564      -0.0000000000000000       0.0000000000000000        401
  99.303955      65.359458      -0.0000000000000000       0.0000000000000000        401
  102.451090      65.372814      -0.0000000000000000       0.0000000000000000        401
  105.599806      65.385591      -0.0000000000000000       0.0000000000000000        401
  108.750032      65.397751      -0.0000000000000000       0.0000000000000000        401
  111.901694      65.409256      -0.0000000000000000       0.0000000000000000        401
  115.054711      65.420072      -0.0000000000000000       0.0000000000000000        401
  118.209001      65.430165      -0.0000000000000000       0.0000000000000000        401
  121.364475      65.439504      -0.0000000000000000       0.0000000000000000        401
  124.521041      65.448061      -0.0000000000000000       0.0000000000000000        401
  127.678602      65.455810      -0.0000000000000000       0.0000000000000000      43102
  130.837059      65.462726      -0.0000000000000000       0.0000000000000000      43101
  133.996311      65.468789      -0.0000000000000000       0.0000000000000000      43101
  137.156252      65.473980      -0.0000000000000000       0.0000000000000000      43101
  140.316774      65.478283       0.1339730164093581      -0.0518684062509493      43202
  143.477769      65.481684       0.1911455142123305      -0.0598745509303802      43202
  43.039587      62.464775      -0.0000000000000000       0.0000000000000000        302
  46.154060      62.480649      -0.0000000000000000       0.0000000000000000        302
  49.270197      62.496797      -0.0000000000000000       0.0000000000000000        302
  52.388028      62.513170      -0.0000000000000000       0.0000000000000000        302
  55.507578      62.529721      -0.0000000000000000       0.0000000000000000        302
  58.628865      62.546400      -0.0000000000000000       0.0000000000000000        302
  61.751905      62.563158      -0.0000000000000000       0.0000000000000000        390
  64.876705      62.579946      -0.0000000000000000       0.0000000000000000        390
  68.003271      62.596713      -0.0000000000000000       0.0000000000000000        468
  71.131600      62.613409      -0.0000000000000000       0.0000000000000000        401
  74.261687      62.629985      -0.0000000000000000       0.0000000000000000        401
  77.393519      62.646391      -0.0000000000000000       0.0000000000000000        401
  80.527080      62.662579      -0.0000000000000000       0.0000000000000000        401
  83.662346      62.678498      -0.0000000000000000       0.0000000000000000        401
  86.799290      62.694102      -0.0000000000000000       0.0000000000000000        401
  89.937879      62.709344      -0.0000000000000000       0.0000000000000000        401
  93.078075      62.724178      -0.0000000000000000       0.0000000000000000        401
  96.219834      62.738559      -0.0000000000000000       0.0000000000000000        401
  99.363109      62.752443      -0.0000000000000000       0.0000000000000000        401
  102.507845      62.765789      -0.0000000000000000       0.0000000000000000        401
  105.653987      62.778556      -0.0000000000000000       0.0000000000000000        401
  108.801470      62.790705      -0.0000000000000000       0.0000000000000000        401
  111.950229      62.802199      -0.0000000000000000       0.0000000000000000        401
  115.100192      62.813004      -0.0000000000000000       0.0000000000000000        401
  118.251285      62.823087      -0.0000000000000000       0.0000000000000000        401
  121.403429      62.832416      -0.0000000000000000       0.0000000000000000        401
  124.556543      62.840964      -0.0000000000000000       0.0000000000000000        401
  127.710540      62.848704      -0.0000000000000000       0.0000000000000000        401
  130.865334      62.855612      -0.0000000000000000       0.0000000000000000        401
  134.020832      62.861668      -0.0000000000000000       0.0000000000000000        401
  137.176941      62.866853      -0.0000000000000000       0.0000000000000000        401
  140.333567      62.871150      -0.0000000000000000       0.0000000000000000      43101
  143.490612      62.874548      -0.0000000000000000       0.0000000000000000      43101
  43.096272      59.857775      -0.0000000000000000       0.0000000000000000        302
  46.211843      59.873655      -0.0000000000000000       0.0000000000000000        302
  49.328910      59.889807      -0.0000000000000000       0.0000000000000000        302
  52.447498      59.906184      -0.0000000000000000       0.0000000000000000        302
  55.567631      59.922738      -0.0000000000000000       0.0000000000000000        302
  58.689323      59.939419      -0.0000000000000000       0.0000000000000000        302
  61.812589      59.956178      -0.0000000000000000       0.0000000000000000        390
  64.937437      59.972966      -0.0000000000000000       0.0000000000000000        390
  68.063868      59.989732      -0.0000000000000000       0.0000000000000000        468
  71.191882      60.006427      -0.0000000000000000       0.0000000000000000        401
  74.321473      60.023000      -0.0000000000000000       0.0000000000000000        401
  77.452630      60.039402      -0.0000000000000000       0.0000000000000000        401
  80.585337      60.055585      -0.0000000000000000       0.0000000000000000        401
  83.719573      60.071499      -0.0000000000000000       0.0000000000000000        401
  86.855313      60.087097      -0.0000000000000000       0.0000000000000000        401
  89.992528      60.102332      -0.0000000000000000       0.0000000000000000        401
  93.131183      60.117159      -0.0000000000000000       0.0000000000000000        401
  96.271239      60.131532      -0.0000000000000000       0.0000000000000000        401
  99.412652      60.145407      -0.0000000000000000       0.0000000000000000        401
  102.555375      60.158745      -0.0000000000000000       0.0000000000000000        401
  105.699356      60.171503      -0.0000000000000000       0.0000000000000000        401
  108.844538      60.183643      -0.0000000000000000       0.0000000000000000        401
  111.990863      60.195128      -0.0000000000000000       0.0000000000000000        401
  115.138266      60.205925      -0.0000000000000000       0.0000000000000000        401
  118.286680      60.215999      -0.0000000000000000       0.0000000000000000        401
  121.436035      60.225320      -0.0000000000000000       0.0000000000000000        401
  124.586257      60.233859      -0.0000000000000000       0.0000000000000000        401
  127.737270      60.241592      -0.0000000000000000       0.0000000000000000        401
  130.888995      60.248494      -0.0000000000000000       0.0000000000000000        401
  134.041351      60.254543      -0.0000000000000000       0.0000000000000000        401
  137.194254      60.259723      -0.0000000000000000       0.0000000000000000      43101
  140.347618      60.264016      -0.0000000000000000       0.0000000000000000      43400
  143.501357      60.267410      -0.0000000000000000       0.0000000000000000      43400
  43.144713      57.250755      -0.0000000000000000       0.0000000000000000        302
  46.261218      57.266639      -0.0000000000000000       0.0000000000000000        302
  49.379074      57.282795      -0.0000000000000000       0.0000000000000000        302
  52.498304      57.299175      -0.0000000000000000       0.0000000000000000        302
  55.618929      57.315731      -0.0000000000000000       0.0000000000000000        302
  58.740963      57.332414      -0.0000000000000000       0.0000000000000000        302
  61.864417      57.349175      -0.0000000000000000       0.0000000000000000        390
  64.989298      57.365962      -0.0000000000000000       0.0000000000000000        468
  68.115609      57.382728      -0.0000000000000000       0.0000000000000000        468
  71.243349      57.399421      -0.0000000000000000       0.0000000000000000        468
  74.372511      57.415991      -0.0000000000000000       0.0000000000000000        401
  77.503086      57.432391      -0.0000000000000000       0.0000000000000000        401
  80.635059      57.448569      -0.0000000000000000       0.0000000000000000        401
  83.768411      57.464479      -0.0000000000000000       0.0000000000000000        401
  86.903119      57.480072      -0.0000000000000000       0.0000000000000000        401
  90.039157      57.495301      -0.0000000000000000       0.0000000000000000        401
  93.176492      57.510121      -0.0000000000000000       0.0000000000000000        401
  96.315090      57.524487      -0.0000000000000000       0.0000000000000000        401
  99.454912      57.538356      -0.0000000000000000       0.0000000000000000        401
  102.595914      57.551686      -0.0000000000000000       0.0000000000000000        401
  105.738049      57.564436      -0.0000000000000000       0.0000000000000000        401
  108.881266      57.576569      -0.0000000000000000       0.0000000000000000        401
  112.025512      57.588047      -0.0000000000000000       0.0000000000000000          0
  115.170730      57.598836      -0.0000481155782161       0.0057525555723447          0
  118.316858      57.608902       0.0020047659273785       0.0382382558235927          0
  121.463833      57.618216       0.0078453110058895       0.0641466162628486          0
  124.611588      57.626749       0.0183873178049883       0.0815846035132293          0
  127.760056      57.634476       0.0297574711656237       0.0844382160046810          0
  130.909165      57.641371       0.0401068921349637       0.0818889442845764          0
  134.058841      57.647416       0.0427602851495023       0.0735359545602593          0
  137.209010      57.652591       0.0332756588512389       0.0518192573209450          0
  140.359594      57.656880      -0.0000000000000000       0.0000000000000000      43400
  143.510516      57.660271      -0.0000000000000000       0.0000000000000000          0
  43.186750      54.643718      -0.0000000000000000       0.0000000000000000        302
  46.304061      54.659606      -0.0000000000000000       0.0000000000000000        302
  49.422598      54.675766      -0.0000000000000000       0.0000000000000000        302
  52.542381      54.692149      -0.0000000000000000       0.0000000000000000        302
  55.663429      54.708707      -0.0000000000000000       0.0000000000000000        302
  58.785754      54.725392      -0.0000000000000000       0.0000000000000000        302
  61.909367      54.742152      -0.0000000000000000       0.0000000000000000        390
  65.034274      54.758940      -0.0000000000000000       0.0000000000000000        468
  68.160477      54.775705      -0.0000000000000000       0.0000000000000000        468
  71.287974      54.792396      -0.0000000000000000       0.0000000000000000        468
  74.416761      54.808965      -0.0000000000000000       0.0000000000000000        468
  77.546827      54.825362      -0.0030391405216289      -0.0008485555764268          0
  80.678159      54.841537      -0.0405254175606973      -0.0096881476244900          0
  83.810741      54.857443      -0.0642788205169802      -0.0128336151487283          0
  86.944551      54.873031      -0.0738462649414433      -0.0118822538924603          0
  90.079565      54.888255      -0.0706052379697000      -0.0086584015578374          0
  93.215755      54.903070      -0.0536977817563150      -0.0045542610927941          0
  96.353087      54.917430      -0.0228867816135621      -0.0010869165008799          0
  99.491527      54.931293      -0.0000000000000000       0.0000000000000000        401
  102.631035      54.944616      -0.0000000000000000       0.0000000000000000        401
  105.771568      54.957360      -0.0000000000000000       0.0000000000000000        401
  108.913081      54.969486      -0.0000000000000000       0.0000000000000000          0
  112.055525      54.980957      -0.0052438461323085       0.0950165373657084          0
  115.198847      54.991739       0.0004095538440727       0.1771319148931488          0
  118.342994      55.001800       0.0172013702599583       0.2354623097407498          0
  121.487906      55.011108       0.0426465363714506       0.2770704705040932          0
  124.633525      55.019635       0.0744440239901992       0.3087407776289708          0
  127.779788      55.027356       0.1110128482562738       0.3315676813034847          0
  130.926630      55.034247       0.1518164898592192       0.3470702578360609          0
  134.073986      55.040287       0.1980285014627232       0.3618652180867652          0
  137.221787      55.045458       0.2490264894880430       0.3859310287933069          0
  140.369964      55.049744       0.2983992455468566       0.4193664358779567          0
  143.518446      55.053132       0.3079051044967904       0.3947520047741734          0
  43.223716      52.036669      -0.0000000000000000       0.0000000000000000        302
  46.341734      52.052560      -0.0000000000000000       0.0000000000000000        302
  49.460866      52.068723      -0.0000000000000000       0.0000000000000000        302
  52.581133      52.085108      -0.0000000000000000       0.0000000000000000        302
  55.702550      52.101668      -0.0000000000000000       0.0000000000000000        302
  58.825128      52.118354      -0.0000000000000000       0.0000000000000000        302
  61.948878      52.135116      -0.0000000000000000       0.0000000000000000        390
  65.073804      52.151903      -0.0000000000000000       0.0000000000000000        465
  68.199908      52.168667      -0.0000000000000000       0.0000000000000000        458
  71.327190      52.185358      -0.0000000000000000       0.0000000000000000        459
  74.455643      52.201925      -0.0252906854823379      -0.0079955172081291          0
  77.585259      52.218319      -0.0927338227071055      -0.0255831225196938          0
  80.716026      52.234491      -0.1414095020348083      -0.0334158788268780          0
  83.847928      52.250393      -0.1704541177148982      -0.0336520181175279          0
  86.980947      52.265978      -0.1816441244561442      -0.0289092933766829          0
  90.115059      52.281197      -0.1763527044319402      -0.0214244806889088          0
  93.250239      52.296007      -0.1559894799791206      -0.0131781977152310          0
  96.386457      52.310362      -0.1208890919347539       0.0005500259330893          0
  99.523681      52.324219      -0.0717117788129737       0.0235804988681411          0
  102.661875      52.337537      -0.0199625231790386       0.0476949511046040          0
  105.801000      52.350275      -0.0212275697998368       0.0940351928834683          0
  108.941015      52.362395      -0.0282748541203787       0.2079717900789297          0
  112.081875      52.373861      -0.0215394246525017       0.3171202268325165          0
  115.223532      52.384637      -0.0004394407702888       0.4014338387169127          0
  118.365938      52.394692       0.0335418601408606       0.4638448629723807          0
  121.509039      52.403995       0.0766967143699405       0.5086509698411632          0
  124.652781      52.412517       0.1272561046560011       0.5418001988924989          0
  127.797108      52.420233       0.1836858706607815       0.5662221183934564          0
  130.941960      52.427119       0.2469051964096256       0.5861204532877919          0
  134.087279      52.433156       0.3203752770325259       0.6082751555209662          0
  137.233001      52.438323       0.4101259535983536       0.6487467282147883          0
  140.379065      52.442606       0.5299688135172569       0.7416739183437366          0
  143.525406      52.445992       0.6823894019579696       0.8734561863528982          0
  43.256606      49.429609      -0.0000000000000000       0.0000000000000000        302
  46.375250      49.445504      -0.0000000000000000       0.0000000000000000        302
  49.494910      49.461669      -0.0000000000000000       0.0000000000000000        302
  52.615604      49.478056      -0.0000000000000000       0.0000000000000000        302
  55.737347      49.494618      -0.0000000000000000       0.0000000000000000        302
  58.860148      49.511305      -0.0000000000000000       0.0000000000000000        302
  61.984017      49.528067      -0.0000000000000000       0.0000000000000000        467
  65.108957      49.544855      -0.0000000000000000       0.0000000000000000        458
  68.234972      49.561618      -0.0000000000000000       0.0000000000000000        459
  71.362059      49.578308      -0.0088771082146910      -0.0031386269322572          0
  74.490213      49.594873      -0.1151221119730470      -0.0360483738486164          0
  77.619426      49.611265      -0.1973990135256300      -0.0539533922643862          0
  80.749688      49.627435      -0.2556967835151589      -0.0598699068430326          0
  83.880985      49.643334      -0.2900984003195912      -0.0567516097547003          0
  87.013297      49.658914      -0.3024276990628607      -0.0477200780639996          0
  90.146606      49.674130      -0.2947017209028241      -0.0352748763940351          0
  93.280886      49.688936      -0.2741605799896675       0.0029684470377177          0
  96.416112      49.703286      -0.2416493979347698       0.0748144106058822          0
  99.552254      49.717138      -0.1963419607564783       0.1706229187335420          0
  102.689279      49.730451      -0.1453259803786980       0.2923722024401372          0
  105.827151      49.743184      -0.1056915834214250       0.4229917842018767          0
  108.965834      49.755299      -0.0766653755991410       0.5026867184302392          0
  112.105285      49.766760      -0.0462066410730016       0.5832966784585050          0
  115.245462      49.777531      -0.0058462689429192       0.6529771835603648          0
  118.386320      49.787581       0.0455965867433317       0.7091930346901653          0
  121.527811      49.796878       0.1057744787945366       0.7491845503250603          0
  124.669886      49.805396       0.1732210508339143       0.7758334245534490          0
  127.812492      49.813108       0.2469282417025381       0.7925045778856615          0
  130.955577      49.819991       0.3274004750153524       0.8019466572468583          0
  134.099086      49.826023       0.4189127591112064       0.8122422583184947          0
  137.242962      49.831188       0.5296574472659605       0.8445070036849836          0
  140.387149      49.835469       0.6824019096806107       0.9527914124232773          0
  143.531587      49.838852      -0.0000000000000000       0.0000000000000000          0
  43.286175      46.822541      -0.0000000000000000       0.0000000000000000        301
  46.405379      46.838438      -0.0000000000000000       0.0000000000000000        302
  49.525512      46.854606      -0.0000000000000000       0.0000000000000000        302
  52.646589      46.870995      -0.0000000000000000       0.0000000000000000        302
  55.768622      46.887559      -0.0000000000000000       0.0000000000000000        302
  58.891621      46.904247      -0.0000000000000000       0.0000000000000000        302
  62.015595      46.921009      -0.0000000000000000       0.0000000000000000        467
  65.140547      46.937797      -0.0000000000000000       0.0000000000000000        458
  68.266479      46.954560      -0.0000000000000000       0.0000000000000000        459
  71.393388      46.971248      -0.0943953280970879      -0.0330861127180324          0
  74.521272      46.987812      -0.2186296969469551      -0.0679514072321152          0
  77.650122      47.004202      -0.3161705872317646      -0.0858164043257401          0
  80.779929      47.020369      -0.3847915114100967      -0.0894695566144374          0
  83.910678      47.036265      -0.4233099247787180      -0.0822279665062575          0
  87.042355      47.051843      -0.4344598998844758      -0.0681103350014094          0
  90.174940      47.067055      -0.4229385102404002      -0.0430040027967278          0
  93.308412      47.081857      -0.4012662977001549       0.0361198717020191          0
  96.442745      47.096203      -0.3675048123314248       0.1661969974789342          0
  99.577914      47.110051      -0.3200969912503330       0.3384750461821628          0
  102.713887      47.123359      -0.2609639155318257       0.5409532884380425          0
  105.850634      47.136088      -0.1961884876831053       0.7217951699459261          0
  108.988119      47.148198      -0.1337030710829971       0.8149288989508541          0
  112.126304      47.159654      -0.0772362987659524       0.8685297780423374          0
  115.265152      47.170421      -0.0162097556120016       0.9205889793395539          0
  118.404620      47.180466       0.0524177918098257       0.9652581305569710          0
  121.544665      47.189759       0.1288200844667007       0.9965303495767386          0
  124.685241      47.198273       0.2115970419737571       1.0113722839277401          0
  127.826303      47.205981       0.3000461751635375       1.0127315504319860          0
  130.967800      47.212860       0.3943336091600812       0.9992580901459943          0
  134.109684      47.218890       0.4969529862976699       0.9762576224239905          0
  137.251903      47.224052       0.6119100626505094       0.9627701842563934          0
  140.394404      47.228330       0.6603672584652036       0.2560737682256329        625
  143.537135      47.231712      -0.0000000000000000       0.0000000000000000          0
  43.313006      44.215465      -0.0000000000000000       0.0000000000000000        301
  46.432718      44.231366      -0.0000000000000000       0.0000000000000000        301
  49.553279      44.247535      -0.0000000000000000       0.0000000000000000        301
  52.674700      44.263927      -0.0000000000000000       0.0000000000000000        301
  55.796996      44.280491      -0.0000000000000000       0.0000000000000000        301
  58.920174      44.297180      -0.0000000000000000       0.0000000000000000        302
  62.044241      44.313943      -0.0000000000000000       0.0000000000000000        467
  65.169201      44.330731      -0.0000000000000000       0.0000000000000000        466
  68.295056      44.347494      -0.0216017221361532      -0.0083639889595436          0
  71.421804      44.364181      -0.1953376503999776      -0.0679897657298112          0
  74.549441      44.380743      -0.3389007439972612      -0.1047428438704434          0
  77.677960      44.397132      -0.4520148471788560      -0.1221078669952064          0
  80.807351      44.413297      -0.5292723548043491      -0.1224735231219943          0
  83.937604      44.429190      -0.5698792527068923      -0.1101148926617842          0
  87.068703      44.444765      -0.5751499032217331      -0.0897353813061511          0
  90.200631      44.459974      -0.5537870268393831      -0.0589269326117811          0
  93.333367      44.474772      -0.5270849401646749       0.0573386002357339          0
  96.466890      44.489115      -0.4925506987197560       0.2577842092352888          0
  99.601175      44.502959      -0.4432967053025533       0.5172992410105480          0
  102.736195      44.516263      -0.3747595379716920       0.8050125280377976          0
  105.871920      44.528987      -0.2885033871506011       1.0439535155410906          0
  109.008318      44.541093      -0.2003024231173297       1.1433869207698066          0
  112.145356      44.552545      -0.1151549530770693       1.1675508067230487          0
  115.282998      44.563308      -0.0310880756863024       1.1968126671144450          0
  118.421205      44.573349       0.0547158354254663       1.2248040381440986          0
  121.559939      44.582638       0.1456084316581808       1.2466429872476106          0
  124.699158      44.591148       0.2424309310743363       1.2539944443524651          0
  127.838819      44.598853       0.3441317593875232       1.2374124186924613          0
  130.978877      44.605729       0.4488530030815691       1.1823897493317714          0
  134.119288      44.611756       0.5509979002066869       1.0702355085051911          0
  137.260005      44.616915      -0.0000000000000000       0.0000000000000000          0
  140.400979      44.621191       0.6599923174272522       0.4871991959172334        625
  143.542163      44.624572      -0.0000000000000000       0.0000000000000000          0
  43.337561      41.608385      -0.0000000000000000       0.0000000000000000        526
  46.457737      41.624287      -0.0000000000000000       0.0000000000000000        301
  49.578687      41.640459      -0.0000000000000000       0.0000000000000000        301
  52.700423      41.656852      -0.0000000000000000       0.0000000000000000        301
  55.822957      41.673418      -0.0000000000000000       0.0000000000000000        301
  58.946297      41.690107      -0.0000000000000000       0.0000000000000000        301
  62.070448      41.706871      -0.0000000000000000       0.0000000000000000        390
  65.195415      41.723659      -0.0000000000000000       0.0000000000000000        467
  68.321198      41.740421      -0.1046670986639197      -0.0388949349599211          0
  71.447796      41.757107      -0.3243528900083832      -0.0990555804292772          0
  74.575206      41.773668      -0.4859925162470681      -0.1495667224550174          0
  77.703421      41.790055      -0.6159112165170371      -0.1659333516216594          0
  80.832432      41.806218      -0.6870411047967773      -0.1586687820652029        580
  83.962229      41.822109      -0.6908030238865996      -0.1335616613035716        580
  87.092798      41.837681      -0.6925043200015213      -0.1083336421066456        580
  90.224123      41.852887      -0.6816036689176651      -0.0821190273869723          0
  93.356187      41.867682      -0.6446591792443353       0.0510364654145648          0
  96.488968      41.882021      -0.6060896679554241       0.3357226338550456          0
  99.622444      41.895862      -0.5434913059697134       0.6463810345082609          0
  102.756591      41.909162      -0.4622276931825882       0.9902758105520163          0
  105.891381      41.921883      -0.3788446679367803       1.3910514654238346          0
  109.026785      41.933985      -0.2710287588908688       1.4740652981328128          0
  112.162773      41.945433      -0.1645398164521535       1.4917118360176562          0
  115.299311      41.956192      -0.0556316181629911       1.4924600658584288          0
  118.436366      41.966229       0.0530836848097732       1.4894162053377769          0
  121.573901      41.975515       0.1601108925680626       1.4861000170043290          0
  124.711878      41.984022       0.2685818274674718       1.4849980028318823          0
  127.850259      41.991723       0.3791414056901545       1.4894678759957900          0
  130.989002      41.998596       0.4794581373297253       1.3210663276004055          0
  134.128067      42.004621      -0.0000000000000000       0.0000000000000000          0
  137.267410      42.009778      -0.0000000000000000       0.0000000000000000          0
  140.406989      42.014052       0.6596496167087127       0.7173253560028086        626
  143.546759      42.017431      -0.0000000000000000       0.0000000000000000          0
  43.360207      39.001299      -0.0000000000000000       0.0000000000000000        526
  46.480809      39.017203      -0.0000000000000000       0.0000000000000000        526
  49.602117      39.033377      -0.0000000000000000       0.0000000000000000        301
  52.724143      39.049772      -0.0000000000000000       0.0000000000000000        301
  55.846896      39.066339      -0.0000000000000000       0.0000000000000000        301
  58.970384      39.083029      -0.0000000000000000       0.0000000000000000        301
  62.094612      39.099793      -0.0000000000000000       0.0000000000000000        301
  65.219583      39.116581      -0.0000000000000000       0.0000000000000000        301
  68.345299      39.133342      -0.5667581728218314       0.0416894509894046          0
  71.471758      39.150028      -0.9780716969838410       0.0399424747310633          0
  74.598957      39.166588      -0.8704690484683249      -0.1021285367742163          0
  77.726890      39.182973      -0.6812824979972565      -0.1830484783317198        580
  80.855550      39.199134      -0.6870764228396572      -0.1594338045675333        580
  83.984926      39.215023      -0.6908227880634021      -0.1356328296464135        580
  87.115005      39.230593      -0.6925090079305637      -0.1117168622768914        580
  90.245775      39.245796      -0.6921286660227376      -0.0877577995244350        580
  93.377217      39.260588      -0.9063332937853201       0.1618969272685053          0
  96.509313      39.274924      -0.8713557866206452       0.4576019673746468          0
  99.642044      39.288762      -0.7235068798689207       0.7210041988058926          0
  102.775385      39.302059      -0.5217972359709087       0.9580332280870525          0
  105.909313      39.314776      -0.3469891852536388       1.1757319359723575          0
  109.043801      39.326874      -0.2383868200856188       1.2827144868793801          0
  112.178820      39.338318      -0.1357821102532281       1.2916324668323298          0
  115.314342      39.349074      -0.0336762558146907       1.3036842039132996          0
  118.450334      39.359108       0.0688654786113700       1.3141644483930359          0
  121.586764      39.368391       0.1726318575548099       1.3098432106644682          0
  124.723597      39.376894       0.2765392239206681       1.2763710087066129          0
  127.860798      39.384593       0.3777561123033190       1.2092688412965913          0
  130.998330      39.391463       0.4715034202547551       1.0708723197542618          0
  134.136154      39.397485      -0.0000000000000000       0.0000000000000000          0
  137.274232      39.402640      -0.0000000000000000       0.0000000000000000          0
  140.412525      39.406913       0.6593339167436849       0.9459747086145989        626
  143.550992      39.410290       0.4794554573999512       0.9258734137447320        625
  43.381243      36.394209      -2.4956630236107147       0.1046202021420103        503
  46.502240      36.410116      -0.0000000000000000       0.0000000000000000        505
  49.623880      36.426291      -0.0000000000000000       0.0000000000000000        505
  52.746173      36.442687      -0.0000000000000000       0.0000000000000000        505
  55.869128      36.459255      -0.0000000000000000       0.0000000000000000        505
  58.992753      36.475946      -0.0000000000000000       0.0000000000000000        505
  62.117051      36.492710      -0.0000000000000000       0.0000000000000000        301
  65.242025      36.509498      -0.0000000000000000       0.0000000000000000        301
  68.367678      36.526259      -1.7410354229214047       0.3358723549623713          0
  71.494007      36.542944      -2.5965011698905220       0.4729119043048100          0
  74.621009      36.559503      -2.2991433938613293       0.3661503308427420          0
  77.748680      36.575887      -1.1470918688424594       0.0078485976613454          0
  80.877012      36.592046      -0.6871091115918917      -0.1599001551539430        580
  84.005996      36.607934      -0.7931628809943677      -0.0857465019016261          0
  87.135621      36.623501      -1.1585742560969634       0.1281935797136168          0
  90.265873      36.638702      -1.4661995497127136       0.3082065896990545          0
  93.396738      36.653491      -1.5596917767585539       0.4901624557648333          0
  96.528198      36.667824      -1.3966604122396482       0.6760418807038685          0
  99.660235      36.681658      -1.0551229860006166       0.8159900593163842          0
  102.792829      36.694952      -0.6520169811269869       0.9091914085739846          0
  105.925956      36.707666      -0.3225595763924971       0.9850127483246385          0
  109.059592      36.719761      -0.1997392228775049       1.0578536116415995          0
  112.193713      36.731202      -0.1040055739149934       1.0688830014758570          0
  115.328291      36.741954      -0.0095893562762150       1.0896150771429278          0
  118.463297      36.751985       0.0862764704337991       1.1058181312398503          0
  121.598701      36.761265       0.1843940384457991       1.0961888936732480          0
  124.734472      36.769765       0.2823295667098273       1.0579955619372849          0
  127.870578      36.777461       0.3773763349710344       0.9847661783574340          0
  131.006985      36.784329       0.4652457061907923       0.8529613464917740          0
  134.143658      36.790349      -0.0000000000000000       0.0000000000000000          0
  137.280562      36.795502      -0.0000000000000000       0.0000000000000000          0
  140.417662      36.799773      -0.0000000000000000       0.0000000000000000          0
  143.554920      36.803149      -0.0000000000000000       0.0000000000000000          0
  43.400912      33.787116      -2.4967928029922231       0.2944898696847084        503
  46.522278      33.803024      -2.6722643565134452       0.3716879535084896        503
  49.644227      33.819201      -0.0000000000000000       0.0000000000000000        505
  52.766770      33.835598      -0.0000000000000000       0.0000000000000000        505
  55.889913      33.852168      -0.0000000000000000       0.0000000000000000        505
  59.013664      33.868859      -0.0000000000000000       0.0000000000000000        505
  62.138027      33.885624      -0.0000000000000000       0.0000000000000000        506
  65.263004      33.902411      -0.0000000000000000       0.0000000000000000        506
  68.388596      33.919172      -2.7392112220827354       0.6423848649699849          0
  71.514803      33.935857      -3.6229494696259339       0.8388047638307793        501
  74.641621      33.952415      -3.7651333677390566       0.9503193233493497        501
  77.769046      33.968797      -2.8982089735989502       0.7430222114991147          0
  80.897071      33.984955      -2.1438621476112574       0.5199917758595860          0
  84.025688      34.000840      -1.9651459035861683       0.5009415259426889          0
  87.154886      34.016405      -2.1164454210909280       0.6209786490866055          0
  90.284655      34.031604      -2.3521484431537099       0.7752146278806027          0
  93.414979      34.046390      -2.3902835128400346       0.9028475148455435          0
  96.545845      34.060721      -2.0985493826666328       0.9891432301926835          0
  99.677233      34.074552      -1.5023949536157069       0.9837239601253058          0
  102.809127      34.087843      -0.8058722172059768       0.8992816895723020          0
  105.941505      34.100554      -0.2782419749765387       0.8206578923886445          0
  109.074347      34.112646      -0.1611666917932563       0.8299120428371641          0
  112.207627      34.124084      -0.0730126740390641       0.8462340257886407          0
  115.341322      34.134833       0.0132353851199042       0.8798998169422134          0
  118.475407      34.144861       0.1023548372438729       0.9053066222022679          0
  121.609852      34.154138       0.1949724750835502       0.8990970910649790          0
  124.744631      34.162635       0.2875561436421360       0.8681815002705604          0
  127.879714      34.170329       0.3778842346492453       0.8105727076028576          0
  131.015070      34.177195      -0.0000000000000000       0.0000000000000000          0
  134.150667      34.183212      -0.0000000000000000       0.0000000000000000          0
  137.286475      34.188363      -0.0000000000000000       0.0000000000000000          0
  140.422460      34.192633      -0.0000000000000000       0.0000000000000000          0
  143.558589      34.196008      -0.0000000000000000       0.0000000000000000          0
  43.419418      31.180020      -2.4978555062680390       0.4836592797247844        503
  46.541130      31.195930      -2.6733005887369159       0.5554957576510473        503
  49.663370      31.212108      -2.8408394916846031       0.6322371850525088        503
  52.786147      31.228507      -0.0000000000000000       0.0000000000000000        505
  55.909467      31.245077      -0.0000000000000000       0.0000000000000000        505
  59.033336      31.261769      -0.0000000000000000       0.0000000000000000        505
  62.157759      31.278534      -0.0000000000000000       0.0000000000000000      50601
  65.282737      31.295322      -0.0000000000000000       0.0000000000000000      50601
  68.408272      31.312082      -3.4710045301874217       0.9130744944356357        501
  71.534363      31.328766      -3.6238728846730526       1.0125861061062045        501
  74.661007      31.345323      -3.7659803244316263       1.1164075611044144        501
  77.788199      31.361704      -3.8968977673134573       1.2242361285314234        501
  80.915935      31.377861      -3.3881788012218959       1.1125147887067171          0
  84.044206      31.393744      -3.0906142832300700       1.0621068283749011          0
  87.173003      31.409307      -3.0733065901791985       1.1210726228441086          0
  90.302316      31.424503      -3.2210146576543108       1.2451221943735433          0
  93.432132      31.439287      -3.4092410675080655       1.4042165540666127          0
  96.562437      31.453615      -3.0674922413430998       1.4328541543404270          0
  99.693216      31.467444      -2.0378510640821901       1.2190186720381093          0
  102.824451      31.480732      -0.8733642610605609       0.8845757933617078          0
  105.956125      31.493440      -0.2337456169353914       0.6898618834901696          0
  109.088218      31.505529      -0.1471483325798666       0.6926361031106466          0
  112.220708      31.516964      -0.0588207769136570       0.6981632633272932          0
  115.353574      31.527710       0.0301600145014430       0.7026660584643445          0
  118.486791      31.537735       0.1166053813180243       0.7148542478721676          0
  121.620335      31.547010       0.2041626122693110       0.7182743067310284          0
  124.754181      31.555505       0.2918176200961931       0.7058423002142551          0
  127.888302      31.563196       0.3786273663471849       0.6814613389272672          0
  131.022670      31.570060      -0.0000000000000000       0.0000000000000000          0
  134.157257      31.576075      -0.0000000000000000       0.0000000000000000          0
  137.292033      31.581225      -0.0000000000000000       0.0000000000000000          0
  140.426970      31.585493      -0.0000000000000000       0.0000000000000000          0
  143.562037      31.588867      -0.0000000000000000       0.0000000000000000          0
  43.436932      28.572921      -2.4988609752950941       0.6717443208095517        503
  46.558971      28.588833      -2.6742809459712165       0.7380629355815231        503
  49.681485      28.605013      -2.8417873960417359       0.8089173826211167        503
  52.804482      28.621412      -3.0008796053246432       0.8841079220996230        503
  55.927968      28.637983      -0.0000000000000000       0.0000000000000000        505
  59.051949      28.654676      -0.0000000000000000       0.0000000000000000        505
  62.176428      28.671441      -0.0000000000000000       0.0000000000000000      50601
  65.301407      28.688229      -0.0000000000000000       0.0000000000000000      50601
  68.426887      28.704989      -3.4719458633080924       1.0922240804538912        501
  71.552868      28.721672      -3.6247461041291618       1.1841434263581512        501
  74.679346      28.738228      -3.7667811725162612       1.2800529668694023        501
  77.806318      28.754608      -3.8976228453127146       1.3796733323422925        501
  80.933779      28.770763      -4.0168759041140349       1.4827127646098133        501
  84.061723      28.786645      -4.1241793828250897       1.5888679292413599        501
  87.190140      28.802206      -3.9671371174416015       1.5997802288287244          0
  90.319021      28.817400      -4.0047606973514958       1.6862079242616252          0
  93.448355      28.832182      -4.2292856475787035       1.8597577251281523          0
  96.578130      28.846508      -4.4279383964098047       2.0382237589959979        501
  99.708331      28.860334      -2.0920359285813221       1.2456718861001668          0
  102.838944      28.873619      -0.4610285070519160       0.6548990887869055          0
  105.969951      28.886324      -0.2356034112454206       0.6060209340698389          0
  109.101336      28.898411      -0.1492707927375388       0.6158019373937134          0
  112.233078      28.909843      -0.0601950196207859       0.6242469275959170          0
  115.365159      28.920587       0.0295843764664275       0.6306161381251741          0
  118.497556      28.930609       0.1185901034094445       0.6327950360992145          0
  121.630248      28.939881       0.2059611292059006       0.6295299696068840          0
  124.763212      28.948374       0.2927848614204986       0.6231175379956268          0
  127.896422      28.956063       0.3791075032273960       0.6154493272810467          0
  131.029856      28.962924      -0.0000000000000000       0.0000000000000000          0
  134.163487      28.968938      -0.0000000000000000       0.0000000000000000          0
  137.297289      28.974086      -0.0000000000000000       0.0000000000000000          0
  140.431235      28.978353      -0.0000000000000000       0.0000000000000000          0
  143.565298      28.981725      -0.0000000000000000       0.0000000000000000          0
  43.453598      25.965820      -2.4998175670003988       0.8583618555754226        503
  46.575948      25.981734      -2.6752135866500906       0.9190183474838068        503
  49.698722      25.997915      -2.8426891023625127       0.9838324754963934        503
  52.821928      26.014316      -3.0017437561126932       1.0526222060404322        503
  55.945572      26.030887      -3.1519017308018125       1.1251930464098632        503
  59.069659      26.047581      -0.0000000000000000       0.0000000000000000      50602
  62.194190      26.064346      -0.0000000000000000       0.0000000000000000      50602
  65.319169      26.081134      -0.0000000000000000       0.0000000000000000      50602
  68.444597      26.097894      -3.4728410555128955       1.2689987968009775        501
  71.570471      26.114576      -3.6255764573332034       1.3531312386809848        501
  74.696792      26.131132      -3.7675426446289189       1.4409267391478275        501
  77.823554      26.147510      -3.8983122119405507       1.5321299116236897        501
  80.950753      26.163664      -4.0174907979999137       1.6264739136864810        501
  84.078384      26.179544      -4.1247183231226048       1.7236811868431945        501
  87.206439      26.195103      -4.2196701271748003       1.8234642445049423        501
  90.334910      26.210296      -4.3020580039317204       1.9255265063073306        501
  93.463785      26.225075      -4.5651609916980211       2.2728789147904696        607
  96.593055      26.239398      -4.5447425328127418       2.3826842202570049       7250
  99.722707      26.253222      -1.0127712651019032       0.7149262882141806          0
  102.852727      26.266505      -0.3120516145548051       0.4969328918370943          0
  105.983100      26.279207      -0.2389529438830018       0.5231106213595431          0
  109.113811      26.291291      -0.1524560002704068       0.5393697510188796          0
  112.244842      26.302721      -0.0620951691448468       0.5512225000079091          0
  115.376176      26.313462       0.0289232485879040       0.5596868646473000          0
  118.507793      26.323482       0.1189697477012352       0.5637963371702798          0
  121.639674      26.332751       0.2062975390272821       0.5615205960472874          0
  124.771798      26.341242       0.2932052739239487       0.5566154044434600          0
  127.904144      26.348929      -0.0000000000000000       0.0000000000000000          0
  131.036689      26.355788      -0.0000000000000000       0.0000000000000000          0
  134.169411      26.361800      -0.0000000000000000       0.0000000000000000          0
  137.302286      26.366947      -0.0000000000000000       0.0000000000000000          0
  140.435290      26.371212      -0.0000000000000000       0.0000000000000000          0
  143.568399      26.374584      -0.0000000000000000       0.0000000000000000          0
  43.469541      23.358718      -2.5007324567044260       1.0431307423884346        503
  46.592187      23.374633      -2.6761055147412147       1.0979930517335774        503
  49.715210      23.390815      -2.8435513907658763       1.1566264849614434        503
  52.838616      23.407217      -3.0025700743433998       1.2188671652988681        503
  55.962411      23.423789      -3.1526861714367675       1.2845398639109031        503
  59.086597      23.440483      -0.0000000000000000       0.0000000000000000      50602
  62.211178      23.457249      -0.0000000000000000       0.0000000000000000      50602
  65.336157      23.474036      -0.0000000000000000       0.0000000000000000          0
  68.461533      23.490796      -3.4736968745931343       1.4430404322318120        501
  71.587306      23.507478      -3.6263702308222907       1.5192077585598520        501
  74.713475      23.524033      -3.7682705145359137       1.5987041450182431        501
  77.840036      23.540410      -3.8989711027430269       1.6812987570800069        501
  80.966985      23.556563      -4.0180784541494008       1.7667502517555334        501
  84.094316      23.572441      -4.1252333368234284       1.8548074429518844        501
  87.222025      23.587999      -4.2201119560795757       1.9452100121007345        501
  90.350102      23.603189      -4.3024269785165696       2.0376892624103142        501
  93.478538      23.617967      -4.5650966371818624       2.3092825156786798        607
  96.607325      23.632288      -4.5446183167842094       2.4088304159366953       7250
  99.736451      23.646109      -0.3358110294452403       0.3626852614933143        603
  102.865904      23.659389      -0.3141139883767807       0.4082676955204586          0
  105.995670      23.672089      -0.2466214438815350       0.4439045844330623          0
  109.125736      23.684171      -0.1574977661394496       0.4652987464107656          0
  112.256087      23.695598      -0.0642098207329371       0.4803915308929021          0
  115.386707      23.706337       0.0287100937312948       0.4908109425594059          0
  118.517579      23.716354       0.1192314666877599       0.4954083398133874          0
  121.648685      23.725621       0.2065550637350915       0.4937333405457059          0
  124.780006      23.734110      -0.0000000000000000       0.0000000000000000          0
  127.911525      23.741794      -0.0000000000000000       0.0000000000000000          0
  131.043221      23.748652      -0.0000000000000000       0.0000000000000000          0
  134.175073      23.754662      -0.0000000000000000       0.0000000000000000          0
  137.307062      23.759807      -0.0000000000000000       0.0000000000000000          0
  140.439166      23.764072      -0.0000000000000000       0.0000000000000000          0
  143.571362      23.767442      -0.0000000000000000       0.0000000000000000          0
  43.484869      20.751614      -2.5016118745357860       1.2256728006616502        503
  46.607800      20.767530      -2.6769628107760934       1.2746212613833074        503
  49.731062      20.783714      -2.8443801466166834       1.3269468011678440        503
  52.854659      20.800116      -3.0033642068613133       1.3825041084546266        503
  55.978597      20.816689      -3.1534400052101090       1.4411376462265284        503
  59.102879      20.833384      -3.2941586814244448       1.5026819990156595        503
  62.227508      20.850150      -0.0000000000000000       0.0000000000000000          0
  65.352486      20.866937      -0.0000000000000000       0.0000000000000000          0
  68.477812      20.883697      -0.0000000000000000       0.0000000000000000          0
  71.603488      20.900378      -3.6271328773030644       1.6820358855946453        501
  74.729510      20.916932      -3.7689697893355474       1.7530654764826556        501
  77.855876      20.933309      -3.8996040572373070       1.8268781474390794        501
  80.982584      20.949460      -4.0186429280821541       1.9032585836985021        501
  84.109628      20.965337      -4.1257279848062476       1.9819825119011618        501
  87.237002      20.980893      -4.2205362644000006       2.0628173316389122        501
  90.364701      20.996081      -0.0000000000000000       0.0000000000000000          0
  93.492715      21.010857      -4.5650345101082710       2.3407911715252983        607
  96.621038      21.025176      -4.5444986882112222       2.4298798022098982       7250
  99.749658      21.038995      -0.3354794828797000       0.2981388370215297        603
  102.878565      21.052273      -0.3140864257604943       0.3656659474740536      60401
  106.007748      21.064970      -0.2318119456005534       0.4212581628429388        602
  109.137195      21.077050      -0.1645922908656952       0.3954624933374392          0
  112.266892      21.088474      -0.0653814710896775       0.4134543058643482          0
  115.396826      21.099211       0.0302826376046684       0.4252164264120262          0
  118.526981      21.109226       0.1192328692968490       0.4268994037875152        612
  121.657341      21.118491      -0.0000000000000000       0.0000000000000000          0
  124.787892      21.126977      -0.0000000000000000       0.0000000000000000          0
  127.918616      21.134660      -0.0000000000000000       0.0000000000000000          0
  131.049496      21.141516      -0.0000000000000000       0.0000000000000000          0
  134.180513      21.147524      -0.0000000000000000       0.0000000000000000          0
  137.311651      21.152668      -0.0000000000000000       0.0000000000000000          0
  140.442889      21.156931      -0.0000000000000000       0.0000000000000000          0
  143.574209      21.160301      -0.0000000000000000       0.0000000000000000          0
  43.499677      18.144508      -2.5024612922304676       1.4056137307076699        503
  46.622883      18.160426      -2.6777908143649087       1.4485412511057190        503
  49.746374      18.176611      -2.8451805373873826       1.4944450750359515        503
  52.870156      18.193014      -3.0041311109518567       1.5431988223500970        503
  55.994233      18.209588      -3.1541679435894756       1.5946670314401246        503
  59.118607      18.226283      -0.0000000000000000       0.0000000000000000          0
  62.243282      18.243049      -0.0000000000000000       0.0000000000000000          0
  65.368258      18.259837      -0.0000000000000000       0.0000000000000000          0
  68.493536      18.276596      -0.0000000000000000       0.0000000000000000          0
  71.619116      18.293277      -3.6278691805574184       1.8412841150189156        501
  74.744996      18.309830      -3.7696448610992128       1.9036969328941349        501
  77.871175      18.326206      -3.9002150565986300       1.9685726000866288        501
  80.997649      18.342356      -4.0191877757746113       2.0357223032064136        501
  84.124414      18.358231      -4.1262053886161736       2.1049491649656749        501
  87.251466      18.373786      -0.0000000000000000       0.0000000000000000          0
  90.378798      18.388972      -0.0000000000000000       0.0000000000000000          0
  93.506405      18.403746      -0.0000000000000000       0.0000000000000000          0
  96.634278      18.418063      -4.5443829280405899       2.4457948195887145       7250
  99.762410      18.431879      -0.3646939155227085       0.3198559609468983      60301
  102.890790      18.445155      -0.3138859545632184       0.3259190439497441        604
  106.019410      18.457851      -0.2621384745462118       0.3310948709358695      60405
  109.148259      18.469928      -0.1441353130098962       0.3540969443078825      60201
  112.277324      18.481350      -0.0000000000000000       0.0000000000000000          0
  115.406595      18.492084      -0.0000000000000000       0.0000000000000000          0
  118.536058      18.502097      -0.0000000000000000       0.0000000000000000          0
  121.665699      18.511360      -0.0000000000000000       0.0000000000000000          0
  124.795505      18.519844      -0.0000000000000000       0.0000000000000000          0
  127.925462      18.527525      -0.0000000000000000       0.0000000000000000          0
  131.055554      18.534379      -0.0000000000000000       0.0000000000000000          0
  134.185765      18.540386      -0.0000000000000000       0.0000000000000000          0
  137.316080      18.545529      -0.0000000000000000       0.0000000000000000          0
  140.446483      18.549790      -0.0000000000000000       0.0000000000000000          0
  143.576958      18.553159      -0.0000000000000000       0.0000000000000000          0
  43.514049      15.537401      -2.5032855728108752       1.5825839954648004        503
  46.637521      15.553321      -2.6785942704177317       1.6193962228310415        503
  49.761236      15.569507      -2.8459571543248838       1.6587780657429394        503
  52.885196      15.585911      -0.0000000000000000       0.0000000000000000          0
  56.009407      15.602486      -0.0000000000000000       0.0000000000000000          0
  59.133870      15.619181      -0.0000000000000000       0.0000000000000000          0
  62.258588      15.635948      -0.0000000000000000       0.0000000000000000          0
  65.383562      15.652735      -0.0000000000000000       0.0000000000000000          0
  68.508793      15.669494      -0.0000000000000000       0.0000000000000000          0
  71.634280      15.686175      -0.0000000000000000       0.0000000000000000          0
  74.760022      15.702727      -3.7702996281920504       2.0502914426345340        501
  77.886018      15.719102      -3.9008076337916924       2.1060936590611012        501
  81.012265      15.735250      -0.0000000000000000       0.0000000000000000          0
  84.138760      15.751124      -0.0000000000000000       0.0000000000000000          0
  87.265498      15.766677      -0.0000000000000000       0.0000000000000000          0
  90.392476      15.781862      -0.0000000000000000       0.0000000000000000          0
  93.519686      15.796634      -0.0000000000000000       0.0000000000000000          0
  96.647123      15.810949      -0.4128389376378794       0.1613965819371134      60302
  99.774781      15.824763      -0.3644950430205941       0.2802342583755028      60301
  102.902650      15.838037      -0.3136914677643233       0.2854910885159421        604
  106.030723      15.850730      -0.2619498502091139       0.2899824786005437        604
  109.158991      15.862805      -0.2094243606342943       0.2936926089817872      60403
  112.287444      15.874225      -0.0000000000000000       0.0000000000000000          0
  115.416071      15.884957      -0.0000000000000000       0.0000000000000000          0
  118.544862      15.894968      -0.0000000000000000       0.0000000000000000          0
  121.673806      15.904228      -0.0000000000000000       0.0000000000000000          0
  124.802890      15.912711      -6.3566158421565122       3.5135172311336449        678
  127.932102      15.920390      -0.0000000000000000       0.0000000000000000          0
  131.061429      15.927242      -0.0000000000000000       0.0000000000000000          0
  134.190859      15.933248      -0.0000000000000000       0.0000000000000000          0
  137.320377      15.938389      -0.0000000000000000       0.0000000000000000          0
  140.449970      15.942650      -0.0000000000000000       0.0000000000000000          0
  143.579623      15.946018      -0.0000000000000000       0.0000000000000000          0
  43.528063      12.930294      -1.4021872179904611       1.2035603088946254        710
  46.651794      12.946214      -0.0000000000000000       0.0000000000000000          0
  49.775725      12.962402      -0.0000000000000000       0.0000000000000000          0
  52.899859      12.978807      -0.0000000000000000       0.0000000000000000          0
  56.024200      12.995382      -0.0000000000000000       0.0000000000000000          0
  59.148750      13.012078      -0.0000000000000000       0.0000000000000000          0
  62.273510      13.028845      -0.0000000000000000       0.0000000000000000          0
  65.398482      13.045632      -0.0000000000000000       0.0000000000000000          0
  68.523666      13.062391      -0.0000000000000000       0.0000000000000000          0
  71.649062      13.079071      -0.0000000000000000       0.0000000000000000          0
  74.774669      13.095622      -3.7709375937766669       2.1925494332230611        501
  77.900486      13.111996      -3.9013849629673829       2.2391606299362121        501
  81.026512      13.128144      -0.0000000000000000       0.0000000000000000          0
  84.152742      13.144017      -0.0000000000000000       0.0000000000000000          0
  87.279175      13.159568      -0.0000000000000000       0.0000000000000000          0
  90.405805      13.174751      -0.0000000000000000       0.0000000000000000          0
  93.532629      13.189521      -0.0000000000000000       0.0000000000000000          0
  96.659641      13.203834      -0.4125290883077190       0.0962852101148049      60302
  99.786836      13.217647      -0.3345460452059073       0.1012937528486139      60302
  102.914207      13.230918      -0.3135019285416996       0.2444660420034031      60402
  106.041747      13.243609      -0.2617660310400936       0.2482649308452974        604
  109.169449      13.255682      -0.2092476321024169       0.2514079985134071        604
  112.297304      13.267100      -0.0557859464422216       0.2112397548399234        612
  115.425305      13.277829      -0.0000000000000000       0.0000000000000000          0
  118.553441      13.287838      -0.0000000000000000       0.0000000000000000          0
  121.681705      13.297097      -0.0000000000000000       0.0000000000000000          0
  124.810085      13.305577      -6.3568105412371239       3.6289820452066879        678
  127.938572      13.313254      -0.0000000000000000       0.0000000000000000          0
  131.067154      13.320105      -0.0000000000000000       0.0000000000000000          0
  134.195822      13.326110      -0.0000000000000000       0.0000000000000000          0
  137.324563      13.331249      -0.0000000000000000       0.0000000000000000          0
  140.453366      13.335509      -0.0000000000000000       0.0000000000000000          0
  143.582220      13.338876      -0.0000000000000000       0.0000000000000000          0
  43.541786      10.323186      -1.1720743734276695       0.9418328210022521        709
  46.665771      10.339108      -1.1622915513796865       0.9532511970858660        709
  49.789914      10.355296      -1.1490535127365751       0.9645925181351782        709
  52.914218      10.371702      -0.0000000000000000       0.0000000000000000          0
  56.038686      10.388278      -0.0000000000000000       0.0000000000000000          0
  59.163319      10.404974      -0.0000000000000000       0.0000000000000000          0
  62.288120      10.421741      -0.0000000000000000       0.0000000000000000          0
  65.413089      10.438529      -0.0000000000000000       0.0000000000000000          0
  68.538227      10.455287      -0.0000000000000000       0.0000000000000000          0
  71.663534      10.471967      -0.0000000000000000       0.0000000000000000          0
  74.789009      10.488517      -0.0000000000000000       0.0000000000000000          0
  77.914651      10.504890      -3.9019499332028333       2.3675012682270964        501
  81.040459      10.521037      -4.0207345716278144       2.4061939730614910        502
  84.166430      10.536908      -0.0000000000000000       0.0000000000000000          0
  87.292563      10.552458      -0.0000000000000000       0.0000000000000000          0
  90.418854      10.567640      -0.0000000000000000       0.0000000000000000          0
  93.545299      10.582408      -0.0000000000000000       0.0000000000000000          0
  96.671895      10.596719      -0.4122257702657661       0.0309661510103659      60302
  99.798637      10.610529      -0.4008520640111463       0.1272452919541537        647
  102.925519      10.623799      -0.3133163923489228       0.2029290506728536      60402
  106.052537      10.636488      -0.2615861005239619       0.2060287643239590      60402
  109.179685      10.648558      -0.2090746480009627       0.2085993885240116        604
  112.306955      10.659974      -0.0555147820988551       0.1380538137607890        613
  115.434342      10.670701       0.0323943878905289       0.1384725117410450        613
  118.561838      10.680708       0.2617866162106368       0.7884800392289476        677
  121.689435      10.689965      -0.0000000000000000       0.0000000000000000          0
  124.817127      10.698443      -0.0000000000000000       0.0000000000000000          0
  127.944903      10.706119      -0.0000000000000000       0.0000000000000000          0
  131.072757      10.712968      -0.0000000000000000       0.0000000000000000          0
  134.200679      10.718971      -0.0000000000000000       0.0000000000000000          0
  137.328660      10.724109      -0.0000000000000000       0.0000000000000000          0
  140.456691      10.728368      -0.0000000000000000       0.0000000000000000          0
  143.584762      10.731734      -0.0000000000000000       0.0000000000000000          0
  43.555283       7.716077      -1.1720395813519038       0.9418764174766912        709
  46.679517       7.732000      -1.1622408453908606       0.9504468683629518        709
  49.803868       7.748189      -1.1489866881119535       0.9589685526413925        709
  52.928339       7.764597      -0.0000000000000000       0.0000000000000000          0
  56.052931       7.781173      -0.0000000000000000       0.0000000000000000          0
  59.177647       7.797870      -0.0000000000000000       0.0000000000000000          0
  62.302488       7.814637      -0.0000000000000000       0.0000000000000000          0
  65.427454       7.831424      -0.0000000000000000       0.0000000000000000          0
  68.552546       7.848183      -0.0000000000000000       0.0000000000000000          0
  71.677764       7.864862      -0.0000000000000000       0.0000000000000000          0
  74.803109       7.881412      -0.0000000000000000       0.0000000000000000          0
  77.928578       7.897784      -3.9025052104314435       2.4908524258811773        501
  81.054172       7.913929      -4.0212295724173277       2.5198701772363399        502
  84.179888       7.929799      -0.0000000000000000       0.0000000000000000          0
  87.305726       7.945348      -0.0000000000000000       0.0000000000000000          0
  90.431682       7.960528      -0.0000000000000000       0.0000000000000000          0
  93.557755       7.975294      -0.0000000000000000       0.0000000000000000          0
  96.683941       7.989603      -0.0000000000000000       0.0000000000000000          0
  99.810237       8.003412      -0.4005377236646221       0.0563635108291188        647
  102.936640       8.016679      -0.3131339867701168       0.1609662755601571      60402
  106.063144       8.029366      -0.2614092122334353       0.1633615533699229      60402
  109.189747       8.041434      -0.0000000000000000       0.0000000000000000          0
  112.316442       8.052848      -0.0552482249459746       0.0645812044785114        613
  115.443226       8.063573       0.0326440871014416       0.0649703830143356        613
  118.570092       8.073578      -0.0000000000000000       0.0000000000000000          0
  121.697034       8.082833      -0.0000000000000000       0.0000000000000000          0
  124.824048       8.091309      -0.0000000000000000       0.0000000000000000          0
  127.951127       8.098983      -6.4321923981616127       3.8858303564441368        678
  131.078264       8.105831      -0.0000000000000000       0.0000000000000000          0
  134.205453       8.111832      -0.0000000000000000       0.0000000000000000          0
  137.332686       8.116970      -0.0000000000000000       0.0000000000000000          0
  140.459958       8.121227      -0.0000000000000000       0.0000000000000000          0
  143.587260       8.124593      -0.0000000000000000       0.0000000000000000          0
  43.568615       5.108968      -1.1720051520880070       0.9399450111372105        709
  46.693094       5.124892      -1.1621906968409583       0.9456495451441831        709
  49.817651       5.141082      -0.0000000000000000       0.0000000000000000          0
  52.942286       5.157490      -0.0000000000000000       0.0000000000000000          0
  56.067001       5.174068      -0.0000000000000000       0.0000000000000000          0
  59.191798       5.190765      -0.0000000000000000       0.0000000000000000          0
  62.316677       5.207532      -0.0000000000000000       0.0000000000000000          0
  65.441640       5.224320      -0.0000000000000000       0.0000000000000000          0
  68.566686       5.241078      -0.0000000000000000       0.0000000000000000          0
  71.691817       5.257756      -0.0000000000000000       0.0000000000000000          0
  74.817032       5.274306      -0.0000000000000000       0.0000000000000000          0
  77.942330       5.290677      -0.0000000000000000       0.0000000000000000          0
  81.067712       5.306821      -0.0000000000000000       0.0000000000000000          0
  84.193177       5.322690      -0.0000000000000000       0.0000000000000000          0
  87.318723       5.338237      -0.0000000000000000       0.0000000000000000          0
  90.444349       5.353415      -0.0000000000000000       0.0000000000000000          0
  93.570053       5.368180      -0.0000000000000000       0.0000000000000000          0
  96.695835       5.382487      -0.4842958198823875      -0.0172824002040831      67352
  99.821691       5.396294      -0.4002273665339822      -0.0146423714989598        647
  102.947619       5.409559      -0.3149659887687409      -0.0124412567640939      64701
  106.073616       5.422244      -0.2612345730390834       0.1203517321323746      60402
  109.199680       5.434310      -0.0000000000000000       0.0000000000000000          0
  112.325808       5.445722      -0.0549850787907947      -0.0090259455515739      61404
  115.451995       5.456445      -0.0000000000000000       0.0000000000000000          0
  118.578239       5.466448       0.4628296744427525      -0.1297552310344658      61407
  121.704536       5.475700      -0.0000000000000000       0.0000000000000000          0
  124.830881       5.484175      -0.0000000000000000       0.0000000000000000          0
  127.957271       5.491847      -0.0000000000000000       0.0000000000000000          0
  131.083700       5.498694      -0.0000000000000000       0.0000000000000000          0
  134.210165       5.504694      -0.0000000000000000       0.0000000000000000          0
  137.336661       5.509830      -0.0000000000000000       0.0000000000000000          0
  140.463183       5.514086      -0.0000000000000000       0.0000000000000000          0
  143.589726       5.517451      -0.0000000000000000       0.0000000000000000          0
  43.581839       2.501858      -1.1719709393232429       0.9360429848444780        709
  46.706561       2.517784      -0.0000000000000000       0.0000000000000000          0
  49.831321       2.533975      -0.0000000000000000       0.0000000000000000          0
  52.956118       2.550384      -0.0000000000000000       0.0000000000000000          0
  56.080955       2.566962      -0.0000000000000000       0.0000000000000000          0
  59.205832       2.583660      -0.0000000000000000       0.0000000000000000          0
  62.330749       2.600427      -0.0000000000000000       0.0000000000000000          0
  65.455708       2.617215      -0.0000000000000000       0.0000000000000000          0
  68.580709       2.633972      -0.0000000000000000       0.0000000000000000          0
  71.705752       2.650650      -0.0000000000000000       0.0000000000000000          0
  74.830838       2.667199      -0.0000000000000000       0.0000000000000000          0
  77.955967       2.683569      -0.0000000000000000       0.0000000000000000          0
  81.081139       2.699712      -0.0000000000000000       0.0000000000000000          0
  84.206353       2.715580      -0.0000000000000000       0.0000000000000000          0
  87.331609       2.731126      -0.0000000000000000       0.0000000000000000          0
  90.456908       2.746302      -0.0000000000000000       0.0000000000000000          0
  93.582247       2.761065      -0.0000000000000000       0.0000000000000000          0
  96.707627       2.775370      -0.0000000000000000       0.0000000000000000          0
  99.833046       2.789175      -0.3999196520466627      -0.0856252329458559      67301
  102.958503       2.802439      -0.3146673196921777      -0.0843112428294854      64701
  106.083998       2.815121      -0.2284778528807663      -0.0832341338966293      64701
  109.209528       2.827186      -0.2085702639851127       0.0779210297445160      60402
  112.335092       2.838595      -0.0000000000000000       0.0000000000000000          0
  115.460689       2.849316      -0.0000000000000000       0.0000000000000000          0
  118.586316       2.859317       0.1204968466175491      -0.0814152748010267      61405
  121.711972       2.868568      -0.0000000000000000       0.0000000000000000          0
  124.837654       2.877041      -0.0000000000000000       0.0000000000000000          0
  127.963360       2.884712      -0.0000000000000000       0.0000000000000000          0
  131.089089       2.891556      -0.0000000000000000       0.0000000000000000          0
  134.214836       2.897555      -0.0000000000000000       0.0000000000000000          0
  137.340601       2.902690      -0.0000000000000000       0.0000000000000000          0
  140.466380       2.906945      -0.0000000000000000       0.0000000000000000          0
  143.592171       2.910309      -0.0000000000000000       0.0000000000000000          0
  43.595011      -0.105251      -0.0000000000000000       0.0000000000000000          0
  46.719975      -0.089325      -0.0000000000000000       0.0000000000000000          0
  49.844936      -0.073132      -0.0000000000000000       0.0000000000000000          0
  52.969895      -0.056722      -0.0000000000000000       0.0000000000000000          0
  56.094852      -0.040144      -0.0000000000000000       0.0000000000000000          0
  59.219808      -0.023446      -0.0000000000000000       0.0000000000000000          0
  62.344763      -0.006678      -0.0000000000000000       0.0000000000000000          0
  65.469718       0.010109      -0.0000000000000000       0.0000000000000000          0
  68.594673       0.026867      -0.0000000000000000       0.0000000000000000          0
  71.719629       0.043544      -0.0000000000000000       0.0000000000000000          0
  74.844587       0.060092      -0.0000000000000000       0.0000000000000000          0
  77.969546       0.076462      -0.0000000000000000       0.0000000000000000          0
  81.094508       0.092604      -0.0000000000000000       0.0000000000000000          0
  84.219472       0.108470      -0.0000000000000000       0.0000000000000000          0
  87.344440       0.124014      -0.0000000000000000       0.0000000000000000          0
  90.469411       0.139189      -0.0000000000000000       0.0000000000000000          0
  93.594387       0.153951      -0.0000000000000000       0.0000000000000000          0
  96.719367       0.168254      -0.0000000000000000       0.0000000000000000          0
  99.844351       0.182057      -0.3996132841844000      -0.1564380464462093      67352
  102.969339       0.195318      -0.3143699678048139      -0.1560121301249729        673
  106.094333       0.207999      -0.2281915750490701      -0.1556103079925017      64701
  109.219332       0.220061      -0.1413343972036202      -0.1552373566856294        614
  112.344335       0.231469      -0.0540567478628107      -0.1548977096671639        614
  115.469343       0.242188      -0.0000000000000000       0.0000000000000000          0
  118.594356       0.252187      -0.0000000000000000       0.0000000000000000          0
  121.719374       0.261436      -1.6735955720824853      -0.5816009543122210        667
  124.844396       0.269907      -0.0000000000000000       0.0000000000000000          0
  127.969423       0.277576      -6.3948806577074455       4.6583518319035013        679
  131.094453       0.284419      -6.5658118159889796       4.6597087536603823        680
  134.219486       0.290416      -0.0000000000000000       0.0000000000000000          0
  137.344523       0.295550      -0.0000000000000000       0.0000000000000000          0
  140.469562       0.299804      -0.0000000000000000       0.0000000000000000          0
  143.594604       0.303167      -0.0000000000000000       0.0000000000000000          0
>