>anchorPlateId 301
>reconstructionTime 103
>DeformingMeshPoints.gpml lat_lon_velocity_domain_28_32.gpml
>MeshNode <identity>GPlates-b7a3af0e-8119-4abb-9ae6-39bb7e5702ce</identity> <revision>GPlates-7b04c5e6-7801-49f1-bcc4-23d6f4e5417f</revision>
> reconstructionPlateId 0
> validTime TimePeriod <begin> TimeInstant <timePosition>http://gplates.org/times/distantPast</timePosition></begin> <end> TimeInstant <timePosition>http://gplates.org/times/distantFuture</timePosition></end>
  46.050549      73.147809      -0.0000000000000000       0.0000000000000000        302
  49.198859      73.123610      -0.0000000000000000       0.0000000000000000        302
  52.342723      73.099059      -0.0000000000000000       0.0000000000000000        373
  55.482105      73.074228      -0.0000000000000000       0.0000000000000000        373
  58.616980      73.049194      -0.0000000000000000       0.0000000000000000        372
  61.747340      73.024031      -0.0000000000000000       0.0000000000000000        372
  64.873189      72.998815      -0.0000000000000000       0.0000000000000000        372
  67.994544      72.973620      -0.0000000000000000       0.0000000000000000        372
  71.111438      72.948522      -0.0000000000000000       0.0000000000000000        372
  74.223912      72.923594      -0.0000000000000000       0.0000000000000000        401
  77.332025      72.898909      -0.0000000000000000       0.0000000000000000        401
  80.435843      72.874541      -0.0000000000000000       0.0000000000000000        401
  83.535448      72.850559      -0.0000000000000000       0.0000000000000000        401
  86.630931      72.827034      -0.0000000000000000       0.0000000000000000        401
  89.722394      72.804033      -0.0000000000000000       0.0000000000000000        401
  92.809949      72.781623      -0.0000000000000000       0.0000000000000000        401
  95.893720      72.759868      -0.0000000000000000       0.0000000000000000        401
  98.973837      72.738831      -0.0000000000000000       0.0000000000000000        401
  102.050442      72.718570      -0.0000000000000000       0.0000000000000000        401
  105.123684      72.699144      -0.0000000000000000       0.0000000000000000        401
  108.193721      72.680607      -0.0000000000000000       0.0000000000000000        401
  111.260716      72.663013      -0.0000000000000000       0.0000000000000000        401
  114.324843      72.646409      -0.0000000000000000       0.0000000000000000        401
  117.386279      72.630844      -0.0000000000000000       0.0000000000000000        401
  120.445208      72.616360      -0.0000000000000000       0.0000000000000000        401
  123.501820      72.602998      -0.0000000000000000       0.0000000000000000          0
  126.556310      72.590795      -0.0000000000000000       0.0000000000000000          0
  129.608878      72.579784      -0.0000000000000000       0.0000000000000000          0
  132.659726      72.569997      -0.0000000000000000       0.0000000000000000          0
  135.709063      72.561461      -0.0000000000000000       0.0000000000000000          0
  138.757097      72.554199      -0.0000000000000000       0.0000000000000000          0
  141.804044      72.548231       0.1609343725400769       0.2674394073873157      42201
  144.850116      72.543573       0.2157958901824641       0.2576722717154282      42201
  45.845058      70.541449      -0.0000000000000000       0.0000000000000000        302
  48.990278      70.517276      -0.0000000000000000       0.0000000000000000        302
  52.131695      70.492745      -0.0000000000000000       0.0000000000000000        302
  55.269276      70.467931      -0.0000000000000000       0.0000000000000000        373
  58.402996      70.442908      -0.0000000000000000       0.0000000000000000        302
  61.532845      70.417752      -0.0000000000000000       0.0000000000000000        372
  64.658825      70.392537      -0.0000000000000000       0.0000000000000000        372
  67.780946      70.367338      -0.0000000000000000       0.0000000000000000        372
  70.899233      70.342231      -0.0000000000000000       0.0000000000000000        372
  74.013720      70.317289      -0.0000000000000000       0.0000000000000000        401
  77.124453      70.292586      -0.0000000000000000       0.0000000000000000        401
  80.231489      70.268194      -0.0000000000000000       0.0000000000000000        401
  83.334893      70.244185      -0.0000000000000000       0.0000000000000000        401
  86.434742      70.220629      -0.0000000000000000       0.0000000000000000        401
  89.531122      70.197593      -0.0000000000000000       0.0000000000000000        401
  92.624127      70.175146      -0.0000000000000000       0.0000000000000000        401
  95.713861      70.153350      -0.0000000000000000       0.0000000000000000        401
  98.800436      70.132270      -0.0000000000000000       0.0000000000000000        401
  101.883971      70.111964      -0.0000000000000000       0.0000000000000000        401
  104.964595      70.092493      -0.0000000000000000       0.0000000000000000        401
  108.042443      70.073910      -0.0000000000000000       0.0000000000000000        401
  111.117654      70.056269      -0.0000000000000000       0.0000000000000000        401
  114.190377      70.039620      -0.0000000000000000       0.0000000000000000        401
  117.260766      70.024009      -0.0000000000000000       0.0000000000000000        401
  120.328979      70.009482      -0.0000000000000000       0.0000000000000000        401
  123.395180      69.996078      -0.0000000000000000       0.0000000000000000        401
  126.459537      69.983836      -0.0000000000000000       0.0000000000000000        401
  129.522224      69.972789      -0.0000000000000000       0.0000000000000000      43101
  132.583416      69.962969      -0.0000000000000000       0.0000000000000000      43101
  135.643294      69.954403      -0.0000000000000000       0.0000000000000000      43202
  138.702040      69.947116      -0.0000000000000000       0.0000000000000000      43202
  141.759838      69.941126      -0.0000000000000000       0.0000000000000000      43202
  144.816877      69.936452      -0.0000000000000000       0.0000000000000000      43202
  45.686477      67.934910      -0.0000000000000000       0.0000000000000000        302
  48.829255      67.910757      -0.0000000000000000       0.0000000000000000        302
  51.968725      67.886243      -0.0000000000000000       0.0000000000000000        302
  55.104855      67.861442      -0.0000000000000000       0.0000000000000000        302
  58.237624      67.836428      -0.0000000000000000       0.0000000000000000        302
  61.367018      67.811277      -0.0000000000000000       0.0000000000000000        302
  64.493038      67.786063      -0.0000000000000000       0.0000000000000000        302
  67.615692      67.760862      -0.0000000000000000       0.0000000000000000        390
  70.734998      67.735748      -0.0000000000000000       0.0000000000000000        401
  73.850986      67.710795      -0.0000000000000000       0.0000000000000000        401
  76.963692      67.686078      -0.0000000000000000       0.0000000000000000        401
  80.073165      67.661669      -0.0000000000000000       0.0000000000000000        401
  83.179460      67.637639      -0.0000000000000000       0.0000000000000000        401
  86.282643      67.614058      -0.0000000000000000       0.0000000000000000        401
  89.382787      67.590996      -0.0000000000000000       0.0000000000000000        401
  92.479973      67.568519      -0.0000000000000000       0.0000000000000000        401
  95.574291      67.546692      -0.0000000000000000       0.0000000000000000        401
  98.665838      67.525578      -0.0000000000000000       0.0000000000000000        401
  101.754717      67.505239      -0.0000000000000000       0.0000000000000000        401
  104.841040      67.485732      -0.0000000000000000       0.0000000000000000        401
  107.924923      67.467113      -0.0000000000000000       0.0000000000000000        401
  111.006490      67.449436      -0.0000000000000000       0.0000000000000000        401
  114.085869      67.432751      -0.0000000000000000       0.0000000000000000        401
  117.163196      67.417106      -0.0000000000000000       0.0000000000000000        401
  120.238607      67.402545      -0.0000000000000000       0.0000000000000000        401
  123.312249      67.389109      -0.0000000000000000       0.0000000000000000        401
  126.384267      67.376836      -0.0000000000000000       0.0000000000000000      43102
  129.454815      67.365761      -0.0000000000000000       0.0000000000000000      43101
  132.524046      67.355916      -0.0000000000000000       0.0000000000000000      43101
  135.592119      67.347327      -0.0000000000000000       0.0000000000000000      43202
  138.659195      67.340019      -0.0000000000000000       0.0000000000000000      43200
  141.725435      67.334014      -0.0000000000000000       0.0000000000000000      43200
  144.791007      67.329326      -0.0000000000000000       0.0000000000000000      43205
  45.559921      65.328249      -0.0000000000000000       0.0000000000000000        302
  48.700714      65.304112      -0.0000000000000000       0.0000000000000000        302
  51.838593      65.279612      -0.0000000000000000       0.0000000000000000        302
  54.973528      65.254821      -0.0000000000000000       0.0000000000000000        302
  58.105498      65.229815      -0.0000000000000000       0.0000000000000000        302
  61.234492      65.204668      -0.0000000000000000       0.0000000000000000        302
  64.360507      65.179455      -0.0000000000000000       0.0000000000000000        390
  67.483549      65.154252      -0.0000000000000000       0.0000000000000000        468
  70.603634      65.129133      -0.0000000000000000       0.0000000000000000        401
  73.720785      65.104172      -0.0000000000000000       0.0000000000000000        401
  76.835034      65.079443      -0.0000000000000000       0.0000000000000000        401
  79.946423      65.055020      -0.0000000000000000       0.0000000000000000        401
  83.055000      65.030973      -0.0000000000000000       0.0000000000000000        401
  86.160820      65.007373      -0.0000000000000000       0.0000000000000000        401
  89.263949      64.984290      -0.0000000000000000       0.0000000000000000        401
  92.364456      64.961789      -0.0000000000000000       0.0000000000000000        401
  95.462421      64.939937      -0.0000000000000000       0.0000000000000000        401
  98.557928      64.918797      -0.0000000000000000       0.0000000000000000        401
  101.651068      64.898430      -0.0000000000000000       0.0000000000000000        401
  104.741940      64.878895      -0.0000000000000000       0.0000000000000000        401
  107.830646      64.860248      -0.0000000000000000       0.0000000000000000        401
  110.917294      64.842542      -0.0000000000000000       0.0000000000000000        401
  114.001999      64.825829      -0.0000000000000000       0.0000000000000000        401
  117.084880      64.810156      -0.0000000000000000       0.0000000000000000        401
  120.166059      64.795567      -0.0000000000000000       0.0000000000000000        401
  123.245664      64.782105      -0.0000000000000000       0.0000000000000000        401
  126.323826      64.769808      -0.0000000000000000       0.0000000000000000      43102
  129.400679      64.758711      -0.0000000000000000       0.0000000000000000      43102
  132.476361      64.748844      -0.0000000000000000       0.0000000000000000      43101
  135.551012      64.740237      -0.0000000000000000       0.0000000000000000      43101
  138.624776      64.732914      -0.0000000000000000       0.0000000000000000      43101
  141.697797      64.726895      -0.0000000000000000       0.0000000000000000      43101
  144.770222      64.722197      -0.0000000000000000       0.0000000000000000      43202
  45.456188      62.721501      -0.0000000000000000       0.0000000000000000        302
  48.595332      62.697378      -0.0000000000000000       0.0000000000000000        302
  51.731882      62.672888      -0.0000000000000000       0.0000000000000000        302
  54.865813      62.648106      -0.0000000000000000       0.0000000000000000        302
  57.997103      62.623106      -0.0000000000000000       0.0000000000000000        302
  61.125743      62.597963      -0.0000000000000000       0.0000000000000000        390
  64.251729      62.572751      -0.0000000000000000       0.0000000000000000        390
  67.375065      62.547546      -0.0000000000000000       0.0000000000000000        468
  70.495764      62.522423      -0.0000000000000000       0.0000000000000000        468
  73.613846      62.497456      -0.0000000000000000       0.0000000000000000        401
  76.729340      62.472718      -0.0000000000000000       0.0000000000000000        401
  79.842280      62.448283      -0.0000000000000000       0.0000000000000000        401
  82.952709      62.424223      -0.0000000000000000       0.0000000000000000        401
  86.060676      62.400607      -0.0000000000000000       0.0000000000000000        401
  89.166238      62.377506      -0.0000000000000000       0.0000000000000000        401
  92.269457      62.354986      -0.0000000000000000       0.0000000000000000        401
  95.370403      62.333114      -0.0000000000000000       0.0000000000000000        401
  98.469151      62.311952      -0.0000000000000000       0.0000000000000000        401
  101.565782      62.291563      -0.0000000000000000       0.0000000000000000        401
  104.660383      62.272004      -0.0000000000000000       0.0000000000000000        401
  107.753044      62.253334      -0.0000000000000000       0.0000000000000000        401
  110.843864      62.235604      -0.0000000000000000       0.0000000000000000        401
  113.932944      62.218867      -0.0000000000000000       0.0000000000000000        401
  117.020389      62.203171      -0.0000000000000000       0.0000000000000000        401
  120.106309      62.188560      -0.0000000000000000       0.0000000000000000        401
  123.190819      62.175077      -0.0000000000000000       0.0000000000000000        401
  126.274036      62.162760      -0.0000000000000000       0.0000000000000000        401
  129.356079      62.151644      -0.0000000000000000       0.0000000000000000        401
  132.437072      62.141760      -0.0000000000000000       0.0000000000000000        401
  135.517141      62.133138      -0.0000000000000000       0.0000000000000000        401
  138.596415      62.125802      -0.0000000000000000       0.0000000000000000      43101
  141.675021      62.119772      -0.0000000000000000       0.0000000000000000      43101
  144.753094      62.115065      -0.0000000000000000       0.0000000000000000      43400
  45.369287      60.114689      -0.0000000000000000       0.0000000000000000        302
  48.507032      60.090577      -0.0000000000000000       0.0000000000000000        302
  51.642453      60.066097      -0.0000000000000000       0.0000000000000000        302
  54.775524      60.041322      -0.0000000000000000       0.0000000000000000        302
  57.906228      60.016328      -0.0000000000000000       0.0000000000000000        302
  61.034554      59.991187      -0.0000000000000000       0.0000000000000000        390
  64.160497      59.965976      -0.0000000000000000       0.0000000000000000        390
  67.284063      59.940770      -0.0000000000000000       0.0000000000000000        468
  70.405260      59.915643      -0.0000000000000000       0.0000000000000000        401
  73.524107      59.890671      -0.0000000000000000       0.0000000000000000        401
  76.640628      59.865925      -0.0000000000000000       0.0000000000000000        401
  79.754854      59.841481      -0.0000000000000000       0.0000000000000000        401
  82.866823      59.817409      -0.0000000000000000       0.0000000000000000        401
  85.976578      59.793781      -0.0000000000000000       0.0000000000000000        401
  89.084169      59.770665      -0.0000000000000000       0.0000000000000000        401
  92.189653      59.748129      -0.0000000000000000       0.0000000000000000        401
  95.293091      59.726240      -0.0000000000000000       0.0000000000000000        401
  98.394550      59.705060      -0.0000000000000000       0.0000000000000000        401
  101.494103      59.684651      -0.0000000000000000       0.0000000000000000        401
  104.591828      59.665073      -0.0000000000000000       0.0000000000000000        401
  107.687806      59.646383      -0.0000000000000000       0.0000000000000000        401
  110.782125      59.628634      -0.0000000000000000       0.0000000000000000        401
  113.874875      59.611877      -0.0000000000000000       0.0000000000000000        401
  116.966152      59.596162      -0.0000000000000000       0.0000000000000000        401
  120.056055      59.581532      -0.0000000000000000       0.0000000000000000        401
  123.144686      59.568031      -0.0000000000000000       0.0000000000000000        401
  126.232150      59.555697      -0.0000000000000000       0.0000000000000000        401
  129.318557      59.544565      -0.0000000000000000       0.0000000000000000        401
  132.404016      59.534667      -0.0000000000000000       0.0000000000000000        401
  135.488642      59.526032      -0.0000000000000000       0.0000000000000000        401
  138.572549      59.518685      -0.0000000000000000       0.0000000000000000      43101
  141.655856      59.512646      -0.0000000000000000       0.0000000000000000      43400
  144.738679      59.507932      -0.0000000000000000       0.0000000000000000      43400
  45.295144      57.507828      -0.0000000000000000       0.0000000000000000        302
  48.431684      57.483726      -0.0000000000000000       0.0000000000000000        302
  51.566129      57.459254      -0.0000000000000000       0.0000000000000000        302
  54.698455      57.434486      -0.0000000000000000       0.0000000000000000        302
  57.828646      57.409496      -0.0000000000000000       0.0000000000000000        302
  60.956691      57.384358      -0.0000000000000000       0.0000000000000000        390
  64.082586      57.359148      -0.0000000000000000       0.0000000000000000        390
  67.206334      57.333941      -0.0000000000000000       0.0000000000000000        468
  70.327945      57.308811      -0.0000000000000000       0.0000000000000000        468
  73.447433      57.283834      -0.0000000000000000       0.0000000000000000        401
  76.564820      57.259082      -0.0000000000000000       0.0000000000000000        401
  79.680134      57.234629      -0.0000000000000000       0.0000000000000000        401
  82.793407      57.210548      -0.0000000000000000       0.0000000000000000        401
  85.904680      57.186908      -0.0000000000000000       0.0000000000000000        401
  89.013996      57.163780      -0.0000000000000000       0.0000000000000000        401
  92.121407      57.141231      -0.0000000000000000       0.0000000000000000        401
  95.226966      57.119326      -0.0000000000000000       0.0000000000000000        401
  98.330736      57.098131      -0.0000000000000000       0.0000000000000000        401
  101.432781      57.077706      -0.0000000000000000       0.0000000000000000        401
  104.533171      57.058112      -0.0000000000000000       0.0000000000000000        401
  107.631980      57.039404      -0.0000000000000000       0.0000000000000000        401
  110.729287      57.021638      -0.0000000000000000       0.0000000000000000        401
  113.825174      57.004865      -0.0000000000000000       0.0000000000000000        401
  116.919726      56.989133      -0.0000000000000000       0.0000000000000000        401
  120.013034      56.974487      -0.0000000000000000       0.0000000000000000        401
  123.105189      56.960971      -0.0000000000000000       0.0000000000000000        401
  126.196288      56.948622      -0.0000000000000000       0.0000000000000000        401
  129.286428      56.937477      -0.0000000000000000       0.0000000000000000        401
  132.375710      56.927567      -0.0000000000000000       0.0000000000000000        401
  135.464236      56.918921      -0.0000000000000000       0.0000000000000000        401
  138.552111      56.911564      -0.0000000000000000       0.0000000000000000      43400
  141.639442      56.905517      -0.0000000000000000       0.0000000000000000          0
  144.726334      56.900797      -0.0000000000000000       0.0000000000000000          0
  45.230895      54.900930      -0.0000000000000000       0.0000000000000000        302
  48.366382      54.876836      -0.0000000000000000       0.0000000000000000        302
  51.499972      54.852371      -0.0000000000000000       0.0000000000000000        302
  54.631643      54.827608      -0.0000000000000000       0.0000000000000000        302
  57.761379      54.802622      -0.0000000000000000       0.0000000000000000        302
  60.889172      54.777487      -0.0000000000000000       0.0000000000000000        390
  64.015016      54.752278      -0.0000000000000000       0.0000000000000000        468
  67.138914      54.727070      -0.0000000000000000       0.0000000000000000        468
  70.260873      54.701938      -0.0000000000000000       0.0000000000000000        468
  73.380909      54.676956      -0.0000000000000000       0.0000000000000000        468
  76.499038      54.652199      -0.0000000000000000       0.0000000000000000        401
  79.615287      54.627739      -0.0000000000000000       0.0000000000000000        401
  82.729684      54.603649      -0.0000000000000000       0.0000000000000000        401
  85.842266      54.580000      -0.0000000000000000       0.0000000000000000        401
  88.953072      54.556861      -0.0000000000000000       0.0000000000000000        401
  92.062148      54.534300      -0.0000000000000000       0.0000000000000000        401
  95.169544      54.512383      -0.0000000000000000       0.0000000000000000        401
  98.275314      54.491174      -0.0000000000000000       0.0000000000000000        401
  101.379517      54.470735      -0.0000000000000000       0.0000000000000000        401
  104.482217      54.451127      -0.0000000000000000       0.0000000000000000        401
  107.583481      54.432404      -0.0000000000000000       0.0000000000000000        401
  110.683379      54.414623      -0.0000000000000000       0.0000000000000000        401
  113.781987      54.397835      -0.0000000000000000       0.0000000000000000        401
  116.879382      54.382089      -0.0000000000000000       0.0000000000000000        401
  119.975646      54.367429      -0.0000000000000000       0.0000000000000000        401
  123.070862      54.353900      -0.0000000000000000       0.0000000000000000        401
  126.165117      54.341538      -0.0000000000000000       0.0000000000000000        401
  129.258500      54.330381      -0.0000000000000000       0.0000000000000000        401
  132.351103      54.320461      -0.0000000000000000       0.0000000000000000        401
  135.443019      54.311806      -0.0000000000000000       0.0000000000000000        401
  138.534343      54.304441      -0.0000000000000000       0.0000000000000000        401
  141.625171      54.298387      -0.0000000000000000       0.0000000000000000          0
  144.715602      54.293661      -0.0000000000000000       0.0000000000000000          0
  45.174464      52.294002      -0.0000000000000000       0.0000000000000000        302
  48.309020      52.269916      -0.0000000000000000       0.0000000000000000        302
  51.441852      52.245457      -0.0000000000000000       0.0000000000000000        302
  54.572940      52.220699      -0.0000000000000000       0.0000000000000000        302
  57.702271      52.195716      -0.0000000000000000       0.0000000000000000        302
  60.829833      52.170583      -0.0000000000000000       0.0000000000000000        390
  63.955625      52.145375      -0.0000000000000000       0.0000000000000000        465
  67.079648      52.120166      -0.0000000000000000       0.0000000000000000        458
  70.201907      52.095032      -0.0000000000000000       0.0000000000000000        459
  73.322416      52.070046      -0.0000000000000000       0.0000000000000000        460
  76.441192      52.045284      -0.0000000000000000       0.0000000000000000        468
  79.558256      52.020819      -0.0000000000000000       0.0000000000000000        401
  82.673636      51.996721      -0.0000000000000000       0.0000000000000000        401
  85.787363      51.973064      -0.0000000000000000       0.0000000000000000        401
  88.899474      51.949915      -0.0000000000000000       0.0000000000000000        401
  92.010009      51.927344      -0.0000000000000000       0.0000000000000000        401
  95.119015      51.905415      -0.0000000000000000       0.0000000000000000        401
  98.226540      51.884195      -0.0000000000000000       0.0000000000000000        401
  101.332638      51.863744      -0.0000000000000000       0.0000000000000000        401
  104.437367      51.844122      -0.0000000000000000       0.0000000000000000        401
  107.540787      51.825387      -0.0000000000000000       0.0000000000000000        401
  110.642964      51.807593      -0.0000000000000000       0.0000000000000000        401
  113.743964      51.790792      -0.0000000000000000       0.0000000000000000        401
  116.843860      51.775033      -0.0000000000000000       0.0000000000000000        430
  119.942724      51.760362      -0.0000000000000000       0.0000000000000000        430
  123.040633      51.746820      -0.0000000000000000       0.0000000000000000        430
  126.137666      51.734448      -0.0000000000000000       0.0000000000000000        430
  129.233905      51.723281      -0.0000000000000000       0.0000000000000000        430
  132.329432      51.713351      -0.0000000000000000       0.0000000000000000        455
  135.424332      51.704687      -0.0000000000000000       0.0000000000000000        455
  138.518693      51.697315      -0.0000000000000000       0.0000000000000000        622
  141.612602      51.691255      -0.0000000000000000       0.0000000000000000        621
  144.706147      51.686525      -0.0000000000000000       0.0000000000000000          0
  45.124311      49.687050      -0.0000000000000000       0.0000000000000000        302
  48.258034      49.662970      -0.0000000000000000       0.0000000000000000        302
  51.390187      49.638517      -0.0000000000000000       0.0000000000000000        302
  54.520752      49.613763      -0.0000000000000000       0.0000000000000000        302
  57.649715      49.588784      -0.0000000000000000       0.0000000000000000        302
  60.777068      49.563653      -0.0000000000000000       0.0000000000000000        390
  63.902808      49.538445      -0.0000000000000000       0.0000000000000000        465
  67.026935      49.513236      -0.0000000000000000       0.0000000000000000        458
  70.149456      49.488099      -0.0000000000000000       0.0000000000000000        460
  73.270382      49.463111      -0.0000000000000000       0.0000000000000000        461
  76.389726      49.438345      -0.0000000000000000       0.0000000000000000        463
  79.507511      49.413874      -0.0000000000000000       0.0000000000000000        462
  82.623759      49.389770      -0.0000000000000000       0.0000000000000000        401
  85.738501      49.366105      -0.0000000000000000       0.0000000000000000        401
  88.851768      49.342948      -0.0000000000000000       0.0000000000000000        401
  91.963598      49.320367      -0.0000000000000000       0.0000000000000000        401
  95.074033      49.298429      -0.0000000000000000       0.0000000000000000        430
  98.183117      49.277198      -0.0000000000000000       0.0000000000000000        430
  101.290899      49.256736      -0.0000000000000000       0.0000000000000000        430
  104.397431      49.237103      -0.0000000000000000       0.0000000000000000        430
  107.502769      49.218356      -0.0000000000000000       0.0000000000000000        430
  110.606971      49.200551      -0.0000000000000000       0.0000000000000000        430
  113.710100      49.183739      -0.0000000000000000       0.0000000000000000        430
  116.812220      49.167968      -0.0000000000000000       0.0000000000000000        430
  119.913398      49.153286      -0.0000000000000000       0.0000000000000000        430
  123.013705      49.139733      -0.0000000000000000       0.0000000000000000        430
  126.113212      49.127351      -0.0000000000000000       0.0000000000000000        430
  129.211992      49.116175      -0.0000000000000000       0.0000000000000000        455
  132.310124      49.106237      -0.0000000000000000       0.0000000000000000        454
  135.407683      49.097566      -0.0000000000000000       0.0000000000000000        454
  138.504749      49.090187      -0.0000000000000000       0.0000000000000000        619
  141.601402      49.084122      -0.0000000000000000       0.0000000000000000          0
  144.697724      49.079387      -0.0000000000000000       0.0000000000000000          0
  45.079267      47.080079      -0.0000000000000000       0.0000000000000000        302
  48.212237      47.056005      -0.0000000000000000       0.0000000000000000        302
  51.343776      47.031556      -0.0000000000000000       0.0000000000000000        302
  54.473866      47.006807      -0.0000000000000000       0.0000000000000000        302
  57.602495      46.981830      -0.0000000000000000       0.0000000000000000        302
  60.729656      46.956701      -0.0000000000000000       0.0000000000000000        390
  63.855344      46.931494      -0.0000000000000000       0.0000000000000000        466
  66.979561      46.906284      -0.0000000000000000       0.0000000000000000        458
  70.102313      46.881146      -0.0000000000000000       0.0000000000000000        459
  73.223607      46.856155      -0.0000000000000000       0.0000000000000000        461
  76.343460      46.831385      -0.0000000000000000       0.0000000000000000        463
  79.461888      46.806909      -0.0000000000000000       0.0000000000000000        464
  82.578913      46.782799      -0.0000000000000000       0.0000000000000000        464
  85.694563      46.759127      -0.0000000000000000       0.0000000000000000        450
  88.808866      46.735962      -0.0000000000000000       0.0000000000000000        401
  91.921858      46.713373      -0.0000000000000000       0.0000000000000000        401
  95.033574      46.691426      -0.0000000000000000       0.0000000000000000        401
  98.144057      46.670186      -0.0000000000000000       0.0000000000000000        430
  101.253350      46.649714      -0.0000000000000000       0.0000000000000000        430
  104.361502      46.630071      -0.0000000000000000       0.0000000000000000        430
  107.468562      46.611314      -0.0000000000000000       0.0000000000000000        430
  110.574585      46.593498      -0.0000000000000000       0.0000000000000000        430
  113.679627      46.576676      -0.0000000000000000       0.0000000000000000        455
  116.783748      46.560895      -0.0000000000000000       0.0000000000000000        455
  119.887007      46.546203      -0.0000000000000000       0.0000000000000000        455
  122.989470      46.532641      -0.0000000000000000       0.0000000000000000        455
  126.091202      46.520250      -0.0000000000000000       0.0000000000000000        453
  129.192270      46.509066      -0.0000000000000000       0.0000000000000000        453
  132.292745      46.499120      -0.0000000000000000       0.0000000000000000        454
  135.392696      46.490442      -0.0000000000000000       0.0000000000000000        454
  138.492197      46.483058      -0.0000000000000000       0.0000000000000000        619
  141.591320      46.476988      -0.0000000000000000       0.0000000000000000          0
  144.690141      46.472250      -0.0000000000000000       0.0000000000000000          0
  45.038427      44.473091      -0.0000000000000000       0.0000000000000000        301
  48.170712      44.449023      -0.0000000000000000       0.0000000000000000        301
  51.301690      44.424579      -0.0000000000000000       0.0000000000000000        301
  54.431347      44.399833      -0.0000000000000000       0.0000000000000000        301
  57.559669      44.374859      -0.0000000000000000       0.0000000000000000        301
  60.686651      44.349731      -0.0000000000000000       0.0000000000000000        390
  63.812290      44.324524      -0.0000000000000000       0.0000000000000000        466
  66.936585      44.299314      -0.0000000000000000       0.0000000000000000        466
  70.059541      44.274175      -0.0000000000000000       0.0000000000000000        459
  73.181167      44.249181      -0.0000000000000000       0.0000000000000000        459
  76.301477      44.224408      -0.0000000000000000       0.0000000000000000        460
  79.420485      44.199927      -0.0000000000000000       0.0000000000000000        461
  82.538213      44.175812      -0.0000000000000000       0.0000000000000000        461
  85.654683      44.152134      -0.0000000000000000       0.0000000000000000        450
  88.769924      44.128963      -0.0000000000000000       0.0000000000000000        450
  91.883966      44.106366      -0.0000000000000000       0.0000000000000000        451
  94.996843      44.084411      -0.0000000000000000       0.0000000000000000        451
  98.108594      44.063162      -0.0000000000000000       0.0000000000000000        451
  101.219257      44.042681      -0.0000000000000000       0.0000000000000000        430
  104.328877      44.023029      -0.0000000000000000       0.0000000000000000        430
  107.437500      44.004263      -0.0000000000000000       0.0000000000000000        430
  110.545174      43.986438      -0.0000000000000000       0.0000000000000000        455
  113.651952      43.969606      -0.0000000000000000       0.0000000000000000        453
  116.757888      43.953816      -0.0000000000000000       0.0000000000000000        453
  119.863036      43.939115      -0.0000000000000000       0.0000000000000000        453
  122.967457      43.925545      -0.0000000000000000       0.0000000000000000        453
  126.071209      43.913145      -0.0000000000000000       0.0000000000000000        453
  129.174355      43.901953      -0.0000000000000000       0.0000000000000000        453
  132.276957      43.892001      -0.0000000000000000       0.0000000000000000        454
  135.379082      43.883317      -0.0000000000000000       0.0000000000000000        619
  138.480794      43.875927      -0.0000000000000000       0.0000000000000000          0
  141.582161      43.869853      -0.0000000000000000       0.0000000000000000        625
  144.683252      43.865111      -0.0000000000000000       0.0000000000000000          0
  45.001083      41.866091      -0.0000000000000000       0.0000000000000000        551
  48.132738      41.842027      -0.0000000000000000       0.0000000000000000        301
  51.263201      41.817587      -0.0000000000000000       0.0000000000000000        301
  54.392457      41.792845      -0.0000000000000000       0.0000000000000000        301
  57.520496      41.767873      -0.0000000000000000       0.0000000000000000        301
  60.647312      41.742747      -0.0000000000000000       0.0000000000000000        301
  63.772901      41.717541      -0.0000000000000000       0.0000000000000000        467
  66.897264      41.692330      -0.0000000000000000       0.0000000000000000        466
  70.020405      41.667189      -0.0000000000000000       0.0000000000000000        466
  73.142332      41.642193      -0.0000000000000000       0.0000000000000000        466
  76.263057      41.617416      -0.0000000000000000       0.0000000000000000        466
  79.382593      41.592932      -0.0000000000000000       0.0000000000000000        467
  82.500960      41.568812      -0.0000000000000000       0.0000000000000000        580
  85.618180      41.545128      -0.0000000000000000       0.0000000000000000        580
  88.734276      41.521951      -0.0000000000000000       0.0000000000000000        580
  91.849278      41.499347      -0.0000000000000000       0.0000000000000000        451
  94.963216      41.477385      -0.0000000000000000       0.0000000000000000        451
  98.076124      41.456128      -0.0000000000000000       0.0000000000000000        451
  101.188040      41.435639      -0.0000000000000000       0.0000000000000000        451
  104.299002      41.415978      -0.0000000000000000       0.0000000000000000        451
  107.409054      41.397204      -0.0000000000000000       0.0000000000000000        601
  110.518240      41.379370      -0.0000000000000000       0.0000000000000000        601
  113.626606      41.362529      -0.0000000000000000       0.0000000000000000        601
  116.734203      41.346731      -0.0000000000000000       0.0000000000000000        601
  119.841081      41.332022      -0.0000000000000000       0.0000000000000000        601
  122.947293      41.318444      -0.0000000000000000       0.0000000000000000        601
  126.052895      41.306037      -0.0000000000000000       0.0000000000000000        601
  129.157943      41.294839      -0.0000000000000000       0.0000000000000000        601
  132.262495      41.284880      -0.0000000000000000       0.0000000000000000          0
  135.366609      41.276191      -0.0000000000000000       0.0000000000000000          0
  138.470348      41.268796      -0.0000000000000000       0.0000000000000000          0
  141.573770      41.262717      -0.0000000000000000       0.0000000000000000        625
  144.676940      41.257973      -0.0000000000000000       0.0000000000000000          0
  44.966667      39.259079      -0.0000000000000000       0.0000000000000000        526
  48.097739      39.235020      -0.0000000000000000       0.0000000000000000        301
  51.227724      39.210584      -0.0000000000000000       0.0000000000000000        301
  54.356609      39.185844      -0.0000000000000000       0.0000000000000000        301
  57.484385      39.160875      -0.0000000000000000       0.0000000000000000        301
  60.611045      39.135750      -0.0000000000000000       0.0000000000000000        301
  63.736586      39.110544      -0.0000000000000000       0.0000000000000000        301
  66.861009      39.085333      -0.0000000000000000       0.0000000000000000        467
  69.984318      39.060191      -0.0000000000000000       0.0000000000000000        467
  73.106519      39.035193      -0.0000000000000000       0.0000000000000000        590
  76.227624      39.010413      -0.0000000000000000       0.0000000000000000        580
  79.347645      38.985925      -0.0000000000000000       0.0000000000000000        580
  82.466600      38.961801      -0.0000000000000000       0.0000000000000000        580
  85.584508      38.938112      -0.0000000000000000       0.0000000000000000        580
  88.701391      38.914929      -0.0000000000000000       0.0000000000000000        580
  91.817276      38.892319      -0.0000000000000000       0.0000000000000000        456
  94.932190      38.870350      -0.0000000000000000       0.0000000000000000        456
  98.046166      38.849086      -0.0000000000000000       0.0000000000000000        456
  101.159235      38.828589      -0.0000000000000000       0.0000000000000000        451
  104.271435      38.808921      -0.0000000000000000       0.0000000000000000        451
  107.382804      38.790138      -0.0000000000000000       0.0000000000000000        601
  110.493383      38.772296      -0.0000000000000000       0.0000000000000000        601
  113.603214      38.755448      -0.0000000000000000       0.0000000000000000        601
  116.712343      38.739642      -0.0000000000000000       0.0000000000000000        601
  119.820816      38.724925      -0.0000000000000000       0.0000000000000000        601
  122.928682      38.711340      -0.0000000000000000       0.0000000000000000        601
  126.035991      38.698927      -0.0000000000000000       0.0000000000000000        601
  129.142794      38.687722      -0.0000000000000000       0.0000000000000000          0
  132.249144      38.677757      -0.0000000000000000       0.0000000000000000          0
  135.355096      38.669063      -0.0000000000000000       0.0000000000000000          0
  138.460704      38.661663      -0.0000000000000000       0.0000000000000000          0
  141.566024      38.655581      -0.0000000000000000       0.0000000000000000        625
  144.671113      38.650833      -0.0000000000000000       0.0000000000000000          0
  44.934721      36.652058      -0.0000000000000000       0.0000000000000000        505
  48.065249      36.628003      -0.0000000000000000       0.0000000000000000        505
  51.194789      36.603571      -0.0000000000000000       0.0000000000000000        505
  54.323327      36.578834      -0.0000000000000000       0.0000000000000000        505
  57.450856      36.553866      -0.0000000000000000       0.0000000000000000        505
  60.577369      36.528743      -0.0000000000000000       0.0000000000000000        301
  63.702863      36.503537      -0.0000000000000000       0.0000000000000000        301
  66.827340      36.478326      -0.0000000000000000       0.0000000000000000        301
  69.950802      36.453183      -0.0000000000000000       0.0000000000000000        301
  73.073256      36.428183      -0.0000000000000000       0.0000000000000000          0
  76.194712      36.403401      -0.0000000000000000       0.0000000000000000        591
  79.315182      36.378909      -0.0000000000000000       0.0000000000000000        457
  82.434680      36.354781      -0.0000000000000000       0.0000000000000000        580
  85.553226      36.331087      -0.0000000000000000       0.0000000000000000        457
  88.670838      36.307898      -0.0000000000000000       0.0000000000000000        457
  91.787542      36.285283      -0.0000000000000000       0.0000000000000000        457
  94.903362      36.263307      -0.0000000000000000       0.0000000000000000        456
  98.018327      36.242036      -0.0000000000000000       0.0000000000000000        456
  101.132467      36.221533      -0.0000000000000000       0.0000000000000000        456
  104.245816      36.201857      -0.0000000000000000       0.0000000000000000        456
  107.358407      36.183067      -0.0000000000000000       0.0000000000000000        601
  110.470280      36.165218      -0.0000000000000000       0.0000000000000000        601
  113.581472      36.148362      -0.0000000000000000       0.0000000000000000        601
  116.692024      36.132549      -0.0000000000000000       0.0000000000000000        601
  119.801979      36.117825      -0.0000000000000000       0.0000000000000000        601
  122.911381      36.104233      -0.0000000000000000       0.0000000000000000        601
  126.020276      36.091814      -0.0000000000000000       0.0000000000000000        601
  129.128711      36.080603      -0.0000000000000000       0.0000000000000000        601
  132.236733      36.070633      -0.0000000000000000       0.0000000000000000          0
  135.344392      36.061934      -0.0000000000000000       0.0000000000000000          0
  138.451738      36.054530      -0.0000000000000000       0.0000000000000000        629
  141.558822      36.048445      -0.0000000000000000       0.0000000000000000        627
  144.665696      36.043694      -0.0000000000000000       0.0000000000000000          0
  44.904868      34.045028      -2.4135066574273649      -0.3198881624469476        503
  48.034887      34.020978      -0.0000000000000000       0.0000000000000000        505
  51.164009      33.996549      -0.0000000000000000       0.0000000000000000        505
  54.292221      33.971815      -0.0000000000000000       0.0000000000000000        505
  57.419517      33.946849      -0.0000000000000000       0.0000000000000000        505
  60.545890      33.921727      -0.0000000000000000       0.0000000000000000        506
  63.671339      33.896522      -0.0000000000000000       0.0000000000000000        506
  66.795864      33.871310      -0.0000000000000000       0.0000000000000000      50601
  69.919468      33.846166      -0.0000000000000000       0.0000000000000000        501
  73.042156      33.821164      -0.0000000000000000       0.0000000000000000        501
  76.163939      33.796379      -0.0000000000000000       0.0000000000000000        501
  79.284825      33.771884      -2.3448608817975432       0.9352585401370054        606
  82.404831      33.747752      -2.2684273097156198       1.0046392605453129        606
  85.523970      33.724054      -2.1852928576955986       1.0715095013059073        606
  88.642264      33.700860      -2.0957087766678919       1.1356807486930631        606
  91.759731      33.678239      -1.9999448425383501       1.1969732415218393        606
  94.876397      33.656258      -0.0000000000000000       0.0000000000000000          0
  97.992286      33.634981      -0.0000000000000000       0.0000000000000000        457
  101.107427      33.614471      -0.0000000000000000       0.0000000000000000        457
  104.221849      33.594788      -0.0000000000000000       0.0000000000000000        457
  107.335584      33.575991      -0.0000000000000000       0.0000000000000000        602
  110.448665      33.558135      -0.0000000000000000       0.0000000000000000        601
  113.561129      33.541273      -0.0000000000000000       0.0000000000000000        601
  116.673012      33.525453      -0.0000000000000000       0.0000000000000000        601
  119.784354      33.510722      -0.0000000000000000       0.0000000000000000        601
  122.895193      33.497124      -0.0000000000000000       0.0000000000000000        601
  126.005571      33.484699      -0.0000000000000000       0.0000000000000000        601
  129.115532      33.473482      -0.0000000000000000       0.0000000000000000          0
  132.225118      33.463508      -0.0000000000000000       0.0000000000000000          0
  135.334375      33.454804      -0.0000000000000000       0.0000000000000000          0
  138.443348      33.447397      -0.0000000000000000       0.0000000000000000          0
  141.552083      33.441308      -0.0000000000000000       0.0000000000000000          0
  144.660627      33.436555      -0.0000000000000000       0.0000000000000000          0
  44.876797      31.437993      -2.4109222133610166      -0.0404587427337560        503
  48.006336      31.413945      -2.6953485785894902       0.0348301002152596        503
  51.135063      31.389520      -0.0000000000000000       0.0000000000000000          0
  54.262967      31.364788      -0.0000000000000000       0.0000000000000000        505
  57.390041      31.339824      -0.0000000000000000       0.0000000000000000        505
  60.516282      31.314703      -0.0000000000000000       0.0000000000000000        505
  63.641686      31.289499      -0.0000000000000000       0.0000000000000000      50601
  66.766255      31.264286      -0.0000000000000000       0.0000000000000000      50601
  69.889990      31.239141      -0.0000000000000000       0.0000000000000000        501
  73.012898      31.214138      -0.0000000000000000       0.0000000000000000        501
  76.134985      31.189351      -0.0000000000000000       0.0000000000000000        501
  79.256263      31.164853      -0.0000000000000000       0.0000000000000000        501
  82.376744      31.140717      -2.2691457374908865       0.9533542498581979        606
  85.496441      31.117015      -2.1860552915765012       1.0155813624428933        606
  88.615373      31.093816      -2.0965082207948540       1.0752915387992599        606
  91.733559      31.071190      -2.0007738730663021       1.1323179652761088        606
  94.851019      31.049203      -1.8991393703060382       1.1865023894535609        606
  97.967777      31.027920      -0.0000000000000000       0.0000000000000000          0
  101.083858      31.007404      -0.0000000000000000       0.0000000000000000        602
  104.199289      30.987715      -0.0000000000000000       0.0000000000000000        602
  107.314099      30.968912      -0.0000000000000000       0.0000000000000000        602
  110.428318      30.951049      -0.0000000000000000       0.0000000000000000        602
  113.541979      30.934180      -0.0000000000000000       0.0000000000000000        602
  116.655114      30.918354      -0.0000000000000000       0.0000000000000000        601
  119.767760      30.903617      -0.0000000000000000       0.0000000000000000        602
  122.879951      30.890013      -0.0000000000000000       0.0000000000000000        602
  125.991727      30.877582      -0.0000000000000000       0.0000000000000000        602
  129.103124      30.866361      -0.0000000000000000       0.0000000000000000        602
  132.214183      30.856381      -0.0000000000000000       0.0000000000000000          0
  135.324943      30.847673      -0.0000000000000000       0.0000000000000000          0
  138.435448      30.840262      -0.0000000000000000       0.0000000000000000          0
  141.545737      30.834170      -0.0000000000000000       0.0000000000000000          0
  144.655853      30.829415      -0.0000000000000000       0.0000000000000000          0
  44.850247      28.830951      -2.4084772155545200       0.2391782069279381        503
  47.979330      28.806907      -2.6929273087685708       0.3089012985058588        503
  51.107681      28.782484      -2.9692839512368625       0.3859186961265989        503
  54.235292      28.757755      -0.0000000000000000       0.0000000000000000          0
  57.362157      28.732793      -0.0000000000000000       0.0000000000000000        505
  60.488270      28.707673      -0.0000000000000000       0.0000000000000000        505
  63.613631      28.682469      -0.0000000000000000       0.0000000000000000      50601
  66.738239      28.657257      -0.0000000000000000       0.0000000000000000      50601
  69.862097      28.632111      -0.0000000000000000       0.0000000000000000        501
  72.985210      28.607106      -0.0000000000000000       0.0000000000000000        501
  76.107585      28.582316      -0.0000000000000000       0.0000000000000000        501
  79.229232      28.557815      -0.0000000000000000       0.0000000000000000        501
  82.350160      28.533676      -0.0000000000000000       0.0000000000000000        501
  85.470385      28.509970      -0.0000000000000000       0.0000000000000000        501
  88.589920      28.486767      -0.0000000000000000       0.0000000000000000        501
  91.708784      28.464136      -0.0000000000000000       0.0000000000000000        501
  94.826995      28.442144      -0.0000000000000000       0.0000000000000000        501
  97.944574      28.420855      -1.7927269886458386       1.1626586477587235        606
  101.061545      28.400333      -0.0000000000000000       0.0000000000000000        602
  104.177930      28.380638      -0.0000000000000000       0.0000000000000000        602
  107.293757      28.361829      -0.0000000000000000       0.0000000000000000        602
  110.409053      28.343960      -0.0000000000000000       0.0000000000000000        602
  113.523846      28.327085      -0.0000000000000000       0.0000000000000000        602
  116.638167      28.311253      -0.0000000000000000       0.0000000000000000        602
  119.752047      28.296510      -0.0000000000000000       0.0000000000000000        602
  122.865518      28.282901      -0.0000000000000000       0.0000000000000000        602
  125.978616      28.270464      -0.0000000000000000       0.0000000000000000        602
  129.091373      28.259238      -0.0000000000000000       0.0000000000000000          0
  132.203826      28.249254      -0.0000000000000000       0.0000000000000000          0
  135.316011      28.240542      -0.0000000000000000       0.0000000000000000          0
  138.427965      28.233128      -0.0000000000000000       0.0000000000000000          0
  141.539726      28.227033      -0.0000000000000000       0.0000000000000000          0
  144.651332      28.222275      -0.0000000000000000       0.0000000000000000          0
  44.824995      26.223904      -2.4061513038393652       0.5184341656908492        503
  47.953643      26.199864      -2.6906237745167232       0.5824626864994769        503
  51.081636      26.175444      -2.9670185661643211       0.6531677014956409        503
  54.208967      26.150717      -3.2345167356789934       0.7303143676835020        503
  57.335630      26.125757      -0.0000000000000000       0.0000000000000000      50602
  60.461621      26.100637      -0.0000000000000000       0.0000000000000000      50602
  63.586939      26.075434      -0.0000000000000000       0.0000000000000000      50602
  66.711583      26.050221      -0.0000000000000000       0.0000000000000000        501
  69.835557      26.025074      -0.0000000000000000       0.0000000000000000        501
  72.958864      26.000068      -0.0000000000000000       0.0000000000000000        501
  76.081512      25.975276      -0.0000000000000000       0.0000000000000000        501
  79.203508      25.950773      -0.0000000000000000       0.0000000000000000        501
  82.324862      25.926630      -0.0000000000000000       0.0000000000000000        501
  85.445586      25.902920      -0.0000000000000000       0.0000000000000000        501
  88.565695      25.879713      -0.0000000000000000       0.0000000000000000        501
  91.685203      25.857077      -0.0000000000000000       0.0000000000000000        501
  94.804128      25.835080      -0.0000000000000000       0.0000000000000000        607
  97.922488      25.813786       0.0722993937157082      -0.1160016644901123        603
  101.040304      25.793259      -0.0000000000000000       0.0000000000000000        602
  104.157597      25.773558      -0.0000000000000000       0.0000000000000000        602
  107.274391      25.754743      -0.0000000000000000       0.0000000000000000        602
  110.390711      25.736869      -0.0000000000000000       0.0000000000000000        602
  113.506582      25.719987      -0.0000000000000000       0.0000000000000000        602
  116.622030      25.704149      -0.0000000000000000       0.0000000000000000        602
  119.737085      25.689401      -0.0000000000000000       0.0000000000000000        602
  122.851776      25.675787      -0.0000000000000000       0.0000000000000000        602
  125.966131      25.663345      -0.0000000000000000       0.0000000000000000          0
  129.080184      25.652114      -0.0000000000000000       0.0000000000000000          0
  132.193964      25.642126      -0.0000000000000000       0.0000000000000000          0
  135.307505      25.633410      -0.0000000000000000       0.0000000000000000          0
  138.420840      25.625992      -0.0000000000000000       0.0000000000000000          0
  141.534003      25.619895      -0.0000000000000000       0.0000000000000000          0
  144.647026      25.615135      -0.0000000000000000       0.0000000000000000          0
  44.800850      23.616853      -2.4039270002946411       0.7967230150773512        503
  47.929082      23.592816      -2.6884206932413854       0.8549388744720949        503
  51.056732      23.568399      -2.9648517898607771       0.9191992495877281        503
  54.183794      23.543674      -3.2324009005176197       0.9892889741310844        503
  57.310263      23.518715      -0.0000000000000000       0.0000000000000000      50602
  60.436135      23.493597      -0.0000000000000000       0.0000000000000000      50602
  63.561410      23.468394      -0.0000000000000000       0.0000000000000000      50602
  66.686088      23.443181      -0.0000000000000000       0.0000000000000000        501
  69.810171      23.418033      -0.0000000000000000       0.0000000000000000        501
  72.933663      23.393025      -0.0000000000000000       0.0000000000000000        501
  76.056570      23.368232      -0.0000000000000000       0.0000000000000000        501
  79.178899      23.343726      -0.0000000000000000       0.0000000000000000        501
  82.300659      23.319580      -0.0000000000000000       0.0000000000000000        501
  85.421861      23.295867      -0.0000000000000000       0.0000000000000000        501
  88.542516      23.272656      -0.0000000000000000       0.0000000000000000        501
  91.662640      23.250015      -0.0000000000000000       0.0000000000000000        607
  94.782247      23.228013      -0.0000000000000000       0.0000000000000000       7250
  97.901353      23.206714       0.0723431479313155      -0.1124291854219959        603
  101.019978      23.186182       0.0246663881949637      -0.0749154763964358      60401
  104.138139      23.166476      -0.0000000000000000       0.0000000000000000        602
  107.255858      23.147655      -0.0000000000000000       0.0000000000000000        602
  110.373157      23.129775      -0.0000000000000000       0.0000000000000000        602
  113.490058      23.112888      -0.0000000000000000       0.0000000000000000        602
  116.606586      23.097045      -0.0000000000000000       0.0000000000000000        602
  119.722765      23.082291      -0.0000000000000000       0.0000000000000000        602
  122.838622      23.068671      -0.0000000000000000       0.0000000000000000          0
  125.954182      23.056225      -0.0000000000000000       0.0000000000000000          0
  129.069473      23.044989      -0.0000000000000000       0.0000000000000000          0
  132.184524      23.034997      -0.0000000000000000       0.0000000000000000          0
  135.299363      23.026278      -0.0000000000000000       0.0000000000000000          0
  138.414020      23.018857      -0.0000000000000000       0.0000000000000000          0
  141.528524      23.012757      -0.0000000000000000       0.0000000000000000          0
  144.642905      23.007995      -0.0000000000000000       0.0000000000000000          0
  44.777649      21.009799      -2.4017891324200207       1.0734619733699209        503
  47.905478      20.985765      -2.6863030593377739       1.1257582306709157        503
  51.032797      20.961350      -2.9627688864628672       1.1834541915701910        503
  54.159599      20.936627      -3.2303667986099538       1.2463546541100103        503
  57.285881      20.911670      -3.4883042518721328       1.3142497750101287        503
  60.411639      20.886553      -0.0000000000000000       0.0000000000000000          0
  63.536872      20.861350      -0.0000000000000000       0.0000000000000000          0
  66.661581      20.836137      -0.0000000000000000       0.0000000000000000          0
  69.785768      20.810989      -0.0000000000000000       0.0000000000000000        501
  72.909436      20.785979      -0.0000000000000000       0.0000000000000000        501
  76.032591      20.761184      -0.0000000000000000       0.0000000000000000        501
  79.155239      20.736675      -0.0000000000000000       0.0000000000000000        501
  82.277388      20.712527      -0.0000000000000000       0.0000000000000000        501
  85.399047      20.688810      -0.0000000000000000       0.0000000000000000        501
  88.520229      20.665595      -0.0000000000000000       0.0000000000000000        501
  91.640943      20.642950      -0.0000000000000000       0.0000000000000000          0
  94.761205      20.620943      -0.0000000000000000       0.0000000000000000       7250
  97.881028      20.599640       0.0723852172361376      -0.1086265501737094        603
  101.000429      20.579102       0.0248844627353724      -0.0446663763285859      60301
  104.119425      20.559391      -0.0099290628589382      -0.0445802543715617      60405
  107.238033      20.540564      -0.0000000000000000       0.0000000000000000        602
  110.356273      20.522679      -0.0000000000000000       0.0000000000000000        602
  113.474165      20.505787      -0.0000000000000000       0.0000000000000000        602
  116.591730      20.489938      -0.0000000000000000       0.0000000000000000        612
  119.708990      20.475180      -0.0000000000000000       0.0000000000000000          0
  122.825968      20.461555      -0.0000000000000000       0.0000000000000000          0
  125.942687      20.449104      -0.0000000000000000       0.0000000000000000          0
  129.059170      20.437864      -0.0000000000000000       0.0000000000000000          0
  132.175443      20.427868      -0.0000000000000000       0.0000000000000000          0
  135.291530      20.419145      -0.0000000000000000       0.0000000000000000          0
  138.407458      20.411721      -0.0000000000000000       0.0000000000000000          0
  141.523253      20.405618      -0.0000000000000000       0.0000000000000000          0
  144.638940      20.400855      -0.0000000000000000       0.0000000000000000          0
  44.755245      18.402741      -2.3997243774735764       1.3480725857967204        503
  47.882685      18.378710      -2.6842576942020644       1.3943538202651653        503
  51.009683      18.354298      -2.9607569118154689       1.4453784680105759        503
  54.136234      18.329577      -3.2284018075078733       1.5009715462405271        503
  57.262333      18.304622      -3.4863992683927849       1.5609453042712482        503
  60.387979      18.279505      -0.0000000000000000       0.0000000000000000          0
  63.513170      18.254303      -0.0000000000000000       0.0000000000000000          0
  66.637908      18.229090      -0.0000000000000000       0.0000000000000000          0
  69.762194      18.203940      -0.0000000000000000       0.0000000000000000          0
  72.886032      18.178930      -0.0000000000000000       0.0000000000000000        501
  76.009425      18.154132      -0.0000000000000000       0.0000000000000000        501
  79.132381      18.129621      -0.0000000000000000       0.0000000000000000        501
  82.254905      18.105470      -0.0000000000000000       0.0000000000000000        501
  85.377006      18.081750      -0.0000000000000000       0.0000000000000000          0
  88.498693      18.058531      -0.0000000000000000       0.0000000000000000          0
  91.619978      18.035882      -0.0000000000000000       0.0000000000000000          0
  94.740872      18.013871      -0.0000000000000000       0.0000000000000000        607
  97.861387      17.992563       0.0724258621194901      -0.1046014943231077        603
  100.981538      17.972020       0.0250952034540365      -0.0143255741009720      60401
  104.101339      17.952304      -0.0097271765687636      -0.0142249427558623        604
  107.220806      17.933472      -0.0445170033381037      -0.0135506964992330      60405
  110.339955      17.915582      -0.0000000000000000       0.0000000000000000      60201
  113.458804      17.898684      -0.0000000000000000       0.0000000000000000          0
  116.577372      17.882831      -0.0000000000000000       0.0000000000000000          0
  119.695676      17.868067      -0.0000000000000000       0.0000000000000000          0
  122.813737      17.854438      -0.0000000000000000       0.0000000000000000          0
  125.931575      17.841982      -0.0000000000000000       0.0000000000000000          0
  129.049210      17.830738      -0.0000000000000000       0.0000000000000000          0
  132.166664      17.820738      -0.0000000000000000       0.0000000000000000          0
  135.283959      17.812012      -0.0000000000000000       0.0000000000000000          0
  138.401116      17.804585      -0.0000000000000000       0.0000000000000000          0
  141.518157      17.798480      -0.0000000000000000       0.0000000000000000          0
  144.635107      17.793714      -0.0000000000000000       0.0000000000000000          0
  44.733509      15.795681      -2.3977208974491502       1.6199817534787013        503
  47.860572      15.771653      -2.6822728856734566       1.6601643884840205        503
  50.987257      15.747243      -2.9588043598509466       1.7044240440619809        503
  54.113562      15.722525      -0.0000000000000000       0.0000000000000000          0
  57.239484      15.697570      -0.0000000000000000       0.0000000000000000          0
  60.365020      15.672455      -0.0000000000000000       0.0000000000000000          0
  63.490170      15.647253      -0.0000000000000000       0.0000000000000000          0
  66.614935      15.622039      -0.0000000000000000       0.0000000000000000          0
  69.739317      15.596889      -0.0000000000000000       0.0000000000000000          0
  72.863317      15.571877      -0.0000000000000000       0.0000000000000000          0
  75.986941      15.547078      -0.0000000000000000       0.0000000000000000        501
  79.110194      15.522565      -0.0000000000000000       0.0000000000000000        501
  82.233081      15.498411      -0.0000000000000000       0.0000000000000000          0
  85.355609      15.474687      -0.0000000000000000       0.0000000000000000          0
  88.477788      15.451465      -0.0000000000000000       0.0000000000000000          0
  91.599625      15.428812      -0.0000000000000000       0.0000000000000000          0
  94.721132      15.406797      -0.0000000000000000       0.0000000000000000       7250
  97.842318      15.385484       0.0724653142489241      -0.1003622376191405      60302
  100.963196      15.364936       0.0252998068148582       0.0160441450762097      60401
  104.083779      15.345215      -0.0095311595644091       0.0161601433164309        604
  107.204079      15.326379      -0.0443307156517545       0.0167673934024047        604
  110.324110      15.308483      -0.0000000000000000       0.0000000000000000          0
  113.443889      15.291581      -0.0000000000000000       0.0000000000000000        612
  116.563429      15.275722      -0.0000000000000000       0.0000000000000000          0
  119.682747      15.260954      -0.0000000000000000       0.0000000000000000          0
  122.801860      15.247320      -0.0000000000000000       0.0000000000000000          0
  125.920785      15.234860      -0.0000000000000000       0.0000000000000000          0
  129.039538      15.223612      -0.0000000000000000       0.0000000000000000          0
  132.158139      15.213608      -0.0000000000000000       0.0000000000000000          0
  135.276605      15.204879      -0.0000000000000000       0.0000000000000000          0
  138.394956      15.197449      -0.0000000000000000       0.0000000000000000          0
  141.513209      15.191341      -0.0000000000000000       0.0000000000000000          0
  144.631384      15.186574      -0.0000000000000000       0.0000000000000000          0
  44.712327      13.188619      -2.3957680422937364       1.8886227881611739        503
  47.839020      13.164594      -0.0000000000000000       0.0000000000000000          0
  50.965400      13.140186      -0.0000000000000000       0.0000000000000000          0
  54.091465      13.115470      -0.0000000000000000       0.0000000000000000          0
  57.217212      13.090517      -0.0000000000000000       0.0000000000000000          0
  60.342640      13.065402      -0.0000000000000000       0.0000000000000000          0
  63.467749      13.040201      -0.0000000000000000       0.0000000000000000          0
  66.592540      13.014987      -0.0000000000000000       0.0000000000000000          0
  69.717013      12.989836      -0.0000000000000000       0.0000000000000000          0
  72.841172      12.964823      -0.0000000000000000       0.0000000000000000          0
  75.965020      12.940022      -0.0000000000000000       0.0000000000000000        501
  79.088561      12.915506      -0.0000000000000000       0.0000000000000000        501
  82.211801      12.891350      -0.0000000000000000       0.0000000000000000          0
  85.334746      12.867623      -0.0000000000000000       0.0000000000000000          0
  88.457402      12.844397      -0.0000000000000000       0.0000000000000000          0
  91.579778      12.821741      -0.0000000000000000       0.0000000000000000          0
  94.701881      12.799721      -0.0000000000000000       0.0000000000000000          0
  97.823721      12.778403       0.0725037822410286      -0.0959174638160094      60302
  100.945308      12.757851       0.0254993509226504       0.0463799307225440      60402
  104.066652      12.738125      -0.0093399798058859       0.0465120795738461        604
  107.187764      12.719284      -0.0441490164529872       0.0470520068830251        604
  110.308656      12.701383      -0.0000000000000000       0.0000000000000000        612
  113.429340      12.684476      -0.0000000000000000       0.0000000000000000          0
  116.549829      12.668612      -0.0000000000000000       0.0000000000000000        613
  119.670136      12.653840      -0.0000000000000000       0.0000000000000000          0
  122.790274      12.640201      -0.0000000000000000       0.0000000000000000          0
  125.910259      12.627737      -3.7003836127991656      -4.9894807173838132        678
  129.030103      12.616485      -0.0000000000000000       0.0000000000000000          0
  132.149822      12.606478      -0.0000000000000000       0.0000000000000000          0
  135.269432      12.597745      -0.0000000000000000       0.0000000000000000          0
  138.388946      12.590313      -0.0000000000000000       0.0000000000000000          0
  141.508381      12.584203      -0.0000000000000000       0.0000000000000000          0
  144.627752      12.579433      -0.0000000000000000       0.0000000000000000          0
  44.691592      10.581555      -0.0000000000000000       0.0000000000000000          0
  47.817922      10.557533      -1.1896714225385963       1.0232437757731152        709
  50.944002      10.533128      -1.1733491685092177       1.0349964383156753        709
  54.069832      10.508413      -0.0000000000000000       0.0000000000000000          0
  57.195407      10.483461      -0.0000000000000000       0.0000000000000000          0
  60.320729      10.458348      -0.0000000000000000       0.0000000000000000          0
  63.445796      10.433146      -0.0000000000000000       0.0000000000000000          0
  66.570611      10.407932      -0.0000000000000000       0.0000000000000000          0
  69.695173      10.382781      -0.0000000000000000       0.0000000000000000          0
  72.819486      10.357767      -0.0000000000000000       0.0000000000000000          0
  75.943552      10.332964      -0.0000000000000000       0.0000000000000000        501
  79.067376      10.308446      -0.0000000000000000       0.0000000000000000        501
  82.190961      10.284287      -0.0000000000000000       0.0000000000000000          0
  85.314312      10.260557      -0.0000000000000000       0.0000000000000000          0
  88.437436      10.237327      -0.0000000000000000       0.0000000000000000          0
  91.560338      10.214667      -0.0000000000000000       0.0000000000000000          0
  94.683025      10.192643      -0.0000000000000000       0.0000000000000000          0
  97.805505      10.171322       0.0725414564362376      -0.0912763002451461      60302
  100.927785      10.150765       0.0013293945082748      -0.0004401046828881        647
  104.049874      10.131034      -0.0091526948854814       0.0767680136801960      60402
  107.171781      10.112188      -0.0439710106499468       0.0772404005025208        604
  110.293515      10.094283      -0.0000000000000000       0.0000000000000000        612
  113.415086      10.077371      -0.0000000000000000       0.0000000000000000        613
  116.536504      10.061502      -0.0000000000000000       0.0000000000000000        613
  119.657779      10.046725      -0.0000000000000000       0.0000000000000000          0
  122.778923      10.033082      -0.0000000000000000       0.0000000000000000          0
  125.899945      10.020614      -0.0000000000000000       0.0000000000000000          0
  129.020858      10.009358      -0.0000000000000000       0.0000000000000000          0
  132.141673       9.999347      -0.0000000000000000       0.0000000000000000          0
  135.262403       9.990611      -0.0000000000000000       0.0000000000000000          0
  138.383058       9.983176      -0.0000000000000000       0.0000000000000000          0
  141.503651       9.977064      -0.0000000000000000       0.0000000000000000          0
  144.624194       9.972293      -0.0000000000000000       0.0000000000000000          0
  44.671206       7.974490      -1.2025256137199505       1.0094501444834005        709
  47.797179       7.950470      -1.1897679505936889       1.0184530001726908        709
  50.922964       7.926068      -0.0000000000000000       0.0000000000000000          0
  54.048560       7.901354      -0.0000000000000000       0.0000000000000000          0
  57.173967       7.876404      -0.0000000000000000       0.0000000000000000          0
  60.299183       7.851291      -0.0000000000000000       0.0000000000000000          0
  63.424209       7.826090      -0.0000000000000000       0.0000000000000000          0
  66.549046       7.800876      -0.0000000000000000       0.0000000000000000          0
  69.673695       7.775724      -0.0000000000000000       0.0000000000000000          0
  72.798158       7.750709      -0.0000000000000000       0.0000000000000000          0
  75.922438       7.725904      -0.0000000000000000       0.0000000000000000        501
  79.046538       7.701385      -0.0000000000000000       0.0000000000000000          0
  82.170462       7.677222      -0.0000000000000000       0.0000000000000000        502
  85.294212       7.653490      -0.0000000000000000       0.0000000000000000          0
  88.417795       7.630257      -0.0000000000000000       0.0000000000000000          0
  91.541214       7.607593      -0.0000000000000000       0.0000000000000000          0
  94.664475       7.585565      -0.0000000000000000       0.0000000000000000          0
  97.787583       7.564239       0.0725785129229702      -0.0864482970322576      60302
  100.910545       7.543678       0.0013315879571974      -0.0001063062116726        647
  104.033367       7.523942      -0.0089684321955921       0.1068652948437235      60402
  107.156056       7.505092      -0.0437958693198705       0.1072700395098758      60402
  110.278618       7.487181      -0.0000000000000000       0.0000000000000000        613
  113.401061       7.470265      -0.0000000000000000       0.0000000000000000        613
  116.523393       7.454392      -0.0000000000000000       0.0000000000000000          0
  119.645621       7.439610      -0.0000000000000000       0.0000000000000000          0
  122.767752       7.425962      -0.0000000000000000       0.0000000000000000          0
  125.889796       7.413490      -0.0000000000000000       0.0000000000000000          0
  129.011761       7.402231      -0.0000000000000000       0.0000000000000000          0
  132.133654       7.392216      -0.0000000000000000       0.0000000000000000          0
  135.255485       7.383477      -0.0000000000000000       0.0000000000000000          0
  138.377263       7.376040      -0.0000000000000000       0.0000000000000000          0
  141.498995       7.369925      -0.0000000000000000       0.0000000000000000          0
  144.620692       7.365152      -0.0000000000000000       0.0000000000000000          0
  44.651079       5.367423      -1.2025961961371778       1.0055596929787094        709
  47.776698       5.343407      -1.1898631057398252       1.0115932740458171        709
  50.902191       5.319006      -0.0000000000000000       0.0000000000000000          0
  54.027556       5.294295      -0.0000000000000000       0.0000000000000000          0
  57.152794       5.269346      -0.0000000000000000       0.0000000000000000          0
  60.277905       5.244234      -0.0000000000000000       0.0000000000000000          0
  63.402889       5.219034      -0.0000000000000000       0.0000000000000000          0
  66.527748       5.193819      -0.0000000000000000       0.0000000000000000          0
  69.652482       5.168667      -0.0000000000000000       0.0000000000000000          0
  72.777093       5.143650      -0.0000000000000000       0.0000000000000000          0
  75.901584       5.118844      -0.0000000000000000       0.0000000000000000          0
  79.025956       5.094322      -0.0000000000000000       0.0000000000000000          0
  82.150213       5.070157      -0.0000000000000000       0.0000000000000000          0
  85.274357       5.046421      -0.0000000000000000       0.0000000000000000          0
  88.398392       5.023185      -0.0000000000000000       0.0000000000000000          0
  91.522321       5.000518      -0.0000000000000000       0.0000000000000000          0
  94.646148       4.978486       0.0021190648267548       0.0002386637627930      67352
  97.769877       4.957155       0.0017289728644223       0.0002322586370664      67301
  100.893512       4.936590       0.0013337549935455       0.0002276759479993        647
  104.017058       4.916850       0.0009345854329771       0.0002249026038332      64701
  107.140518       4.897994      -0.0436228134820252       0.1370787263132724      60402
  110.263898       4.880079      -0.0000000000000000       0.0000000000000000      61404
  113.387203       4.863158      -0.0000000000000000       0.0000000000000000          0
  116.510437       4.847281      -0.0000000000000000       0.0000000000000000          0
  119.633606       4.832494      -0.0000000000000000       0.0000000000000000          0
  122.756714       4.818843      -0.0000000000000000       0.0000000000000000          0
  125.879767       4.806367      -0.0000000000000000       0.0000000000000000          0
  129.002770       4.795103      -0.0000000000000000       0.0000000000000000          0
  132.125729       4.785085      -0.0000000000000000       0.0000000000000000          0
  135.248649       4.776343      -0.0000000000000000       0.0000000000000000          0
  138.371536       4.768903      -0.0000000000000000       0.0000000000000000          0
  141.494394       4.762786      -0.0000000000000000       0.0000000000000000          0
  144.617231       4.758012      -0.0000000000000000       0.0000000000000000          0
  44.631123       2.760356      -1.2026660307076573       0.9996261000680418        709
  47.756391       2.736342      -0.0000000000000000       0.0000000000000000          0
  50.881593       2.711944      -0.0000000000000000       0.0000000000000000          0
  54.006729       2.687235      -0.0000000000000000       0.0000000000000000          0
  57.131799       2.662288      -0.0000000000000000       0.0000000000000000          0
  60.256805       2.637176      -0.0000000000000000       0.0000000000000000          0
  63.381747       2.611976      -0.0000000000000000       0.0000000000000000          0
  66.506625       2.586762      -0.0000000000000000       0.0000000000000000          0
  69.631443       2.561608      -0.0000000000000000       0.0000000000000000          0
  72.756200       2.536590      -0.0000000000000000       0.0000000000000000          0
  75.880898       2.511783      -0.0000000000000000       0.0000000000000000          0
  79.005540       2.487259      -0.0000000000000000       0.0000000000000000          0
  82.130127       2.463091      -0.0000000000000000       0.0000000000000000          0
  85.254661       2.439353      -0.0000000000000000       0.0000000000000000          0
  88.379144       2.416113      -0.0000000000000000       0.0000000000000000          0
  91.503579       2.393442      -0.0000000000000000       0.0000000000000000          0
  94.627967       2.371406      -0.0000000000000000       0.0000000000000000          0
  97.752311       2.350071       0.0017311820552122       0.0005619534311964      67352
  100.876613       2.329501       0.0013359049346665       0.0005611508426663      67301
  104.000876       2.309757       0.0009366616044110       0.0005611748184345      64701
  107.125101       2.290897       0.0005346386893484       0.0005620000388072      64701
  110.249293       2.272977      -0.0000000000000000       0.0000000000000000          0
  113.373452       2.256051      -0.0000000000000000       0.0000000000000000          0
  116.497581       2.240169      -0.0000000000000000       0.0000000000000000          0
  119.621683       2.225378      -0.0000000000000000       0.0000000000000000          0
  122.745760       2.211723      -0.0000000000000000       0.0000000000000000          0
  125.869814       2.199243      -0.0000000000000000       0.0000000000000000          0
  128.993848       2.187975      -3.8668159592275266      -3.9481136775251340        679
  132.117864       2.177954      -0.0000000000000000       0.0000000000000000          0
  135.241865       2.169209      -0.0000000000000000       0.0000000000000000          0
  138.365852       2.161766      -0.0000000000000000       0.0000000000000000          0
  141.489828       2.155648      -0.0000000000000000       0.0000000000000000          0
  144.613796       2.150871      -0.0000000000000000       0.0000000000000000          0
  44.611255       0.153289      -0.0000000000000000       0.0000000000000000          0
  47.736173       0.129278      -0.0000000000000000       0.0000000000000000          0
  50.861084       0.104882      -0.0000000000000000       0.0000000000000000          0
  53.985990       0.080175      -0.0000000000000000       0.0000000000000000          0
  57.110893       0.055228      -0.0000000000000000       0.0000000000000000          0
  60.235793       0.030118      -0.0000000000000000       0.0000000000000000          0
  63.360692       0.004918      -0.0000000000000000       0.0000000000000000          0
  66.485590      -0.020296      -0.0000000000000000       0.0000000000000000          0
  69.610489      -0.045450      -0.0000000000000000       0.0000000000000000          0
  72.735391      -0.070469      -0.0000000000000000       0.0000000000000000          0
  75.860295      -0.095279      -0.0000000000000000       0.0000000000000000          0
  78.985205      -0.119805      -0.0000000000000000       0.0000000000000000          0
  82.110120      -0.143975      -0.0000000000000000       0.0000000000000000          0
  85.235041      -0.167716      -0.0000000000000000       0.0000000000000000          0
  88.359970      -0.190959      -0.0000000000000000       0.0000000000000000          0
  91.484907      -0.213634      -0.0000000000000000       0.0000000000000000          0
  94.609853      -0.235674      -0.0000000000000000       0.0000000000000000          0
  97.734809      -0.257013      -0.0000000000000000       0.0000000000000000          0
  100.859776      -0.277587       0.0013380468102400       0.0008934283411392      67301
  103.984753      -0.297336       0.0009387300893587       0.0008962613463570        673
  107.109741      -0.316201       0.0005366201776935       0.0008989020865679      64701
  110.234740      -0.334125      -0.0000000000000000       0.0000000000000000        614
  113.359750      -0.351056      -0.0000000000000000       0.0000000000000000        614
  116.484771      -0.366942      -0.0000000000000000       0.0000000000000000      61405
  119.609802      -0.381737      -0.0000000000000000       0.0000000000000000          0
  122.734844      -0.395397      -0.0000000000000000       0.0000000000000000          0
  125.859896      -0.407881      -0.0000000000000000       0.0000000000000000          0
  128.984957      -0.419152      -3.8659028746917525      -3.6830501078648314        680
  132.110027      -0.429177      -0.0000000000000000       0.0000000000000000          0
  135.235104      -0.437925      -0.0000000000000000       0.0000000000000000          0
  138.360188      -0.445370      -0.0000000000000000       0.0000000000000000          0
  141.485278      -0.451491      -0.0000000000000000       0.0000000000000000          0
  144.610372      -0.456270      -0.0000000000000000       0.0000000000000000          0
>